2.770827365444104018e-01,2.261740643894046832e-01,1.692101037806940100e-01
7.709617135153309375e-01,5.665976569831698839e-01,8.668195309470735355e-01
7.691566670801897043e-02,1.906837264113966368e-01,8.763628783742597461e-01
1.905228113913214338e-01,9.573853636105522646e-03,5.242401568488168628e-01
4.730886342114476451e-01,6.289568514929267939e-01,5.853047823919195203e-01
2.095870171661293746e-01,3.988480031229947320e-01,1.348103484492102488e-03
2.095828753530215582e-02,8.493379984683963047e-01,9.584713599237771886e-01
9.321701900201678770e-01,1.988799153008528053e-01,4.232704002658141951e-01
2.257829325289847366e-01,3.116058891425493860e-01,9.837409452652532416e-01
7.852346049069678369e-01,6.814930711477248382e-01,7.442278655521588071e-01
4.380135244506220271e-01,5.206923776479810417e-01,1.164647570236669871e-01
4.669264626651690175e-01,4.509331947936149332e-01,2.357275485044514340e-01
6.289492143976005423e-03,9.704135991151564555e-01,5.832005167942990731e-01
2.589922390422714216e-01,3.905905046221276322e-01,1.430566330453793000e-01
9.551808939696547762e-01,2.892800806499579158e-01,6.252795545526281806e-01
3.756047090791890808e-01,9.928677736059665637e-02,7.748497833690128900e-01
3.046531736058956108e-01,8.754335582503627311e-01,2.911732170184841983e-01
3.095110607351168053e-01,7.335345126886669842e-01,1.258929917955342592e-01
6.589868866023442795e-01,7.003982901693017737e-01,9.302696623386246255e-01
7.148002822803253276e-01,5.597860941519104960e-01,3.413923979996137392e-01
5.560655797658428101e-01,9.077453214286234084e-01,4.007772973703087604e-01
7.058999082060685160e-01,3.298787421396776054e-02,5.652976024899433183e-01
1.369869467265730778e-01,5.339145482225671202e-01,4.925804312753124803e-01
5.751608624798119074e-01,1.051563043249170715e-02,4.371658048004982700e-01
9.942969889399383421e-01,3.506395935856079227e-01,4.577988716953841353e-01
1.631872388092524551e-01,7.189809296661370253e-01,8.878715272297027505e-01
6.527382615464062399e-01,7.489171695387724093e-01,1.978886491466935738e-03
2.668679751445303117e-01,7.324074012830362745e-01,4.352442942377595658e-01
8.466537369904777455e-01,3.101354974799391817e-01,2.112762239591335911e-01
8.059314349186660342e-01,2.137046825624101531e-01,2.026276717310160347e-01
2.695375982784342650e-01,3.080111435109591511e-01,5.269928215683283845e-02
2.788841710206126923e-01,4.975627642424232944e-01,2.864964938946352735e-01
9.888776264363327018e-01,3.443504061721093246e-01,2.001816336980953848e-01
6.964785641394216631e-01,8.104216565268350658e-01,5.332443381895113355e-01
4.252197405420913290e-01,1.451518582909833155e-01,8.686546503249933382e-01
8.046159941032737795e-02,2.028090514452838278e-01,3.710540825034802648e-02
2.042408878089295721e-01,4.532843396660795054e-01,5.878389244850251716e-01
2.006804915290223423e-01,8.267112980299817782e-02,1.977418338883256688e-01
5.397471634251028716e-01,2.346761326541303427e-01,2.117167770803508597e-01
1.402374276840592238e-01,8.533847876332090188e-01,5.842006172821090360e-02
1.783121352351132449e-01,1.765444403759349745e-01,4.824400808962132636e-01
8.615230108043929746e-01,7.606845377116053797e-01,5.408994318687690983e-01
1.816022252639480916e-01,9.842303441194907299e-01,3.840978664078410487e-01
2.645176891593793433e-01,3.170999557237229594e-01,2.474851652324552287e-01
6.334510318985655530e-01,8.557135830609007288e-01,5.559164569899247565e-01
7.632679555271032479e-01,5.650908166072121652e-02,5.359395651921574633e-01
2.359949597495771823e-01,9.439328825721575722e-01,9.453905025593862810e-01
5.368520386764470409e-01,6.233014928850830749e-01,1.959133171551600272e-01
2.813858022098013612e-01,8.774559963140268204e-01,1.372116131495793034e-01
2.647384177837882602e-01,8.062650377442165395e-01,6.728940624731201137e-01
7.795565669651668417e-01,8.333520033988885967e-01,2.164172939768430615e-01
5.349447338298621846e-01,4.003364815765829698e-01,7.825060009820701268e-01
3.361820946011405686e-01,3.105983633768341079e-01,6.446845720974523353e-01
3.297659889632357233e-01,9.756023471402549552e-01,2.105646834049571536e-01
8.615081703219056308e-01,6.507656972957048813e-01,4.312122810942139450e-01
5.433624544928677969e-01,9.151312683928900515e-01,5.224068439343745318e-01
9.926600456363152691e-01,2.424644625261872521e-01,1.863164691465036826e-01
1.591862412457328846e-01,9.831658424625280279e-01,8.753057322072351765e-01
6.533088628453507241e-01,9.403742901681986233e-01,8.489340123004637251e-01
2.667019549148886837e-01,1.125074195940489741e-01,6.413565247255226254e-01
5.658247228949156993e-01,6.734035193853629142e-01,7.540033508255195027e-02
2.296101622901777217e-01,3.766820795342888939e-01,2.526651209631048944e-01
2.299386413318524891e-01,6.573402505870281631e-01,1.761645983559126938e-01
1.240584632232095696e-01,9.862640221192394696e-01,8.453587698584665855e-01
4.655465925845494457e-01,5.125853960563060419e-01,3.032446504657938524e-01
2.737482667021140514e-02,5.212395256352952977e-02,5.384273335408750194e-01
8.505787875910488793e-01,3.453914141793476000e-01,1.986345398607568535e-01
8.575340057341267475e-01,3.548943079488473540e-01,6.429127319016739728e-01
2.773299543395735256e-01,8.491798829902639234e-01,6.759649521894695035e-01
4.824705682575179955e-01,1.064088905784577044e-03,9.072483751587174794e-01
8.114087536481962015e-01,9.121808086331313348e-01,4.530220464486844900e-02
5.799905819137919361e-01,4.995044456733956917e-01,4.329493154944519251e-01
7.919206480262593884e-01,3.836849029210903650e-01,5.715405610079449250e-02
4.905203010961012300e-02,5.034374355040638349e-01,2.904606973579787477e-01
2.926110674864880190e-01,9.780874564044592656e-01,7.554498958877872150e-01
1.630054098163280507e-01,5.625523055452327226e-01,1.052030768394272009e-01
9.657141106543629672e-01,5.172095185953795582e-02,4.450944878240825631e-02
5.677418652634919072e-01,4.773300552414705411e-01,7.108211940151430985e-01
4.119549960036336111e-01,7.647754496767044108e-01,2.072452500052697211e-01
4.947171806650707548e-02,6.799796608091321914e-01,6.224731742344608021e-01
4.405197964595969351e-01,3.799053896603151736e-01,8.388049970037592118e-01
2.159936812893595848e-01,5.822844590780107410e-02,4.505990715934905522e-01
8.273625781320650407e-01,8.470620778461687150e-01,6.409939629184495669e-01
8.379061025264796791e-01,4.478836488476869437e-01,4.116249685964814553e-01
9.977552973238934531e-02,8.971671716699197718e-01,9.895554318928391213e-01
3.008294930044727034e-01,7.309699005915438752e-01,1.786271392428637750e-01
3.598522519032389955e-01,2.875718221260555874e-01,4.670235771641020328e-01
6.202600262001636278e-01,9.638947263438862878e-01,9.947919626896373213e-01
1.660890459669007724e-01,2.874965173780790195e-01,3.029723148593310711e-02
8.266790040973825970e-02,2.794092878713704264e-01,8.942319093400747931e-01
2.874514376738752652e-01,2.156461274830504538e-01,3.770511608581595953e-01
7.730070174998560084e-01,4.832700588781253526e-01,5.168545491448365281e-01
9.453243809695642819e-01,6.729750136532925975e-01,6.315733221681356646e-01
3.058222459535856474e-01,1.842099967063777211e-01,7.322837816697046476e-01
1.920910166841732769e-01,4.965627572775139775e-01,9.623841487787120341e-01
1.452202538741037552e-01,7.357353349744030213e-01,3.048897312231266810e-01
7.204491940305102204e-01,1.077616221539892116e-01,1.165951130431054361e-01
7.506970988093701891e-01,3.122332249196280163e-01,6.937202016435860541e-01
5.978781823958477792e-01,5.465140665059596836e-01,4.833971359646842547e-01
6.516668159812273320e-01,5.637277232676561889e-01,4.815207023215023474e-01
