5.296050386652237929e-01,4.040764967225003446e-01,3.639222198451443901e-01
8.274481873987734604e-01,4.921957655658503183e-01,5.438164456546684677e-01
9.046315292387185902e-01,9.733689923456489979e-01,4.541656862053655708e-03
8.989925076917012481e-01,9.443804333189763645e-01,6.397538856944733343e-01
4.644417802797455863e-01,7.645135910923678280e-01,2.034264946696617837e-01
7.797622594794663131e-01,9.275237562030933525e-01,3.514279617518933918e-01
2.929512817024771953e-01,3.162701555547873244e-01,1.409252746604933160e-01
7.546638325989966090e-01,9.382268359276216829e-01,8.154896996845885093e-01
3.866579690695722826e-01,9.753631246023370949e-01,4.359607617811743774e-01
6.096466714169218593e-01,9.011419592140598178e-01,5.307650988923442448e-01
5.780268484512481875e-01,3.343286192912165999e-01,3.033779296061958064e-01
1.135584795748623144e-01,8.465157251832933216e-01,8.983364438581518119e-01
6.176815862068995022e-01,3.140274305210807304e-01,8.514248283454181054e-01
5.616532864400003433e-03,8.083845778331744114e-01,4.076405804534151134e-01
2.784039235598309014e-01,1.389519919041266593e-01,5.812933238879460784e-01
4.833516104127904001e-01,4.062566476577209595e-01,3.474194352143799014e-01
5.856260926233634034e-01,9.430268018987859602e-01,8.977856088864674122e-01
2.461979913057632530e-01,9.187675489281055263e-02,4.915586320810265697e-01
2.349174665455031619e-01,1.592923274027077118e-01,9.436632030679262817e-01
6.545613533928010819e-01,4.851338052512277343e-02,5.692617249796784185e-01
8.374955190022771445e-01,7.770010272585434752e-01,9.298168774326376340e-01
1.890012970838217399e-01,8.159560220472548142e-01,4.849166188087319362e-01
9.519726116289323192e-01,5.964211402736044887e-01,5.015764678854470748e-01
5.363587700114480494e-02,2.211565664709564949e-01,1.835252969304270731e-01
3.858575468140296172e-01,8.148014376229560929e-01,5.379226420762260874e-01
7.464588915704861716e-02,4.575860612013920026e-01,3.689708517695458045e-01
3.426645984879809204e-01,2.487250397643047117e-01,8.618864146818189242e-01
7.389279502556886925e-01,4.219740307483156316e-01,6.373878079641654981e-01
6.306816727777829756e-01,4.267046028722647488e-01,6.638517634084414309e-01
3.607077332530550517e-01,7.697115698168238707e-01,4.745588669287634787e-01
3.870825003374110951e-01,5.864226833151422458e-01,9.948526374307964382e-01
6.548774913140847920e-01,2.141101755699112985e-01,1.783798601973993758e-01
3.869893667964103834e-01,6.276156637979631858e-01,1.226699435257021520e-01
3.545836063690138706e-01,6.073101977791783845e-01,2.422086669044881679e-01
1.779847311540053711e-01,4.007412861286906436e-01,5.351034554580383906e-01
2.298091537971348464e-01,8.985207667109141871e-01,8.520024776096782881e-01
8.317455917724879688e-01,7.127323204589529615e-01,3.015882832431563410e-01
1.689194451580000589e-02,2.817061452249759457e-01,2.869221274832751689e-01
6.592942271714030689e-03,3.124972529366105700e-01,6.003944165188184190e-01
5.721822216030214570e-02,3.922423546564246521e-01,7.166311947581600617e-01
4.855591428765589912e-01,7.032400488733273614e-01,7.733145222386300643e-01
4.265082374838646828e-01,6.818687365523075083e-01,9.685397354883162890e-02
6.551800831561103156e-01,7.622296207604274398e-01,4.508674291393377498e-01
9.678277310107952225e-02,9.431492602221835941e-01,6.462806689455907749e-01
6.629980401766444320e-01,9.050112216675276766e-02,7.831329313960685434e-01
1.728305583943964274e-01,9.129531759534964541e-01,2.487857368531256608e-01
4.876220469594569895e-01,4.447442290868357517e-01,6.274615072949846217e-01
3.093417223716588005e-02,9.932518670452906706e-01,7.110700208520357446e-01
9.838150945270963676e-01,6.514286372000293035e-01,5.752259187926522799e-02
4.679041930367510149e-01,4.044093739055538705e-01,1.693617552517454605e-01
5.892756006541997049e-01,1.187867413061404198e-01,6.969444408368450361e-01
3.273711166730223221e-01,3.116779464888974616e-02,9.076962965322420418e-01
1.425020492678563677e-01,1.864256606545114936e-01,8.050057719757989227e-01
6.428591453360938957e-01,8.370380186374006826e-01,7.868585091034181467e-01
9.127230716123335696e-02,4.426763323360460856e-02,4.773085971990269627e-01
8.145915509159074031e-02,7.354603026310871927e-01,2.625835435662573492e-01
3.644065309225680283e-01,7.038540061514697577e-02,7.888826054611919325e-01
6.620700913058624737e-01,5.857335582759600756e-01,3.046423742840798088e-02
7.436627082681932510e-01,5.701093872233753412e-02,8.784548978494544080e-01
1.985489406865225126e-01,8.217207514309710081e-02,4.410563973641603575e-01
8.719135196608762683e-02,5.385871092708606200e-01,3.202553895018259711e-01
9.197101825213218618e-01,4.034658985134574882e-01,6.604084953636996103e-01
9.199218772878107186e-01,6.766499797869478527e-01,4.654874698109152664e-01
4.940456784209581453e-01,9.984865989227320604e-03,4.123857805789776787e-01
1.588920238914577343e-01,4.336839531599766540e-01,6.018437482385841086e-01
4.926142205591617085e-01,2.453549963563421699e-01,1.213388374557423655e-01
6.378819330973917179e-02,4.236087630395205528e-01,6.919482625942317000e-01
1.215179957826432178e-01,8.294579280563150192e-01,2.668983470781383094e-02
7.743833541214311111e-01,4.181933893190259433e-02,7.871068319492695586e-01
7.805970498163175009e-01,2.245744673197429542e-01,1.410146656781599006e-01
4.249450781615777828e-01,7.994306591489241942e-01,3.006165466851509205e-01
5.781557800755356968e-01,4.163088399094929670e-01,1.985885117504062602e-01
8.868089502604271646e-01,8.732460970901101405e-02,7.287160873457467769e-01
7.895055428153270327e-01,6.594060268774465383e-01,4.919228057048202762e-01
2.374615717356693967e-01,7.613075581817129178e-01,4.325068010934881579e-01
1.241656874424532653e-01,3.839793817860397418e-01,8.565937927344436931e-01
7.536362326280702240e-01,7.180418701654336378e-01,4.596177387176082485e-01
3.149821771005026916e-01,1.939073084793855317e-01,8.658214585010181041e-01
6.791952936151358644e-01,5.249407294558608994e-01,1.645726457914601371e-01
6.658795151454514061e-01,8.572574814283829836e-01,5.756404337298388629e-01
7.778259467366577251e-01,1.571704301196773512e-01,6.875008932470044742e-01
2.517754989584470859e-01,4.029348582808678358e-01,3.888728745297317380e-01
7.687623368940761370e-01,3.258909590247941468e-01,6.404668180660982868e-01
1.807112571579460036e-01,4.172891538007962309e-01,8.853569599353916519e-01
5.982076989043935145e-01,3.627870637196761727e-02,4.010715813313535660e-01
5.961206734937589680e-01,5.273032386906060243e-01,4.878017883444585312e-01
5.740962457737988078e-01,8.307794929675771378e-02,1.720195649968900842e-01
2.233804508954618795e-01,2.471163847506639977e-01,3.733275328196450360e-01
6.950510588984479821e-01,7.953275617070570958e-01,7.515570401294819902e-01
9.567592861291742690e-01,6.244320841785285792e-01,8.387211912887080345e-01
4.364939194510425446e-01,3.275294259378073169e-01,1.062899770339523764e-01
2.737076644517187907e-01,6.730725690207940426e-01,1.523845006196222762e-02
7.295508061277581335e-01,1.530469427473712951e-02,6.722356558063501408e-01
8.299252377086777654e-01,4.728590526514381276e-01,1.789854912603952020e-01
9.859614637876150667e-01,9.896461784942284234e-01,2.821570694108499477e-01
7.876043819684364067e-01,6.401539184132919447e-01,9.426472636216390866e-01
4.861393234071836877e-01,8.643144097719583918e-01,4.129241739252516030e-01
1.802794376264612586e-01,8.594299328580818909e-01,7.240608532304462219e-01
1.519423843068334889e-02,2.185374317940418365e-01,7.836479775253321067e-01
8.158166276254773530e-01,1.145986523427706683e-01,9.944080608635238461e-01
4.533721337147978980e-01,6.410310997972407110e-01,7.313122078877196675e-01
2.765742747238728594e-01,4.421848043730635114e-01,3.163352230305684909e-01
4.550217502379287904e-01,6.926253118925955743e-01,8.077026074746244122e-01
3.468521352899400778e-02,8.326852676400673392e-01,9.769012344112557589e-01
3.515525042013435408e-01,7.869127058982720024e-01,7.016994033191458202e-01
6.576626535362384285e-02,1.956140869723972386e-01,5.923178479369315408e-01
3.734428379537395593e-01,4.812905246809481286e-01,9.920766388156836424e-01
2.815723612827467637e-01,6.237031411214614129e-01,5.924523118860162141e-01
3.176430481950436313e-01,5.572058342172986345e-01,8.269901806501291919e-01
8.778276635619804980e-01,8.906828337569813181e-01,5.857633262208510327e-01
5.040627718288664960e-01,4.192467479234618377e-01,6.344240617151946093e-01
9.157367188653546819e-01,9.140592410751979813e-02,8.712269932850347232e-02
1.468101415918146024e-01,9.461485213382272441e-01,7.039908001055872333e-02
1.401497389081057809e-01,9.681845821890999737e-01,4.722912135260801669e-01
1.764654580876907630e-01,7.762514718385149504e-01,6.164706955750505202e-01
8.832995752141039603e-01,1.615976257502611535e-01,6.381083944201649816e-01
3.352977560889855990e-01,3.514349477157968638e-01,4.359460793124593225e-01
3.866379278333775815e-02,7.720585765328433769e-01,9.171887892705049561e-01
9.325040131931431331e-01,1.626083274377542187e-01,6.579782587934943638e-01
5.478703492208342185e-01,6.196453150994352121e-01,8.473446915382121247e-01
7.810534629779284366e-01,7.107348485446933761e-01,9.159835225189055796e-01
1.378514053335984091e-01,5.198778112816715424e-02,7.138399852285671754e-01
2.787343622292869361e-01,9.365181545672586205e-01,2.830433803901832857e-02
6.147866270716645376e-01,5.219535279493515700e-01,9.443352499347311690e-01
3.162299545490065977e-02,4.931316214747115678e-01,5.092776222571617772e-01
1.567514399402810676e-01,5.532989912462332738e-01,2.133416608560058103e-01
8.332913371012906634e-01,6.314607627125934375e-01,6.237247924318499726e-01
8.436600949102345259e-01,8.077434687186756390e-01,8.535928517827341411e-01
3.647614051969655380e-01,3.223671486462471591e-01,2.367253922596395110e-01
7.800409613122347707e-01,5.814951448382770227e-01,9.370312464299357380e-02
5.097340118064457304e-01,1.917246133541967712e-01,3.304195147151086642e-01
1.726718610550180832e-01,8.921745092807031874e-01,6.602001840353645123e-01
2.685716937618292111e-01,6.974971596288718212e-01,2.586936935449561936e-01
7.648620262145963133e-01,6.406135461332906900e-01,9.426473783566459153e-01
7.843286415170455106e-01,4.391855796712768045e-01,2.220984617340461265e-01
7.538262033572066256e-01,4.145505708179088034e-01,3.912137235219023124e-01
4.888848963525327385e-02,2.140522358042942219e-01,7.507766719290031032e-01
1.349551951696855712e-01,9.826637866565209878e-01,1.828691827602779707e-02
7.852785170341726184e-01,7.475025975414575363e-01,6.390392858409427168e-01
9.038729181406606195e-01,7.220851389512612517e-01,4.200693584440485795e-01
7.713560410041221393e-01,6.549626542549514818e-01,9.286461881113717842e-01
7.826320252487306561e-01,5.880459405650309002e-01,4.421111651569220591e-03
2.211241715741402158e-01,5.749160574356332321e-01,5.434328652776855284e-01
3.469706830125666164e-01,8.731633140485873801e-01,7.983980139875554993e-01
7.490967423031416050e-01,1.623842364901983970e-03,3.043135924343999266e-01
9.792785751898843705e-01,2.396794029285318484e-01,6.110298254180970279e-01
9.690083080773155277e-01,6.646014664934687399e-01,5.933948419903537497e-01
8.154493337295761757e-01,7.293837465236223672e-01,2.629034758536109573e-01
8.573687894038198865e-01,9.236031718775421506e-01,9.943086051492794342e-01
2.892908275764641823e-01,9.205789608657913847e-01,3.793276085439789558e-01
2.034692523537970921e-01,2.902580595065917812e-01,5.840777496675494396e-01
6.604889451966856617e-01,2.850391881922109683e-01,8.172144147144184689e-01
5.480719663050784840e-01,5.271281461149024405e-01,1.373990886092578689e-01
8.157398504300547026e-01,3.447483032721965213e-01,5.256788703684618369e-01
5.297677957261415216e-02,8.715517777361436735e-02,7.161642121555006346e-01
2.097974843850047844e-01,5.977426658326651099e-01,2.068051939970446673e-01
1.324488355755363278e-01,1.616144323451157438e-01,5.647038294393127433e-01
6.969354618277023850e-02,6.883994157822174165e-01,4.903718324077320778e-01
9.898418526084220570e-01,9.278488436001409712e-01,4.136817539692005941e-01
2.278463672368913340e-02,1.227178563740752848e-01,1.077607216600396933e-01
3.023314771756373531e-01,3.333121501123882391e-01,4.560836489680455408e-01
4.833297450477797019e-01,8.356104568100894969e-01,1.804296116565835550e-01
8.796838761958576391e-01,4.931742567418500034e-01,6.341169664803190109e-01
7.533941371673025245e-02,9.440936198850284899e-01,6.397564277750625861e-01
4.214429301473362477e-01,4.924960432392457843e-01,7.364985190471399212e-01
2.931304183532544849e-01,4.510172404936699797e-01,4.819276722726297812e-01
5.718363196506582868e-01,5.135204620092709282e-01,9.067003117618096519e-01
7.184312608968501657e-02,1.050612387399025849e-01,9.225044037845218092e-01
8.712735645475764290e-01,7.321969981162996799e-01,8.904532612926666646e-01
1.342886156817654220e-01,4.997674163483811771e-01,2.462686855132861785e-01
6.122246717978898634e-01,1.985648314531266445e-01,6.102303557901045394e-01
3.031563405135178080e-01,4.107255413259663923e-01,8.924238069281242858e-02
8.682903970908018021e-02,1.105199738539321963e-01,3.940931380687456853e-01
4.326105068109717955e-01,9.543515880906786597e-01,5.891044134819204414e-01
7.829052416184608676e-01,4.938864741996893404e-01,9.767932105099558227e-01
3.999362402741865052e-01,4.670513412499975869e-01,2.209615325504826755e-01
6.158845726266459764e-01,5.910553787232225575e-01,8.351933777466857833e-02
1.476104728656711940e-01,6.928971802001243629e-01,8.762799556019171821e-01
5.498910796441874860e-01,4.697988946684399370e-01,5.519009591503973855e-01
2.613855052708820015e-01,4.166762439570115273e-01,1.292511324236462755e-01
6.219719900234089716e-01,9.118315735751106876e-01,4.552053885699384184e-01
8.798408262446975048e-01,1.164802336890096157e-01,9.300959571006215398e-01
4.339811367843074974e-01,7.029602506490949532e-01,2.568196791003715118e-01
3.226761287567523340e-01,6.642694034457495844e-01,6.661663750528813432e-01
3.550917104218678233e-01,5.523143029143243732e-01,8.473581749062791824e-01
2.922612306114826808e-01,1.219587483544505302e-01,4.131520223112081780e-01
3.844295856924989652e-01,9.878465317002682600e-01,8.418318161984235104e-01
6.914022921843866465e-01,8.747441248541232284e-01,3.284432147604291474e-01
9.193798047295598241e-02,3.530602005537023524e-01,5.716356702648599519e-01
5.748340786730434804e-01,1.529734069857336953e-01,5.266026071928222585e-01
1.586096126368582437e-01,6.906951674021442056e-01,5.379215002913954047e-01
1.920485387646967412e-01,3.965603198162558352e-01,5.967179306013384865e-01
1.297551100953346914e-01,9.026652289905242599e-01,1.561107270353473409e-01
8.768276844509739210e-01,1.383606780833768202e-02,5.311078785792383572e-01
2.844143931542526538e-01,6.867702691001670301e-01,2.261602871426695582e-01
5.951744914051440016e-01,7.767385775755766275e-01,5.775904326167112801e-01
6.529368265991123410e-01,4.354338960758182830e-01,1.106527230786618077e-01
4.381782489507739520e-01,8.844007323012320620e-01,9.256299818285818048e-01
2.076174416077627427e-01,6.666292886371157911e-01,4.743078454291257406e-01
3.220120698345928512e-01,5.451511159013645580e-01,2.151213982486591680e-01
8.527535640086549851e-01,8.721674270058453748e-01,8.009364640835199278e-01
4.353870263703616406e-01,6.248122044632317129e-01,8.233284067848476440e-01
5.638761278507889996e-01,9.552768173179149169e-01,5.787518001114614341e-01
1.430275151032627257e-01,5.488529848058822935e-01,8.671843146939209879e-01
3.346991119929668690e-01,5.045853579808599054e-01,1.276006185826120687e-01
7.684391202281649624e-01,9.117744579572517605e-01,9.406374840763691569e-01
5.973475471736648945e-01,8.322594822044960816e-01,9.619176400454574338e-01
3.249773312823159843e-01,2.895184590662284174e-01,9.423885740139517075e-01
2.315978615269522756e-01,4.733193302733600394e-01,2.735469598220865439e-01
3.455732859592688389e-01,9.360613474690583358e-01,3.893716970393770183e-01
6.001873776057512488e-01,4.231045945534155361e-01,5.845382663461715644e-01
4.628876913963704265e-01,1.345234811316763368e-01,1.218305247175354156e-01
3.752199733610990240e-01,2.101271381744617139e-01,2.430485859641365876e-01
1.290569861421341225e-01,7.574509867914993588e-01,8.319199194226561955e-01
5.974430769782796968e-01,9.353824461918611721e-01,3.733507245931578789e-01
1.942151629147055303e-01,4.987258945108918873e-01,2.932808048015196345e-01
7.029254321314726273e-01,8.576433488267902749e-01,8.325414320813261382e-01
5.639447854114273406e-01,1.746588219979468004e-01,9.546984410274218513e-01
3.529273478703132128e-01,7.120957303037179775e-01,1.141358773116729619e-02
4.394150302942543274e-01,8.256840524145097060e-01,6.928194732988445237e-01
4.721593238702040951e-01,1.714988802338024421e-01,2.179088778495930079e-01
9.978218848589652801e-01,2.840700578731827353e-01,4.354761948890401024e-01
1.633715983273043015e-02,3.041287562458068194e-01,1.836023199553915575e-02
1.158530676112927704e-01,3.641155156626988409e-01,8.045346155739906413e-01
7.408001786789416565e-01,1.172206073213777344e-02,2.524414656730400441e-01
9.908460032054472455e-01,6.823967792977315705e-01,6.875344273778296600e-01
7.483741658546553266e-01,3.858137548154338958e-03,6.206478283127678797e-01
7.627316054513585408e-01,8.318997255256010970e-01,8.879960102023041202e-01
4.016386874354385128e-01,6.999996297558861436e-01,4.610927854861948116e-01
3.334068457832264354e-01,6.260557838331437530e-01,9.382111123198509928e-01
1.038332832752943968e-01,6.631488021712466097e-01,5.141176998515530894e-01
1.189870941785163838e-01,9.424499141496803789e-01,8.037484491289079713e-01
6.097804881605008998e-01,6.272388482808158860e-01,1.833475709642086171e-01
7.380785955870003967e-01,4.326191964755009556e-01,9.403072761390012246e-01
3.261782284259248099e-01,9.864852853059596915e-01,2.641139491452226817e-02
2.297813602386318266e-01,1.123280303901583732e-01,5.278467123502045277e-01
7.210529840349915176e-01,5.066659545851067703e-01,6.881381178413950028e-01
3.104515697102839811e-01,2.777142831633417908e-01,5.816053865208384854e-01
1.694493740547807770e-01,7.774208215730731286e-01,6.347325899518503345e-01
2.468811770137719908e-01,4.699199467907171357e-01,6.566765882238901897e-01
5.067977935594327743e-01,7.915496366406956641e-01,9.766388091413393813e-01
5.959212100705505444e-01,2.591136252768578840e-01,4.957045028250357532e-01
5.604957716516582034e-01,8.586565619659085602e-01,5.938312635889489988e-01
3.434759478589707316e-01,9.046413795449927964e-01,4.136919597811569149e-01
5.456119849372860209e-01,6.221745536719558434e-02,1.238975113530828009e-01
4.120248131670065650e-01,8.580267897854093606e-01,7.270062053166038707e-01
9.387580923597972360e-01,8.723833646668968100e-01,1.796397168591183924e-01
4.142585551115118836e-02,4.609390863563390672e-01,1.790253386099494026e-01
9.154746202939204602e-01,6.515891137658487153e-01,2.374524691065461601e-01
6.964931400935008288e-01,5.932978771460656331e-01,2.598791772710988823e-01
3.143166124644621862e-01,7.411540117830072161e-01,4.758961447474771012e-01
1.972758475056052285e-01,1.321606190119279933e-01,5.835815955462260174e-01
9.664618437804006756e-02,7.845251960135412039e-01,8.049243984207425928e-01
7.035628993628532113e-01,2.469788540909283459e-01,1.786868589258061579e-01
4.508564366439352655e-01,6.280125597355671330e-01,9.270227226603577897e-01
8.558281050007142676e-01,5.676129880061598909e-01,7.302017498531032658e-02
2.814970084513848114e-01,3.533244863039354255e-01,5.693971339919566832e-01
7.639326612761058177e-01,5.540739866055577334e-02,4.848040913359538129e-01
7.355653200529900237e-01,4.140058868307893158e-01,8.779091766079131220e-01
4.408389542135482397e-02,7.385415520216073171e-01,3.055917867657867992e-01
9.954422729817182791e-01,6.115383419888181793e-01,3.256589275682197915e-01
7.603424591701871682e-01,9.112748251766407126e-01,1.880580741754228624e-01
1.020684253510861783e-01,1.561704749780449264e-01,5.353512528295060191e-01
1.610187453793044954e-01,7.822575417018587940e-01,5.249274024615947498e-01
8.270558308675861614e-01,8.987109601026778138e-01,9.996949318606689339e-01
6.378448331740677046e-01,3.847836432748488189e-01,6.192615927978535328e-01
5.466111673892660727e-01,7.102925207669805729e-01,3.357395434504539811e-01
8.828240330681006443e-01,5.288092782506339518e-01,7.969211225643674235e-01
2.882249645083745371e-01,6.176075844234429901e-02,9.569161433778383685e-02
3.266173165428408742e-01,1.031484688773531833e-02,5.855569250846770490e-01
2.929916109338679409e-01,6.057896795748398677e-01,5.390838912534244853e-01
5.158708387765635894e-01,8.283567477570360493e-01,5.023479013299460005e-01
3.244762356252395286e-02,5.950898254171136381e-01,8.187466543381517470e-01
4.830362022189813587e-01,8.210114175059243236e-01,7.500421088001975045e-01
4.851673546425926409e-01,6.943641142794232390e-02,8.515090860329569411e-01
7.112068900820600614e-02,6.272792207373479867e-01,8.217416126278863642e-01
9.530676497068401032e-01,2.966151703631544345e-01,6.973341664206175183e-01
7.038933760589988209e-01,6.312143563438746829e-01,4.261063678813197253e-01
4.552608710137326931e-01,3.698982097129931423e-01,9.378101968797926125e-01
4.024371548539175114e-01,8.270033777899519212e-01,6.236346218194424029e-01
8.967008318284442892e-01,5.110133744202148831e-01,7.998958363755636070e-01
8.691137477121751997e-01,4.693606671423072862e-01,6.295899214057943949e-01
7.319019630324892223e-01,2.819544634755585255e-01,5.953756301875204882e-01
1.162512134329432012e-01,3.509100387230325024e-01,6.902282498511013165e-01
4.780122155718847798e-01,3.182197882689615787e-01,9.527544920689634544e-01
4.396346935276882473e-01,9.235948076961574271e-01,6.638576972103577001e-01
2.831415146418257978e-01,3.787444880792354418e-01,7.575551976803298615e-01
1.952238644628535580e-01,4.809436423099513469e-01,7.750459991868138276e-01
2.398629628181419005e-01,5.158770771197429550e-01,7.612959063790460945e-01
3.769502422152679610e-01,2.932329995297453529e-01,6.789928392540902635e-01
6.049289133266168017e-01,5.642950198278048335e-01,4.080396447010614658e-01
3.228847581091542907e-01,2.147951244329129317e-01,3.000044387250619948e-01
3.493438109443189887e-01,1.007372084534027268e-01,6.948034249453656219e-01
8.562352390714911277e-02,2.045722403856587990e-01,5.757319441920105696e-02
4.523072894954739409e-01,9.116744174985902394e-01,7.425793030624213698e-01
1.016385401916020115e-01,3.717529856550327860e-01,4.971773709268586527e-01
9.062803824498533167e-02,7.352220218757807846e-01,1.241339622372790163e-01
7.293068535841946698e-01,7.396263186864252548e-01,2.373196528603191968e-01
9.614343550063308985e-02,7.428025387972719829e-01,5.556697611087211275e-01
3.367916557158379121e-01,2.686186299262568467e-01,2.200030046350406332e-01
1.575876890183424139e-01,4.786474448956856698e-01,3.357254849295363552e-01
6.821378912236587544e-01,7.477862522824685332e-01,1.753349272203645892e-01
4.901130484462915549e-01,5.786100182305793371e-01,5.880992176197755716e-01
4.743740030122012286e-06,4.709712791152893541e-01,6.987730338678058706e-01
3.327931203980951658e-01,6.227428847242248988e-01,3.504501637128992764e-01
9.369059537647362879e-01,4.834618080446727584e-01,4.241542598330594327e-02
5.051133676371286629e-01,6.602166200101915461e-01,2.831520863535852417e-01
4.226545673088833999e-01,1.033016755833907618e-01,8.835801075919047509e-02
9.794708477281725001e-01,2.788676431433123604e-02,2.755537706690120991e-01
4.640382260815295590e-01,7.324314277150288932e-01,3.919437961253269265e-02
4.482546230040522772e-01,1.858491987604562468e-01,8.194366982745922012e-01
7.542048968485421945e-01,8.884461477524437933e-01,5.797718659700059618e-01
7.394195529545880552e-01,5.829685892109123246e-01,6.558907704234179237e-01
4.512921610243789683e-01,7.376675424051223340e-01,6.729143228466835103e-01
5.877563277509357809e-01,2.392467663444091119e-01,5.685944974665319007e-01
5.387962502400225340e-01,8.550965921759656752e-02,7.305188909577867706e-01
9.072952240062835960e-01,8.266368782956067252e-01,7.874728980178623550e-01
1.299737101651944338e-01,6.501794495455487377e-01,2.944044450865354046e-01
3.502531260183474604e-01,7.764776905726226142e-01,8.433503491991323209e-02
5.033321306444645815e-01,8.920754742899605905e-02,6.805640591267075878e-01
7.846248859206155224e-01,4.334156467795309275e-01,8.945117754350020434e-01
7.131019705756835858e-01,3.924365729326028118e-01,5.409050676923237155e-01
9.518980048137407612e-01,2.559289469038968923e-01,9.393797629157955020e-01
3.028161639907961389e-01,1.537065030207331873e-01,8.989414024904670564e-01
7.468373377648040989e-01,5.580254670806867878e-01,8.159280209791274219e-01
5.428465560214079666e-01,6.347262502238760762e-01,8.743372937759167352e-01
1.532066540925999254e-01,1.986357401112907040e-01,2.497815704472083898e-02
1.429766578330142757e-01,3.451432007588339790e-01,1.514822669992603732e-01
8.569849688425187351e-01,9.085493602621053100e-02,2.894223193983120890e-01
3.732959825551431798e-01,4.132907985016811558e-01,9.845010228424611043e-02
3.049261941166981904e-01,8.563418234349831071e-01,6.949113946772907946e-01
2.868815860541154006e-01,9.610016780047896390e-01,7.100797549393715880e-01
7.742472523328636225e-02,7.382408392212987946e-01,3.315713864456472093e-01
1.065819355512619415e-01,6.325877031395358285e-01,4.059634870378203697e-02
6.572976714868955517e-01,1.635939837363055149e-01,8.915274364125798101e-01
9.851464384346723113e-01,1.003915750372891269e-01,2.371693056365118402e-01
1.887818062718413792e-01,6.845187333039256528e-01,6.943541586145296485e-02
6.682126416827632864e-01,1.199069368660947710e-01,2.064176308726113351e-01
9.081166194579131101e-01,6.012538887141049004e-01,4.829412205642032996e-01
5.095209984816505555e-01,5.363516363189109182e-01,6.321257539938287540e-01
2.564743532107545132e-01,2.842767921064314196e-01,2.357572334573887485e-01
6.313134219406999481e-01,6.229419846497532554e-01,8.526770389098098368e-01
7.924071302641900738e-01,8.669454312240921778e-01,1.570867516692756594e-01
5.129463027358593941e-01,8.553494078399341838e-01,5.494273154894510069e-01
5.690755764028249120e-01,6.196090027737894967e-01,2.230949055620929933e-01
3.630343621543036248e-01,9.454211713865066091e-01,1.612731551862732760e-01
1.650410902213829134e-01,6.353525893464068153e-01,7.195097304458574206e-01
9.594582116679801764e-01,1.566398942917323067e-01,3.707062161019561985e-01
8.201965713147468806e-01,1.048427373319068545e-01,3.678761061745693395e-01
4.760542776870044790e-01,9.619362852195822988e-01,9.476507330976056132e-01
3.751215665044493885e-01,2.766001665942852128e-01,8.757952966397767325e-01
8.014286521667387531e-01,9.563563401236382377e-01,4.188220987057404976e-01
3.791960472532446280e-01,1.476761483825895782e-01,3.317559638468657868e-01
5.693740749486201347e-01,4.857527989224091902e-01,7.710603169547525226e-03
7.387825929879356934e-01,6.797510512228571722e-01,7.845175986492721742e-01
3.945916355819296673e-01,1.473166885202310539e-01,8.150718937103659245e-01
8.719642840719163956e-01,9.959713125899326558e-01,1.372128030251051900e-02
7.672532627861566867e-01,7.277633160263126122e-01,8.009349306286297487e-01
4.970998711097769363e-01,3.308977668664589977e-01,3.509108672948382246e-01
5.796869020459247679e-01,4.834874844914583969e-01,6.392429127059040539e-01
5.425955647517283209e-01,2.810094542923023964e-01,3.479520617592511966e-01
1.466149214703327264e-01,6.754082723710930214e-02,4.507804574843574663e-01
5.611898491818205770e-01,3.372339133038029235e-01,2.937648742616105757e-02
5.593459698926349644e-01,6.825776993989840502e-02,8.907444637297141643e-01
9.425757666411237468e-01,2.952146177390279069e-01,4.712543355106519893e-01
5.519188884594365962e-01,4.490934097048039364e-01,9.392257260920879869e-01
8.813532254009589506e-01,5.460461875124498210e-01,6.839402054822345534e-01
6.493754603244747958e-01,8.511656246217110811e-01,8.997810063104427769e-01
7.267246807607691261e-01,5.530862944248997604e-01,6.782533442949512104e-01
2.814172101839949036e-01,7.738957195364437602e-01,1.309703899822900475e-02
2.847593842037254852e-02,1.212009910717534167e-01,7.344299569236979464e-01
4.019925750005201026e-01,6.053114887195231164e-01,8.650227254877111971e-01
7.581331521184412336e-01,3.504627098927468598e-01,8.145367144563121498e-01
3.087527389838501390e-01,9.847709152386858733e-01,7.759760850476847827e-01
4.990484995081234665e-01,4.330950532342102699e-01,1.856644690514360763e-01
1.330397086857246780e-01,5.785861280075403901e-01,1.190377509026767644e-01
2.250823548549789610e-01,7.235382765925545412e-01,1.107255918166368813e-01
5.854774607932786701e-01,3.244309206606543761e-01,8.010760282613105243e-02
8.771831790070987456e-01,5.090216405246807962e-01,2.061679810012801983e-01
9.260247707732790490e-01,2.971197727832973756e-01,3.240731826069213062e-01
8.239275003794022112e-02,6.933435820221458545e-01,5.328159890594343917e-01
8.124625501616279388e-01,9.747870774597955368e-02,3.710081118322143823e-01
3.499803167958083217e-01,5.194721999778473265e-02,1.990513052665973115e-01
4.283992434500125679e-01,9.440335895700414648e-01,3.968307782450497534e-03
5.423110444298534505e-01,2.995723364620165308e-01,1.640630390396760063e-01
3.252104035673138993e-01,2.996637030609023977e-01,9.700901284331759911e-01
4.058307169042796314e-02,4.105402474338879504e-01,9.191248395844560104e-01
8.286852666799026101e-01,1.694968099028875130e-01,4.404235640471866331e-01
9.059608064786550674e-01,7.059544822020068500e-01,8.323523649095709853e-01
1.067320482368055989e-01,5.826556862310786622e-01,6.535588316776296258e-01
2.728201774557094117e-01,9.075106645980476339e-01,1.346832028383084801e-01
9.248838142736529599e-01,1.979455922625478204e-01,9.352905694397926073e-01
9.505868617174650925e-01,5.375065072799499744e-01,4.139678395787684817e-01
5.676918762895777348e-02,8.726875865806602572e-01,4.153758490087972044e-01
7.611003667119831118e-02,5.730978072889187924e-01,1.255840616860772752e-01
1.872415256999947486e-01,8.325390130839137592e-01,6.926115704546539353e-01
5.884922195113219123e-01,2.379478905004670519e-01,2.754536136719182293e-01
7.883797219672923351e-01,7.386720488658249373e-02,2.208290882158513435e-01
8.275676456871348119e-01,5.547482977809007343e-01,3.515071744309928858e-01
5.584338516417396425e-01,4.430203578488860483e-01,5.258456345836810542e-01
7.939581345886352892e-01,7.301042835621182059e-01,4.046625424690114547e-01
8.842551049004940822e-01,4.385860791928630764e-02,9.303195528527004043e-01
7.043135905577733169e-01,4.060331803519845462e-01,7.668139430193510186e-03
6.343147552815221468e-01,5.843691691946650835e-02,2.307335845070527247e-01
3.497424265803426024e-01,7.898636935575216178e-01,9.278360428033104457e-01
6.557048418067490392e-02,6.636296980203412188e-01,6.446958783027519901e-01
5.789966588636108469e-01,9.357155569342523460e-02,2.849633493079495317e-02
2.013107846733878104e-01,2.747557012887407168e-01,4.063497602753177729e-01
9.586071189223809297e-01,9.094373219198870206e-01,2.760752329284383855e-01
3.720904048665163444e-01,5.544027478753346116e-01,6.439230697286946192e-01
5.492509153332311156e-01,4.677506526329927583e-01,8.077854069308079143e-01
4.842487124368560769e-01,3.844684818578985031e-01,3.796561929105541910e-01
5.093673719176391446e-01,3.487175734126164439e-01,7.661892860418684226e-02
5.953872251851278774e-01,3.734272184187983346e-01,4.555834811632907266e-01
9.674166332791123146e-02,1.629573882707748833e-01,8.680155725458931215e-01
7.213132470496297355e-01,5.255617389450695232e-01,5.819370673109112158e-01
7.468295968484772729e-01,4.600607826146638768e-01,3.949992222920793994e-01
7.157839726694181781e-01,2.526021887732409210e-01,5.270695118730759354e-01
4.898134732805096148e-01,1.426900517270953683e-01,4.538061096651002657e-01
9.103990436902719141e-01,7.733004305998026906e-01,3.707250835466229244e-01
5.692676378503053192e-01,8.547183454335335329e-01,9.067311275933968018e-01
4.660374048518315382e-01,3.448159095190730383e-01,5.642209879090565039e-01
1.236381851156979073e-01,9.460096522645111694e-01,2.165434162990769185e-01
4.195958783729677455e-01,7.839075994246395007e-01,1.334290571619062282e-01
5.245003369779102087e-01,9.337898549722132291e-01,3.313210710139358195e-02
5.442573507519321563e-02,3.311512000588285876e-01,9.203646071519955285e-01
9.651872814806153889e-01,1.655941598123991110e-01,6.096310931713879722e-01
6.105811566490563225e-01,1.182257929729724211e-01,8.021704476486888336e-01
4.746221224668077943e-01,4.131675738042126511e-01,1.623242217990911174e-01
5.050411064001316674e-01,3.233964064333630928e-01,4.737588931173126738e-01
5.733897792014785999e-02,8.745338517277789769e-02,8.073919914904853501e-01
1.560388843163561523e-01,7.630171847287636755e-02,5.090904708226962061e-01
4.542161803060258407e-01,5.689053613023818956e-01,9.535086954075449039e-01
3.069533036142626514e-01,5.085380494267732754e-01,2.952837915292957360e-01
4.098169692643003348e-01,4.009497215664903358e-01,4.105442707068733821e-01
6.819919895368908858e-02,5.203990409730356870e-01,5.841999799330315213e-01
6.615414547195523909e-01,9.088036638587755345e-01,6.535334983002429876e-01
3.722969632696817577e-01,8.716370802454814770e-01,9.357747489607293190e-02
4.729773801934056277e-02,6.057487036775035527e-01,7.952610933354378187e-01
8.498908394827205948e-01,5.593432873733220623e-01,3.655620526887445321e-01
6.405523209188209721e-01,6.260845527078885420e-01,4.039019701615159663e-01
6.910999951500985672e-01,8.291767768187561227e-01,1.208603144196266355e-01
3.626332149919546666e-01,1.164960018066824032e-01,8.429336922373883434e-01
7.670606581246930400e-01,1.921630543299064353e-01,5.694969639237614789e-01
9.434126330820420403e-01,5.884955662261600606e-01,8.033771851629235572e-01
2.245910001722306593e-02,8.919627195250288132e-01,1.173359483909229839e-01
2.243131873217802941e-01,3.932704257628715228e-01,4.379627191415544907e-01
9.918331494578668250e-01,4.069805252652362038e-01,8.944889798951046744e-01
8.269002732107901821e-01,4.056512602814954516e-01,9.152578436551727092e-01
1.291393719154362296e-01,2.660429772439047991e-01,8.734170646917294167e-02
7.839600145847651635e-01,7.773225574334889920e-01,5.069542266721704937e-02
9.353187708024441882e-01,4.850945494499657729e-01,3.872102565864655732e-01
1.329373052594435833e-01,9.143261829638615890e-01,5.434766522352961760e-01
1.961277377156167567e-02,9.328090091544292140e-01,5.101052010637144862e-01
9.242977354714030369e-01,8.706691729288751347e-01,5.493407223416900687e-01
9.787126448742435869e-01,3.311023493883087365e-01,8.219867955332642584e-01
8.508572289016632650e-01,8.151823125878873144e-01,3.521490232475928961e-01
5.690670511464865911e-01,1.538581130475191738e-01,3.675429810267549779e-01
8.415266482096993572e-01,2.854097821148128267e-01,4.443419401548257541e-01
5.766432386116780995e-01,3.242833758081477002e-01,1.959109466121652376e-01
2.254890726169765935e-01,9.568104890782855865e-01,9.543902200316686235e-01
8.732095555767951378e-01,5.596430202473475779e-01,8.146103673439574200e-01
7.773341330455241227e-01,1.896701900697598253e-01,9.541292255318529758e-01
2.514570761660527287e-01,6.212728879311844032e-01,3.011800359106984182e-01
9.366977969396227399e-01,6.232164483268959332e-01,7.484497902080242682e-01
9.521863682742034429e-01,5.242067393570892797e-01,7.878716594849733967e-01
5.922562627505814081e-01,3.539111862058301750e-01,6.420161772312668047e-01
3.576372638554172756e-01,4.501129502716643138e-01,4.393055446907756512e-02
5.894733254339497019e-01,6.428134221498941203e-01,1.923643489117303762e-01
7.277854691766326711e-01,5.203553252086530190e-01,5.238005650181960515e-01
2.898941152490154272e-01,5.992832566425887464e-02,4.233009130535172471e-01
4.908624781157810979e-02,5.659302018248157928e-01,2.816918992937793575e-01
9.265810454432612531e-01,3.745904374027664296e-03,4.699029011691880919e-01
8.240019424765979705e-01,5.159117322816203499e-01,3.860393399901773659e-02
5.864648910576245600e-01,4.390162092508607117e-01,5.202783560590724665e-01
6.855400574354442167e-02,9.830824926328918245e-02,1.306681520612222869e-01
3.112119905860437630e-01,6.375241745152572248e-01,1.544079401204667690e-02
9.749698549956740123e-01,7.171425905444058779e-01,8.035917062028923308e-01
5.633156022995045031e-01,2.768522418288558162e-01,6.051409498512183571e-02
3.166181374211145538e-01,9.517748158876389031e-01,3.948897029016000815e-01
1.199548571462649704e-03,8.585000413548714571e-01,3.721717124702833557e-01
3.463461348229466275e-01,2.570656961916135685e-01,8.014676914039320366e-02
3.653214772532269450e-01,7.670251225192614708e-02,3.469833339899083269e-01
4.572706748415421574e-01,6.391072037795050287e-01,1.551276672738656215e-01
2.164638670928500375e-01,1.932336187308960618e-01,4.682678948258323093e-02
6.696557280606085794e-02,7.284274144737109546e-01,7.222763825021510931e-01
1.749781174375442117e-02,9.203645858869726748e-01,4.056386890614493979e-02
1.977547267542568710e-01,7.846824565596682843e-01,9.718614867874217911e-01
2.816974978362696280e-02,9.074173694482439156e-01,2.186842706230593958e-01
3.191170951073445394e-01,9.258706187568315205e-01,4.311098328996827433e-01
9.664332741473311561e-01,2.882521100307211537e-02,7.708186637421714504e-01
4.081851807925992448e-01,1.418201071617041231e-01,9.780518535476889763e-02
5.073971790555120709e-01,8.738548388282597612e-01,6.926067432168242499e-01
2.817523380858963922e-01,5.004103414577608655e-01,4.408161145428016736e-01
2.863321851148803443e-02,9.066315243328108009e-01,5.520049901168920803e-01
3.981617105549559721e-01,5.345964968932026551e-03,2.302973957363568802e-01
4.759717984342348718e-02,4.325135682357631461e-01,8.393049807957951858e-01
1.946269439171779414e-01,4.503622841342604932e-01,4.461931962990861589e-02
4.905076330574631438e-01,9.675525712415306012e-01,1.507003183625338361e-01
7.119841664439122697e-01,7.884604408436929335e-01,6.455277337603131382e-01
