6.717728028719377464e-01,2.033231099683570076e-01,4.710332798653035224e-01
3.723831941172832671e-01,5.400986039582369447e-01,9.134055072118540952e-02
9.783308900761417126e-01,3.649451885901964232e-01,9.114959900931476344e-01
1.388672840985820667e-01,7.801078128199052664e-01,8.966392623529122474e-01
6.111066582696594862e-01,2.605109021221285737e-02,3.924946852603038439e-01
4.502152447217768749e-01,1.266883037659106703e-01,1.866922157574443242e-01
7.382170454598987464e-01,3.408786937404856277e-01,7.820790565842199449e-01
4.067604982200940800e-01,6.172681504474345493e-01,5.052935924775995291e-01
1.523692464433159532e-01,1.762853536238974117e-01,8.444250422838409653e-01
6.241926147392289348e-01,8.475334981503757081e-01,6.259943968500433220e-01
2.301829313944617761e-01,8.169293968082581570e-01,6.716566968442441166e-01
4.279823367786451671e-01,2.673614619508081214e-01,9.059493590333049795e-01
2.813122290956685534e-01,6.607201990166967631e-01,8.209588916761170196e-01
1.242933870024983678e-01,5.089022850969555645e-01,7.195582288943357385e-01
8.020270604202299758e-01,3.577384928211051474e-01,9.977768921642193867e-02
3.417847550313697358e-01,3.103762627683960273e-01,2.785958790264648766e-01
6.368671243306067709e-02,7.434818089160726284e-01,1.291277452301375916e-02
7.984625781136401867e-01,1.470965770651641025e-01,1.842846289512768410e-01
1.544370053732142534e-01,4.911245911902333283e-01,4.475188384263908414e-01
5.037035439957280314e-01,9.147483237633003972e-01,7.286957095180878197e-01
3.115205527544060438e-01,1.032777945077790749e-01,5.491744208415902939e-01
8.081037109616884262e-02,5.878235849047073192e-01,1.447589511512393790e-01
7.976270321122743701e-01,2.119542822134387050e-01,1.391535640645769067e-01
8.542306328762356848e-01,2.736772192318887020e-01,5.052778516850984225e-01
2.673603967108317825e-01,9.755436108969554043e-01,5.716777934487533575e-01
7.852579146978622138e-01,4.049128349555723982e-01,9.381478412392008082e-01
3.574566543998696222e-01,9.906242354117503757e-01,9.190213119057015767e-01
4.338049113462414397e-01,5.486502222836029397e-01,8.359890668155145477e-01
4.648127543675784068e-02,7.381442858285429676e-01,8.984171092669489544e-01
2.423654584308201354e-01,6.280099446563258692e-02,3.246257569002808374e-01
9.464728588774588003e-01,7.700416421036946346e-01,4.709909946230141919e-01
6.344319087054814954e-01,2.544482337036366726e-01,8.271313391089556433e-01
5.804109141976732111e-02,8.708310426087642053e-01,2.853909926519258011e-01
5.233338790691270948e-01,3.685876815528722483e-01,3.228167469608081985e-01
1.164672031503047878e-01,1.762498827383586208e-01,7.903135984208567999e-01
6.049425512396703342e-01,4.371114950561679757e-01,8.573405387383306042e-01
7.941554642454191626e-01,5.334267587246519504e-01,6.947238830063865445e-01
9.094906153849673380e-01,9.595166802680243912e-02,1.056611182739959354e-01
3.850142072210804844e-01,6.092495598744375185e-01,8.448384125943098066e-02
7.946504205213358318e-01,7.932296510356366959e-01,5.585123875266928550e-02
8.834493685479704039e-01,9.448235732480192439e-01,8.492305051376772829e-01
6.552280965018465464e-01,3.814680448032090609e-01,5.863673435544893842e-01
9.573193475733947633e-01,7.600364270037236469e-01,1.709140154711279447e-01
9.106416919877473592e-01,1.231818967958812072e-01,8.903635795676763109e-01
7.902876612035966142e-01,8.404060929874803687e-01,9.671381091163908650e-01
8.321552987596735340e-01,3.972977553268641771e-03,4.322600921976914590e-01
7.356179967233823502e-01,7.442990043524602140e-01,9.330389950913263730e-01
6.136819079638100582e-01,2.548283354271765333e-01,9.824600897204405214e-02
7.319287957135364175e-01,7.783604475469184658e-01,2.990057173989261186e-01
6.574277155683246887e-01,5.501392428820235381e-01,7.835994881545897961e-01
6.288921653015975277e-01,7.935267231889338024e-01,8.267924201215426372e-02
5.340398996206423554e-01,8.713741505511145569e-01,3.444105066760952960e-01
9.549850009479066149e-02,1.075796795570513886e-01,9.010013594444935547e-01
7.640876643915883726e-02,5.243227310918546769e-01,1.568515467234229410e-01
7.699824896271409980e-01,3.323383936342941825e-01,3.289727384782503705e-03
3.824382684938468779e-01,2.607482315940052864e-01,8.713048678891996968e-01
3.174406301812368048e-01,4.602236488706410444e-01,3.324491014205400718e-01
2.659800672865521021e-01,3.166684569425337603e-02,3.715861917748217724e-01
5.590674081360047509e-02,9.074436075545453395e-01,4.421334214189609479e-02
5.252861852836485657e-01,4.429700748345322125e-02,7.361480121682255628e-01
6.476430768486508560e-01,5.599476142870205564e-01,8.041756941108239021e-01
4.621694514302696621e-01,2.264351005975915321e-01,7.416610781154014953e-01
6.956326948017801381e-01,8.220056208963710809e-01,9.437183580671096861e-01
3.022712516827089635e-01,6.739318023337128594e-01,3.386036568280353931e-01
1.961867742096260470e-01,2.863480562455045231e-01,7.542887005196758921e-01
9.717018254000872046e-01,8.863950649847397445e-01,2.422332614592488387e-01
8.846673863323040177e-01,9.682509180226174239e-01,3.108385173454195627e-01
6.600108953420719127e-01,8.628157890682156550e-01,2.991175051672729790e-01
4.079633887817681881e-01,5.135634436134414171e-01,1.954888591291596978e-01
8.285705716184122993e-01,8.645970887412968153e-01,5.436384022824307660e-01
2.637574262414957849e-01,2.626909224146600774e-01,8.588389667431091112e-01
6.735643492039731228e-01,8.733498437637514655e-01,3.841900589164968238e-01
6.158598054612107742e-01,6.539834538181129586e-01,8.099025100705394831e-01
4.547701345403646345e-01,8.614528412556299308e-01,8.148958262352545834e-01
1.468166641274926132e-01,2.502762619654308462e-01,8.990982563477689649e-02
5.034974930445419439e-01,7.678706941773084660e-01,5.241986046214952566e-01
1.571399667321425886e-01,6.967139310460345181e-01,9.232134790942339020e-01
9.364609271287733794e-01,4.630212678089135059e-01,8.006624967011244376e-02
9.913531866887551613e-01,3.260493320009048013e-01,5.459278640234572766e-01
3.902002379558623391e-01,5.348742428930685078e-01,9.632107224955505087e-01
4.356273991542690682e-01,1.794821883962415265e-01,7.233428762391069800e-01
5.948315153381511511e-01,2.312044723544337543e-02,1.638149507272744776e-01
4.909046006344648383e-01,7.276340605191035094e-01,9.074450160381830610e-01
6.144386590781446555e-01,9.651753465776877761e-01,7.261397350906398929e-01
6.210653896469883195e-01,8.695818768698515555e-01,5.053159203219120821e-01
5.324476287778504568e-01,5.600405579340000939e-01,5.713993720387570141e-01
7.532375143837110043e-01,2.811911210561188756e-01,4.327046632233266799e-03
5.775694745370248961e-01,9.047167909094706584e-01,1.392420151479292212e-01
9.434778128210408177e-02,4.558778825643914345e-01,7.968924784658401039e-01
7.835255028616381345e-01,8.577296909642762035e-02,3.555342167541084564e-01
9.205994417539438146e-01,9.757617620523005852e-01,9.474559289608952550e-02
3.689234084156096660e-01,2.609138162802063787e-01,2.451970635916131958e-01
3.591115338884570685e-01,8.581565095009084931e-01,3.253290437317717387e-01
1.283166432284503777e-01,4.698715894850450381e-01,6.045427123134529124e-01
2.923356844637288177e-01,9.693038776933953216e-01,2.228068868144812420e-01
7.556112740535685379e-01,2.564535917224362027e-01,2.723179467518299646e-02
1.584261514134660542e-01,6.690539562883419666e-01,4.352373894662997511e-01
4.768051440677517627e-01,6.615409220202445040e-01,2.841149906028405114e-01
6.910221833293408444e-01,1.517565249741873457e-01,7.127913386311598432e-01
3.757173875958440545e-01,2.114899921159160145e-01,7.054164945284074895e-01
