2.559833839898706387e-02,4.422328148875243059e-02,6.022337471256901109e-01
4.094454971886994921e-01,3.338586239837323388e-01,7.339071356858806183e-01
8.633248674969739023e-01,2.569508313879476091e-03,4.251599048165237704e-01
1.105464822377463241e-01,2.137435971866028517e-01,5.324613403311040383e-01
1.046151821194074572e-02,9.100307485584862022e-01,6.150679140160958402e-01
9.436887562432093590e-01,7.358813331274051128e-01,9.660096902629802251e-01
8.978990239621293945e-01,1.298065259159560947e-01,5.173130212082017731e-01
1.055351346600360563e-01,4.823382803562070720e-01,4.367379404730390435e-01
2.797312045553326243e-01,9.288575738729458742e-01,2.511074231799859113e-03
6.029516064790709784e-01,7.500672838115272079e-01,5.538833799792963752e-02
1.964645338582644563e-01,1.652236524303639653e-01,7.087511744972838645e-01
5.388182000879883082e-01,8.975315086833766109e-01,5.094423441198503433e-01
7.503590982308816493e-02,5.018944581671014316e-02,1.891247430035539745e-01
1.245526578076266988e-01,2.383915227757957833e-01,5.560769412873676210e-01
7.563841226367606918e-01,8.178554893545172400e-01,9.797320169653873645e-01
5.843037295835025180e-01,1.508819184753997789e-01,3.357813526354046507e-01
7.658716236498761543e-01,6.116043186612984961e-01,3.761274617733115777e-01
8.419672066260593946e-01,9.601744080641317902e-01,6.759703530477961797e-01
2.319249484554457563e-01,1.186602572380867082e-01,8.903283971716287049e-01
4.375136392539284991e-01,3.849272095051099463e-01,1.050482664742200534e-01
8.753878010448014058e-01,3.777644889608097190e-01,9.461335380539542816e-01
8.282931175437949767e-01,5.430328871194380902e-01,1.203033767537868837e-01
1.241031787463386937e-02,3.089394214740904809e-01,1.562784939671875151e-01
9.629176744930847409e-01,7.167950654475153671e-01,6.284494256368854392e-01
7.174457329803185512e-01,4.947852942601821402e-01,5.444997507127620207e-01
5.612783248126255176e-01,2.492430019152503951e-01,4.532544208393173291e-01
2.023993028040721454e-01,6.045879734876787870e-01,2.402203638888156245e-01
1.099255430272849665e-02,9.308499385884987376e-01,8.094027346005161494e-01
4.760032749950315889e-02,3.063847056292824389e-01,1.784823539955326943e-01
8.565464981250143772e-01,4.019179603310329973e-01,8.772931830025546551e-01
5.515454754766742074e-01,9.636259428909121905e-01,7.816571279981670006e-01
6.432738382756815199e-01,9.998768780522974131e-01,5.669555434365064484e-01
9.792506204432028794e-01,1.191303615065858468e-01,7.038820541602390790e-01
4.644221472408270879e-01,3.774515045411411807e-01,2.557510011673700401e-01
9.574205797634608439e-01,8.084612253351051159e-01,1.179322379017939681e-01
4.743587297662802404e-01,7.309403670489589278e-02,1.490973053425078687e-01
4.821945417652065968e-01,2.442799319781402412e-01,7.922994412618368232e-01
4.470867600866533786e-01,1.889536157224969148e-01,1.646605787680011090e-02
7.795840727414344862e-01,5.196993630320975166e-01,5.163800716940655233e-01
1.314322243338305052e-01,8.802854119417227174e-01,8.304986167618862991e-01
4.557110497435047369e-01,1.508226353259786157e-01,6.123932655819485094e-01
7.076800031099051980e-01,5.871764030214742247e-01,4.581847461255474929e-01
2.709684555884385171e-01,4.523190911719994212e-01,3.173950477420084404e-03
6.688193334532566148e-01,9.521535817947585079e-01,5.708410562888047712e-01
5.424930843002099268e-01,1.053655112937745830e-02,6.370576140619478300e-01
6.645844458556948720e-02,7.714852651189970656e-01,4.559110017977461293e-01
3.168095174431202476e-01,3.917269957692570692e-02,5.931685266312584082e-01
2.615485054524467889e-01,2.545392129861748787e-01,7.617234777030805759e-01
3.996295808565034635e-01,1.134794318258312007e-01,6.128546377303600856e-02
7.905605589630457786e-01,5.447007980156944873e-01,5.492396685385958488e-01
6.963175379500196049e-01,1.013084023424140057e-01,5.529121900350015828e-01
7.980433371914524843e-01,8.950475599824007089e-01,4.554103779856608636e-01
2.593505890240164202e-01,3.249514935362703971e-01,1.519711296830487113e-01
5.509375963365826800e-01,4.103769986555727556e-01,4.432095445175008308e-01
2.007102800832161194e-02,4.642525241041524087e-01,7.646164398137469398e-01
5.275415146660465959e-01,5.709307177262054056e-01,9.450239054823377227e-01
4.655938623591602266e-01,5.564370448180415707e-01,8.497875374064662868e-01
2.304092060424940414e-01,8.106081133135617511e-01,3.013526526787883020e-01
9.282509630962654246e-01,7.262262535763600590e-01,3.766071969266027164e-01
4.042640743973335837e-02,2.563921821762029651e-01,1.950516919140115046e-01
3.802001926646969565e-02,5.800813611588756524e-01,6.458611281855919373e-01
1.590525765675433467e-01,5.065178952882680719e-01,2.355380762521328553e-01
4.501154768293365027e-01,7.581809373051490164e-01,8.611910270088330988e-01
2.913534118805521933e-01,2.691904521905194025e-01,2.993089241208446438e-03
3.371374535903635117e-01,5.964690157057634945e-01,1.656173686488041641e-01
3.939241373250523814e-03,9.525707747536414916e-01,4.350648224070482462e-01
2.256445047320517761e-01,3.144171899976764273e-01,2.897809267512981846e-01
8.519016443933004057e-01,9.408599539932237521e-01,2.112103295385793222e-01
2.781247993937452367e-02,4.776600007275468851e-01,3.276535192356222481e-01
8.733259554916897871e-01,2.651037182659926605e-01,8.138121393568256146e-01
7.502841448622191711e-01,8.481136074716948414e-01,7.665529613650220453e-01
2.388280521076360241e-01,5.042649175593221234e-01,4.915205541732043937e-01
6.812376544965612624e-01,1.713824848080706120e-01,8.302501282535906801e-01
5.489325388146636397e-01,9.914649769801661128e-01,9.113895599655543744e-01
1.457886132969299364e-01,1.400644615062884846e-02,8.252247511326633589e-01
9.123024763888558653e-01,5.326830913993119143e-02,4.165740560089269406e-01
2.479417287611758169e-01,5.968676892960745883e-01,7.057434840254291908e-01
9.179478582032344347e-01,2.552326720578090846e-01,8.560735092901992083e-01
6.539508560634599288e-01,2.975460922830527322e-01,6.793425835623021491e-01
5.104944218147757784e-01,1.280401082481255060e-01,6.256765121345407854e-01
6.446544176171530305e-01,9.756867578465733271e-01,8.220960801401557827e-01
5.335067239619225576e-01,6.101264521879182778e-01,2.668816594600110781e-01
3.111421204534745577e-01,6.374801715335250973e-01,4.919133532110425699e-01
7.545943622672900419e-01,7.212958690473963985e-01,7.234473029641383945e-01
2.732838281940008773e-02,7.771279545419675916e-01,4.661458672026153049e-02
9.964185761247171813e-01,3.567605879619651921e-01,6.636767298782277891e-01
8.768790205848174812e-01,2.756890315103383005e-01,4.554832603640320832e-01
5.767438560709825524e-02,7.350450362787935843e-01,3.752947999858670114e-01
3.152699267118495019e-01,2.227505401777127858e-01,6.336906008464253670e-01
2.672125873517344763e-01,2.584319251165951847e-01,2.820759836116322194e-01
4.226472199786800443e-01,3.154931286593383177e-01,9.049747527559622862e-01
5.870178089267585886e-02,8.763371182283709038e-01,5.197704181012565705e-01
3.462679733700883000e-01,8.745970107266878291e-01,8.072143272734256803e-01
7.536709960446538181e-01,2.759110142988008274e-01,2.128321053627527659e-01
3.935985918557589613e-01,4.799247891280430389e-01,6.762943278149401438e-01
4.970726864997474514e-01,9.567904669806092111e-01,2.117543092723195297e-02
9.638883631354211445e-02,7.215392948751480073e-01,6.019617828106620383e-01
1.558478096960527193e-01,6.053862024766138994e-01,4.287087094536347065e-01
6.944516067740230669e-01,3.997732389167690803e-01,8.619286445952419884e-01
1.980612263513600313e-01,9.094267094166035292e-01,6.035160500602757550e-01
