2.531428029379030331e-01,5.664655829774665197e-01,4.854590370340849947e-02
3.811619590698264171e-01,3.049957660607137688e-01,9.901631881646418831e-01
9.545206808144819366e-01,2.054693322810701162e-01,7.073261364036041998e-01
1.330379977429363425e-01,1.280289241739769324e-01,9.353615956738968729e-01
8.544207430400195813e-01,3.687807559872529062e-01,1.022142192573205488e-01
9.263798458405120284e-01,8.055633947548900275e-01,7.972229631201900313e-01
7.326241922382060734e-01,2.891276268974608543e-01,1.248368076606762855e-01
5.273613917872456147e-01,4.939197630625387081e-01,9.246742374116508900e-01
7.592339766798594791e-01,6.821457741284742138e-02,7.227858356033189935e-02
1.704147649600188386e-01,1.946744482020608125e-01,3.204797905973595373e-01
3.908768578029552243e-01,6.107689937611969766e-01,3.617145441174292042e-01
9.265335477839611311e-01,4.657608576992923188e-01,5.665402675337489757e-01
4.785187477966098557e-01,6.427945966700759906e-01,8.666604140964502268e-01
5.737630839277055861e-01,6.252212175848167464e-01,3.975146201882204799e-01
4.825392130884450514e-01,3.844684257964724461e-01,4.076629764249649623e-01
4.478096405206571928e-01,4.180062949151704954e-01,2.117381533750584133e-01
3.431023057218723915e-01,2.275499406184278151e-01,5.507318420988260854e-01
4.525540670885475070e-01,1.950613199489771299e-01,2.877181745021468728e-01
2.878580299543141985e-01,1.077306446424129982e-01,2.685331827819193995e-01
3.220613937520443448e-01,7.212454672537138567e-02,3.606717006042642337e-01
8.700982183972941764e-01,7.780324746990882057e-01,5.617088006922762444e-01
3.448286911054515569e-01,2.205620618534934740e-01,3.491939034882723947e-01
6.876712870211567630e-01,7.888724640959927648e-01,1.206685394673370215e-01
3.217575468755466961e-01,5.980176506401246872e-02,7.708001690903372172e-01
6.303811607372101777e-01,3.746188120367741625e-01,5.164859230493011877e-01
4.535863744088671767e-01,8.551302388285589862e-01,4.244410769548307982e-01
1.657724954141549523e-01,1.458995458500844666e-01,9.164943009441294253e-01
9.624082487842118283e-01,7.826573293545810994e-01,9.379223046993541146e-01
4.427351943707400483e-01,3.453842522488135280e-01,1.915566694914175860e-01
2.532789699456439170e-01,7.778597270574721945e-01,1.140968506803565763e-01
6.563343395091250088e-01,1.998188386834927055e-01,5.763597984496814375e-01
3.881597043231804767e-01,3.538227383885461652e-01,6.942295828908870980e-01
7.778917287449342854e-01,8.904076501623280349e-01,8.349522343291249094e-01
7.913614059904123810e-01,9.019701696149559078e-01,9.370574884393734205e-02
9.190147295130670635e-01,8.930859914846352998e-01,9.153941631133616363e-01
6.526177941266126936e-01,6.541277775256212346e-01,1.825261622731674249e-01
4.715869906090742747e-01,3.054756900755055682e-01,9.384671142106303376e-01
8.648646005462679032e-02,7.416467577000309674e-01,2.842555140824568616e-01
2.749288760490959937e-01,1.736679460955026233e-02,3.473744939642233742e-01
6.564253509731070579e-01,2.285596126216621338e-01,7.886842770033097860e-01
1.797282106498279131e-01,3.261323986642761241e-01,8.589761661642961732e-01
2.910416511008520057e-01,7.440295608556221074e-01,6.635232336243807039e-01
1.212786015238763726e-01,6.301767535754276839e-01,2.757096379249402984e-01
8.413929590829516414e-01,2.094440499314935700e-01,3.345955613851839816e-01
9.546849181636658521e-01,9.912549518412646643e-01,5.943560413110769991e-01
7.633436744323227607e-01,2.641691281510364364e-01,5.955313204889889356e-02
5.831054882422395114e-01,5.341656369489738987e-01,6.073422663451087944e-01
8.613653402759530175e-01,8.395614681669828494e-01,9.094423663331822061e-01
7.577481283667689693e-01,2.463658200971234891e-01,2.305931504805814880e-01
7.202660491567582923e-01,5.577391244527450942e-01,6.990606247039482524e-01
1.332755290494577194e-01,8.298462906574650688e-01,3.654790995123923247e-01
2.662729425197881694e-01,9.192445357460575783e-01,1.858979351033950289e-01
5.641981271313754043e-01,2.147145995887185244e-01,1.964894710604218053e-01
7.990159585621974259e-01,9.911123746044715466e-01,6.088609569812428735e-01
8.647627558561696848e-01,6.952499537261065399e-01,7.047568065107217006e-01
8.607646124650438768e-01,3.958045811301961203e-01,8.473581040415797405e-01
9.988734647984087722e-01,6.488715816297647709e-01,9.984586624180217251e-01
9.511661146117756926e-01,6.788077864592317878e-01,5.429911599556568325e-01
5.808877735561768230e-01,8.896252754055568035e-01,8.179608111452408847e-01
2.600279021417493119e-01,7.295900677904352261e-01,3.974793468193524859e-01
2.399737720860842805e-01,5.902183379614651670e-01,1.542517581496009038e-01
2.552708672119132771e-01,6.770699695335783419e-01,2.446643264031912457e-01
3.562241162345679557e-01,3.912701011401686912e-02,1.942825945940027665e-01
4.255640561982243497e-02,9.924368979163156190e-02,4.980740175112794432e-01
9.175387767593579103e-01,8.298191784612285460e-01,7.125151255230153247e-01
6.043320322200640415e-01,4.539629009812748972e-01,6.514679574125064043e-01
6.620155460338499331e-01,1.261525917458419244e-01,1.679917943048202522e-01
8.520860776226656386e-01,3.051991706672751992e-02,9.228526010273356839e-01
2.808023758814034432e-01,4.587473142064698584e-01,9.764189533538316645e-01
2.610893740190491918e-01,8.472146366321202660e-01,4.962586153800391253e-01
6.135332450571238105e-01,4.858028821648796569e-02,8.179101409348752405e-01
4.195125379386588360e-02,6.630191068691663192e-01,9.397029503906837444e-01
5.911648977847672182e-02,6.470270729887603878e-01,6.381203525520182662e-01
5.590122668300600006e-01,7.924121413609095388e-01,9.459668120312113571e-01
4.492063601032312281e-01,9.565001555423696677e-01,5.373152999948899167e-01
5.983438451105886902e-01,9.215813765720524131e-01,9.881164552648846744e-01
4.429709269313067965e-01,1.052160757512220490e-01,7.110208762499291568e-01
9.970285188477400196e-01,8.925073288415139583e-01,2.244161901281948035e-01
1.095545209395402120e-01,3.060009467854981624e-01,9.349076888068852398e-01
1.390440268171161398e-01,3.206736341363601861e-01,1.425861159253276611e-01
7.880219986811735078e-01,7.608562018410018890e-01,4.549036521815372769e-01
8.797844308934619217e-01,7.029385521058965081e-01,2.860427351292540443e-01
2.330984563957630984e-01,5.162098467657232348e-01,8.128796596232348293e-01
7.769098226919046724e-02,1.227142951938721138e-01,2.881040597428801142e-01
4.209627245623581704e-01,4.856854997921677963e-01,1.021517190824258181e-01
1.242030528556451463e-01,4.998226316434949412e-01,4.148760477678204994e-01
9.672429029755591490e-01,9.273256987951437047e-01,7.908607016644412235e-01
2.282250064152853142e-01,2.763905791672301993e-01,9.619644035826222517e-01
8.945016715717091227e-02,5.660047306972589842e-01,1.631756441963720938e-01
2.920446971687092885e-01,9.679911018488291941e-01,1.806052124484271992e-01
8.433513879257374946e-01,1.346141832058057597e-01,5.757217133405124754e-01
8.051232876484822887e-01,2.057842711854714901e-01,6.626458555199690181e-01
2.172876302634898504e-01,8.401837294075022999e-01,2.964951219234470692e-01
9.232256013476509704e-01,6.041018463575409392e-03,1.227063958628116236e-01
6.786444982070293230e-01,7.139335995390966305e-01,2.107306306255536388e-01
5.083964380574569342e-01,4.311892464428912497e-01,6.360578645300803968e-01
8.453417322968238556e-01,6.570494952737443439e-01,6.488754097976696666e-01
7.811630848009243344e-02,8.392478961912338553e-01,3.176989987029207319e-01
9.441327867558776399e-01,2.779761696726436027e-01,8.440710089700920182e-01
9.669193917039186070e-01,5.531664216695377778e-01,8.349814888323482398e-01
