5.447160814897766823e-01,1.905956733019442684e-01,8.173498050112332214e-01
7.022543123724989123e-02,8.868604643320771030e-01,5.056623413266092548e-01
6.813908152958848552e-01,3.947976996695851115e-01,2.041163347757710689e-01
3.909401777967169700e-03,5.308411634380429955e-01,9.800360613353410466e-01
1.952108410328800003e-01,9.299023407120438067e-01,3.217262901187774027e-01
6.582290017384702097e-01,9.103686288196869425e-01,6.876171763121060598e-01
1.563754441093809788e-01,7.562748715157018298e-01,2.500906532130332538e-01
5.447697156242452543e-01,2.863831599483367407e-01,1.314516021219707120e-01
7.539348201443186737e-01,7.230528031220605500e-01,2.443026113227340090e-01
1.057344221596334677e-01,7.511603706221965382e-01,4.382645066355522756e-01
6.044001727890110365e-01,5.407645768228619421e-01,1.011500619968763726e-01
1.553506341706230032e-01,1.083392927708626274e-01,2.301999478707177360e-01
4.542397346232777133e-01,7.704258709748563749e-01,9.977371395021370493e-01
7.057509496739977628e-01,9.261169576490148048e-01,7.202258508637746637e-01
5.163195378822190706e-01,4.897716604827537790e-01,4.176255571716336323e-01
8.489265826567959916e-02,5.954962438266914182e-01,7.928919676848206199e-01
2.320830532641793287e-02,6.827666549037427757e-01,6.237861572865451842e-01
4.752795738405705128e-01,1.825346642782847972e-01,9.402830177226015884e-01
6.184717811733577708e-01,2.465649623722413475e-01,8.649891732436416625e-01
6.519629934397334070e-01,3.364048647387324342e-01,6.520454609594289463e-01
1.329333393368673510e-01,6.658675749822259293e-01,9.017457580084887736e-01
7.346950143331643091e-02,8.906775704289975337e-01,6.211039910697380151e-04
9.477046008874003835e-01,9.452916682614180832e-01,6.100570055062579655e-01
7.480697148693076226e-01,8.836266368099985336e-01,7.374951306927501893e-02
6.568918029006309833e-01,4.124417693197329760e-01,6.858720808640980104e-01
3.891437795216261541e-01,1.119814023348654208e-01,6.600263581514155264e-01
1.464388572110950637e-01,2.165778813372327694e-01,2.787010382770840344e-01
1.368225118201942259e-01,5.959725969727162065e-01,7.659676621362171423e-01
6.274013740429991159e-01,9.779417175617868274e-01,6.244459630151045770e-01
9.098509315398470854e-01,1.664741052698734958e-01,7.792484719425845086e-01
8.223768144462378915e-01,3.128908813422125457e-01,3.683797927970948738e-01
2.482555482668180602e-01,6.620604191087574586e-01,6.491634084562794005e-01
2.571829920486665699e-01,4.043985548199060531e-01,3.655779978047858370e-01
9.825085183228604579e-01,6.587036984300882470e-01,6.967842062290124927e-01
1.804674846124314502e-01,9.031000889159389589e-01,9.424401586514957740e-01
6.956385094978817518e-01,8.991270720309091358e-01,6.489816974252875514e-01
7.324697763447157728e-01,3.008672403030387965e-02,4.101078399614673797e-01
9.741601752147726057e-01,2.552485661506697090e-01,5.462407438602930876e-01
6.634044350227062958e-01,4.365616767101996309e-01,7.212312792471262668e-01
5.844268542931582155e-01,3.457320911411446707e-01,2.606559226856246525e-01
6.040351465062632208e-02,5.562606320232001966e-01,8.627744595294243313e-01
8.224428454327352700e-01,8.705680880051811510e-01,4.097931806703115631e-01
5.144202584261766686e-01,6.016825883412819653e-01,1.401199765231431194e-02
4.599919471715185892e-02,5.480637763946482055e-01,7.744706950165400894e-01
5.749551617908787993e-01,1.856401163181464753e-02,7.207091807017029783e-01
9.341104156631613309e-01,5.823066722570841014e-01,4.825199828679923586e-01
8.147626432020100840e-01,4.899644476076736588e-02,9.504443620539091420e-01
1.231130605654103816e-01,5.405767853846877857e-01,3.452890825384676843e-01
9.035794390764317896e-02,9.670790549910679434e-01,7.507768359296042027e-01
2.333756432325769792e-01,4.649555911908863637e-01,1.710882036456201627e-01
2.404539984270954722e-01,8.936084532088063304e-01,7.288941678674947244e-01
8.038802214468576679e-01,7.764341039523673382e-01,3.589668355641245645e-01
4.205275297312885963e-01,6.312474586093970164e-01,1.262111266095146123e-01
9.925264378921544450e-01,4.057659843460715843e-01,1.718960961549309552e-01
7.314119482565784036e-02,7.615771687081516195e-01,3.666428237841407034e-01
2.021333436045688048e-01,3.176750181730542133e-01,1.350585346032007195e-01
1.134219145520450889e-01,3.780726304549999472e-01,5.602227401234348703e-01
2.958658677781971225e-01,2.485798913226993090e-01,7.468088602173311719e-01
2.727674524334334771e-01,8.844680708815312320e-01,5.462701634707185505e-01
5.838223414337762041e-01,9.304746340885367006e-01,8.164896267505918903e-01
9.570490057059137801e-01,5.141174157312161652e-01,7.462355969938286870e-01
6.686019810934404894e-01,7.102197486453034614e-01,9.067375802023348585e-01
6.981101973574845854e-01,2.920864405308252199e-01,6.571872377196660286e-01
4.767789329805227627e-01,4.334428273188590808e-01,6.059891751055190845e-01
5.584202052121853832e-01,5.612710446647267704e-01,3.136154379954737559e-01
6.734034139331792623e-01,4.585672270457004096e-01,1.564220476371747104e-01
7.620096709673446211e-01,2.416647627335467563e-01,4.368010646695696941e-02
2.759631839197063119e-02,1.403638645542957253e-01,9.365077917463651147e-01
2.442757422764307851e-01,2.375121013499263967e-01,3.748266623985313517e-01
5.878546807888136438e-01,6.881355544499082599e-01,5.148793110848730592e-01
3.266344792580881951e-01,1.436270209716488111e-01,1.334271163040497976e-01
8.938855174201275622e-01,1.546213897841117735e-01,8.801232832748639989e-01
9.838756037019247280e-02,6.146561860275577827e-01,3.859525697203535222e-01
2.400398884503966990e-01,4.661822731138043352e-01,9.397721938869251224e-01
8.880109096927827350e-01,2.461254261169157909e-01,6.244655432516058591e-01
2.590317366400636256e-01,6.742173903679495872e-01,8.350031761532048513e-01
8.449553165920682396e-01,2.284681903159098137e-01,9.787689523472289377e-01
1.480771455768091771e-01,6.551704050634857834e-01,1.033111532492181350e-02
2.329690549953971068e-01,5.565044617801621074e-01,7.990946457984926532e-02
4.800425261349015038e-01,8.251915357528188943e-01,2.632655734411976090e-01
7.426811283789291895e-01,4.058084835517351552e-01,6.930451766126012325e-01
5.676556972702848647e-01,8.532012015966993213e-01,8.294858622467652376e-01
8.027709675617725749e-01,8.966485466701258344e-01,1.936189682449078742e-01
3.460009740003540113e-01,2.977925001339964961e-02,5.084102800563840008e-01
8.145111827780390223e-01,2.563290344106770036e-01,6.416981248679172189e-01
5.915911517362529848e-01,3.729341291587178198e-01,7.073873134771275772e-01
2.125807547521130214e-02,2.823298129290079395e-01,6.420239008136960912e-01
2.694174417961908707e-01,8.067225778354912835e-01,6.897583349584003320e-01
6.108537511596795477e-01,8.184797283576361604e-01,2.766333406856760213e-01
5.557542955062076961e-01,4.656690277355401975e-02,1.625461509676257021e-01
5.994650790130477969e-01,9.721990714161364844e-01,6.389520522205316411e-04
1.227202980807317045e-01,3.662716918603992067e-01,9.394335293815617716e-01
7.821939916418296779e-02,5.349941690624748780e-03,9.362359404901616777e-01
6.857745686696659071e-02,8.456242850451096693e-01,7.066881838910332725e-02
4.865270536673901303e-01,3.634569854315500281e-01,7.684756922610084251e-01
5.463826737160187852e-01,9.377925971748779510e-01,2.111911502333814195e-01
1.553647900966459439e-03,5.691272275546677140e-02,9.267311528297041967e-01
6.164932118606315514e-01,1.119519229639477365e-01,3.680218754482211807e-01
6.655236347771242844e-02,8.312824501963178569e-02,9.258007598178530362e-02
5.841421814633765974e-01,5.877066337701353227e-02,7.456958553717613070e-01
