5.902023253726720320e-01,4.886899306392359366e-01,3.994174619223880285e-01
8.009085491419598579e-01,3.599742929872811192e-01,4.097917808424289543e-02
4.017643017210273948e-01,3.291555055966939314e-01,9.965100873559856742e-01
6.399816208994553168e-01,1.704619401059601635e-01,7.698735668389858899e-01
7.113928474951400904e-01,1.386549299341351960e-01,8.909025939492901669e-01
2.779765879542771545e-01,2.579451332800344332e-01,6.432644183480595856e-01
1.506120042986871521e-01,9.610585596818067566e-01,3.690488415234608466e-01
9.423950743964678578e-01,8.197106470895002550e-01,3.603936083343054486e-01
4.317861671889525743e-01,9.410327290123786659e-01,3.186622894293509312e-01
3.247180643006302159e-01,9.119790854824992854e-01,8.012671537774552766e-01
9.909795631938747018e-01,8.634359086782523729e-01,6.589822813348494845e-01
6.142185035511683600e-01,5.517493606105736692e-01,9.478830833501701303e-01
5.621928362556027903e-02,1.641110405475701972e-01,6.799982208032451236e-01
5.023012434352100986e-01,3.028423759911045288e-01,4.650405876713109565e-01
3.335311534979428227e-01,2.308635937207426103e-02,4.138088307009701872e-02
1.583696751955135928e-01,4.879331297412610180e-01,3.764982559294927089e-02
1.770277436438457697e-01,2.124231480316181031e-01,2.204857279139394999e-01
6.228257093415181522e-01,2.513427204214947475e-01,4.161713924534233833e-01
6.123902501907341200e-02,7.577572098228064768e-01,9.883383747110684459e-01
2.262644790693911778e-01,7.334015646924167964e-01,3.092074370832780250e-01
9.874980345617748734e-01,7.433233149675300133e-02,7.161605693827973740e-01
3.488500202124836802e-01,6.302454671730772784e-02,4.568024660747261878e-01
6.150805389553487545e-01,9.748359073121255491e-01,9.890974175410931490e-01
9.743548655358745814e-01,8.637335101916805424e-01,6.911334898844800900e-02
8.024406395452746699e-01,8.333977849085688616e-01,4.189337329395812493e-01
1.560697502918974022e-01,9.670745154823944256e-01,6.271519640161591358e-01
2.636341118839943265e-01,3.069492614418911636e-01,1.281510895840535236e-01
1.038057548337766312e-01,9.722919685646046473e-01,6.575460962987847990e-01
1.043042543140841882e-01,1.938306272023996302e-01,4.759063613866604259e-01
1.331799497056311843e-01,1.386778055141262289e-01,2.030890731783615566e-01
3.099869282451791497e-01,8.993339176539330015e-01,5.450720813323307601e-01
9.934014226127857450e-01,6.696197587567109810e-01,9.792990177477791658e-01
7.503555789426306077e-01,1.238197998619228191e-01,4.024123809818203057e-01
1.476680268649519512e-01,4.499727231726947663e-01,2.963776880159894045e-01
2.592574792228534708e-01,1.313999197986845946e-01,2.746797643002941713e-01
4.019389985380630304e-01,8.425996264944668468e-02,6.478495736844708253e-01
6.904443876967096827e-01,8.015810655578103905e-01,7.361406145074220753e-01
9.177746713682098934e-01,6.420053305112487507e-01,9.889752941745050263e-01
8.922888819862981880e-01,1.789190973945042895e-01,5.695154806480868803e-01
2.375074608258337383e-01,7.156861247569730189e-01,9.697118320207187558e-02
2.989228631528011437e-01,8.179085136859363114e-01,9.547513945985756090e-01
3.006278513874094394e-01,6.565912240387213883e-01,9.774121342065347218e-01
7.277149156928234275e-01,4.428443838301973079e-01,3.823794580217210193e-01
7.910703119582818132e-02,6.160100554561933617e-01,5.486446531294187912e-01
8.340873279051378431e-01,7.860878327431869428e-01,3.701275841688083101e-01
4.365799398278098487e-01,9.676372647447600839e-01,3.724141979039967687e-01
4.773620071132788079e-01,1.660791392321966375e-01,3.895435961358091337e-01
9.465334976927776145e-01,6.401424008576678260e-01,7.369272214454751779e-01
3.444563255971259119e-01,7.188601895248466489e-01,5.757279496735882018e-01
9.210445471813495377e-01,7.090101515649293029e-01,7.233918838328946554e-01
6.995558062284762402e-01,8.964800965004060540e-01,5.694143127486807066e-01
4.143080210592854362e-01,7.798889527693546597e-01,2.258599614730776306e-01
3.637990322522570708e-01,9.008823800427250283e-01,5.763877958546617108e-01
4.545050317949264063e-01,6.689221042885835633e-01,6.134619185274895470e-01
7.685705454260668423e-01,6.667409062304827660e-01,9.118615648267766050e-01
7.804127850383530962e-01,2.792534065561140810e-01,2.840515826275937794e-01
1.649182644351708804e-01,6.199768165391411623e-01,5.000894158456806737e-01
2.109807713703699683e-01,1.510414600109805106e-01,1.322172242761232575e-01
7.128341238916282574e-01,5.878108137259581145e-01,6.596572539043272787e-01
7.192678451808763862e-01,2.738475537979013774e-01,8.396194230684028703e-01
9.769666518335486938e-01,7.397406124554781748e-01,5.382983914224760413e-01
6.900637174553987396e-01,9.434452683943757023e-01,1.305688796494830495e-01
6.947607717270339878e-01,4.159322502369110497e-01,4.506937077666717251e-02
3.348369296808788587e-01,4.241758810307175720e-01,8.493377088826239429e-01
2.080283909175880686e-01,7.288642292396729783e-02,9.216825552244223285e-02
2.238100670100260370e-01,9.924444792023181527e-01,9.434458611217263480e-01
9.551038818795996033e-01,9.077286872639820370e-01,1.784648709499834229e-01
5.503702426492741440e-01,5.438005051222898345e-01,3.732263601137382203e-01
6.351138830180915740e-01,3.756442829322308441e-01,6.040181289410577747e-01
1.326598698715576452e-01,1.023855131490372106e-01,1.752769602620337652e-01
8.909755130292885683e-01,5.009753353303437740e-01,6.708782454043727972e-01
2.153685451765232628e-01,3.765091732847802852e-02,7.876232215269196590e-02
7.405049784366868337e-02,7.022988366324159903e-01,9.172984784772342248e-02
1.556775842115628583e-01,7.659591486920575010e-01,3.885396591561817159e-01
9.615407124270974881e-01,9.711493834379680834e-01,1.461178591213294631e-01
2.045340691099029051e-01,1.118886277115060945e-01,8.193939560112546427e-01
8.163878754618884015e-01,2.831018065620637403e-01,7.270266800725347922e-01
9.957568213335031837e-01,8.767899242624325185e-01,5.293814138007464365e-01
3.205395028017301584e-01,6.834145061138903188e-01,3.254337088548691082e-01
5.022515651121751690e-01,7.955082849701186065e-01,6.486521733764302189e-01
4.623107875369983910e-01,2.696529866283969845e-02,2.267361237066045643e-01
6.545923615167322795e-01,3.014298810982680710e-01,5.677005055904693620e-01
6.893680285542123087e-01,4.957576851992266942e-01,5.236229027364532884e-01
6.192235728969283093e-01,8.194937808187678918e-01,9.681856211211143926e-01
1.524571065393129921e-01,6.329474546952230662e-01,7.699102156907267069e-02
5.553468842476748657e-01,5.578306459789451610e-01,5.507131874703199426e-01
9.869825971579810897e-01,7.908267235734308676e-01,9.753252248005317426e-02
9.393424838497307361e-01,6.451501973888904562e-01,9.462114337651109652e-01
1.658819012375166713e-01,1.098610805252087097e-02,5.180160197212806406e-01
3.890439876897576754e-01,3.342295457253591229e-01,9.789214850392983225e-01
6.703061178947168353e-01,8.064082564360504080e-01,5.070512925947323613e-01
3.250705118142105388e-02,3.939756924599581156e-01,2.098786009659643348e-01
4.913774082210581318e-01,5.212927274345475759e-01,8.280514097201083779e-01
5.571254308392592502e-02,2.698269741920823472e-01,3.965602496643994002e-02
1.763659321750422615e-01,2.051976090572644740e-01,2.769288083064325168e-01
8.073577057308055638e-01,1.377932450782501927e-01,7.828207787749854596e-01
3.394165672441442627e-01,1.126836737475911399e-02,7.467050055870524394e-01
9.389474809592347482e-01,1.579955456655288693e-01,3.008488413800182171e-01
8.274934615081862566e-01,3.722429824990777236e-01,8.858545092543915755e-01
2.914379005407795598e-01,9.080046257511502628e-01,9.339806064635999272e-01
3.494765406263777852e-01,3.602149570627907194e-01,2.958462100756168445e-01
1.744462254418106539e-01,5.559001062296164974e-02,3.852208532254811635e-01
6.329079645493380646e-01,8.124796616309570840e-02,2.806806701348475430e-01
7.600854833226472484e-01,1.362299785515259654e-01,3.191801222363651602e-01
8.807841445515987022e-01,7.512912532182416392e-01,1.821231475291742452e-01
3.850275233043845002e-01,4.681524917202931624e-01,9.788745490469187294e-01
5.207448051333799510e-01,5.439491953938794255e-01,6.770946937145994049e-02
6.721789358532901382e-01,8.096690693146408879e-01,3.147859254994710421e-01
3.048076521645507464e-01,3.609409867680480888e-01,3.780590861807551217e-01
7.013986205557487530e-02,3.061501175193264146e-01,4.663121043820200873e-01
6.232399570616392603e-01,8.803470786319815833e-01,4.273426655555534470e-02
4.568186546307129170e-01,8.630145101264092844e-01,2.572989274787615965e-01
5.530976469316718491e-01,8.574754080623462338e-01,2.500296193050445259e-01
7.127628355093618140e-01,5.524752345135427456e-01,3.771765463836772581e-01
2.611580706979829136e-01,7.910401121801140523e-01,8.398105550613585990e-01
6.879146219420859687e-01,6.590726310734098536e-01,6.168011821021024410e-01
6.586021624994889967e-01,7.213464159055655855e-01,8.351774303562506940e-01
6.831823642647746331e-01,5.647183567709744834e-01,7.853113547016999929e-01
9.381143195138019752e-02,5.677197298890033217e-01,4.903516609713454155e-02
2.196539415211988810e-01,8.806796440419554228e-01,1.908736471266153645e-01
1.381976811753313772e-01,5.572328645333676223e-01,5.303444888314317041e-01
8.529529617030661148e-01,6.240032300388057562e-01,2.950575296631202660e-01
6.919888703041801037e-01,7.276868321306669829e-01,8.878016421396096591e-01
2.232617524715778679e-01,3.890407819678169954e-01,2.197787652500596822e-01
3.381143671553088481e-02,1.792913404958962342e-01,4.447129913416573155e-01
3.864222096565739228e-01,1.251562744848129238e-01,8.114582630149529408e-01
9.673096592484559109e-01,3.404316332778046794e-01,5.824286853877465031e-01
7.242457820420679093e-01,5.624122979985882731e-01,8.952740762219532078e-01
5.391956134138409240e-02,9.630902919039699972e-01,7.020153999606382200e-01
8.941322516892651340e-01,3.152554562201952404e-01,9.830481790822992449e-01
6.645475988996306649e-01,2.049079650709516587e-01,3.623202081889652648e-01
7.395156853570558075e-01,8.050392587995849336e-01,9.846858260832439536e-01
9.050124339086859093e-01,7.909741903873849234e-01,4.088646980440852063e-01
1.293209931799305101e-01,5.497837772639713183e-02,7.863413541294465015e-01
7.340150729712866529e-01,9.992864968352160870e-01,6.673403466593696987e-01
5.428200375583709381e-01,4.212416346191885097e-01,6.443431891659350264e-01
3.015061498659724615e-01,4.039081475929822140e-01,8.054118738751825379e-01
1.287067745425839460e-01,6.442322185259869993e-01,4.547977626098418380e-01
5.103887451964139732e-02,4.045428048647455865e-01,1.025624495879090547e-01
3.592950187163633791e-01,6.830234238656301970e-01,5.088078633476837975e-01
3.636185369017781444e-01,8.623029119127096909e-01,2.174335817461769960e-01
4.174336411792135548e-01,8.624344854599567123e-01,1.378585622611019357e-01
9.015362351074410752e-01,5.693266266763286065e-02,8.822082382198769279e-01
4.191577638010692830e-01,7.257935920042777322e-01,1.953162468426615783e-01
5.072267048708376525e-01,3.676894205351239897e-01,3.336233360765055167e-01
4.872394958654919783e-01,2.368206180923275728e-01,4.386097001605440138e-01
5.423740376205365976e-01,4.182387930528259634e-01,7.726525325680760892e-01
1.835923646389964192e-01,2.968384907586714139e-01,4.810124333590499734e-01
6.228588441403604126e-01,7.950670328453491864e-01,4.389776223604094918e-01
4.910766409964207879e-01,7.759924108814717503e-01,7.761255151640001904e-01
2.174022263362564988e-01,6.512464786107843295e-01,7.709173664506325796e-01
8.427156254253572731e-01,7.375914910696638183e-01,2.495068239378083197e-01
4.804002066197456955e-01,7.936433386889434338e-01,9.391077378150656241e-01
1.617180505282833636e-02,6.356228918720097099e-02,9.213432466000123222e-01
9.668657616473963490e-01,7.499793255881703757e-01,6.614806014070289120e-01
5.323025587164453842e-02,1.646938340418679925e-02,4.693480496229823773e-01
7.407936836717208262e-01,1.488388594520601016e-01,6.538291782636860283e-01
5.927829996360499676e-01,2.853121901249280334e-01,9.124380871452381081e-01
6.113598922665879343e-01,7.709306273986402669e-01,2.711526056785481531e-01
2.738565097779760427e-01,1.616598036716657694e-01,7.074075389394512969e-01
6.366061119036080518e-01,7.659579994448073581e-02,1.399824006747628635e-01
5.733467719056417611e-01,4.267160207784822523e-01,9.104674917671805590e-01
2.096119822002765476e-01,1.862789528014425766e-01,9.190673740045568474e-01
7.452427768912897044e-01,8.388451027849802566e-01,8.330458522096532148e-01
1.720128634009557844e-01,1.832374341255215144e-01,7.000594059179556794e-01
6.395211822908595245e-01,6.590457168994314774e-01,1.796929843392233161e-01
5.203031645408907613e-01,3.992487307930753238e-01,4.387327292893287156e-01
9.333083398166129863e-01,6.749729677469490374e-01,5.472242665769836423e-01
4.608794632569107597e-01,9.533403231285294543e-01,5.407911000197959117e-01
9.856807045098727738e-01,9.548919828476155613e-01,2.251219916466263848e-01
3.654965146829336486e-01,6.278043578912966272e-01,6.135546404244675012e-01
7.954180002395100368e-01,8.285342051655386619e-02,7.525645402142527862e-01
3.038097291286669943e-01,4.568284261805143354e-01,2.874328286017058254e-01
1.776559149402179294e-02,7.384366020051602586e-02,6.671177717574210408e-01
1.997190033966046441e-01,6.054591454882700674e-01,1.169401391430923143e-01
7.660236396368034217e-01,8.164303173263174340e-01,9.001920744037643640e-01
1.069456246111312181e-01,8.306345170918317811e-01,7.497523033220718780e-01
3.227996628006490898e-02,1.254606215631911548e-01,3.556509390280204741e-02
6.003870388111217649e-01,9.576538048078118148e-01,1.063721733059264096e-02
1.602750156601071563e-01,3.803243815814427720e-01,7.912386119902314885e-01
7.623881951640854027e-01,7.359868049768494291e-01,8.319531396555094327e-01
3.977446465015304078e-01,7.804464470275733756e-01,9.283763400394686727e-01
1.070632736531795803e-01,1.989124898445271405e-02,3.317150914928639338e-01
4.186978683243781640e-01,7.550698040597905170e-01,3.158232424851918907e-01
3.032492646232474165e-01,9.642277680108167770e-01,7.842684520956736405e-01
2.402206287817528763e-01,5.713432699566722839e-02,5.808869157279559214e-01
2.133711077138510381e-01,3.943746847481254258e-01,7.976339024024388102e-01
6.580994439374789895e-01,5.857040701024718299e-02,5.593268500297072787e-01
4.810723308442066415e-02,5.998692065679818164e-01,6.759526967982540935e-01
1.119730783879073766e-01,9.735607246198137998e-01,1.421875073871898820e-01
1.971538441563538413e-01,7.050020783411508063e-01,8.775177512810393710e-01
9.316537599548624371e-02,5.785061913249051058e-01,1.985416010289544619e-01
7.445242987829122638e-01,1.570753761650302005e-01,1.921886175480387315e-01
8.753245077008893205e-01,6.307842431899652880e-01,5.804878762615069965e-01
1.643409546817612421e-01,9.985936725514636958e-01,1.050387313667867639e-01
2.075063075114929045e-01,2.604066706861067892e-01,3.561586914554760730e-01
8.374353873005756510e-01,8.473066784274023711e-01,7.601699123584664264e-01
2.727729170283950122e-01,3.970496012318514012e-02,5.000493723469608964e-01
9.504744212560647387e-01,8.580064019690025745e-02,2.727816885154786819e-01
2.036197767069077846e-01,6.999734761355288493e-01,7.209315441769804655e-01
5.464490480239081460e-01,4.178277078316202653e-01,7.825896027981082970e-02
3.766131315459311235e-01,8.946427329399997408e-02,8.249584001249211651e-01
3.400844662033359889e-01,3.547759787977097234e-01,2.743722539172868125e-01
3.970194284201911117e-02,8.360352036023022126e-01,1.452019869270075869e-01
9.788655178410962110e-01,8.386165856609416602e-01,6.769437110353442311e-01
5.656777619363240195e-02,7.768980474600537534e-01,3.291213687977456726e-01
6.849630238833706031e-01,3.563012588033531713e-02,1.097229892987771072e-01
2.626381425561025162e-01,5.466905184647389282e-01,5.045806074122316520e-01
6.202799783459219674e-01,8.179281360228385367e-01,7.438245538255192635e-01
4.120867402598883400e-01,5.671440498646982409e-01,9.960123691717011063e-01
4.468874931762789604e-01,3.114697307084290934e-02,1.158333587734851067e-01
5.834022691876794564e-01,5.862873215350443701e-01,2.474728192479694888e-01
7.732857179616561272e-01,9.174726884415213002e-01,2.376416949583104454e-02
5.955825833107087908e-01,5.328508327038095072e-01,5.149987469017466291e-01
8.872266855325766644e-01,3.300351821237034189e-01,7.621436949903507285e-01
6.102445559940590236e-01,7.140629695735992710e-01,5.942919199947823694e-01
8.599636911280921225e-01,7.565643798045581514e-01,5.924526143051528360e-01
1.795414042557069711e-01,4.473551157637769560e-01,8.151272020532318585e-02
3.976615581521307785e-01,7.770032147392396116e-01,7.975670676118145064e-01
8.362618202010638768e-01,2.585778780220566730e-01,9.026236802054050656e-01
3.441150967378787673e-01,5.818974523312954172e-01,2.731404048719286992e-01
2.886895955593159480e-01,4.972767883603808059e-01,1.484559228998649782e-02
9.832336455439820710e-01,2.977187251756181485e-01,1.842717452273601175e-03
8.953895565481750918e-01,2.256113713374665597e-01,7.187086735395695758e-01
2.249511140967617173e-01,8.019681396200132317e-01,7.168006038448736517e-01
4.019350882260523949e-01,1.857999724164679511e-01,2.609016835895261455e-01
7.867777243998687053e-01,1.466841770774213183e-01,1.104197850425925331e-03
2.227957081652177651e-01,7.978478581611179177e-01,8.576447453574251867e-01
4.927486604789514946e-01,4.899813491217865913e-01,7.702022345336052567e-01
5.407931976222313253e-01,1.598521142158415564e-02,5.650480508131632273e-01
9.062582432715859948e-01,6.651854019308526267e-01,5.166560252428243905e-01
1.778864879174085756e-01,3.420964542983532253e-01,6.242499288079319530e-01
5.647362339797996622e-01,1.902601213664082414e-01,8.953241973109462570e-01
3.979758915081080817e-01,4.118404462781367625e-01,1.247264490409386584e-01
5.978762993097780365e-01,7.366383021559064215e-02,1.531133560567404794e-01
8.095311344792952557e-01,5.879058938076510143e-01,1.408921271142670184e-01
8.670616414257763527e-01,6.855374260954762988e-01,4.056124452884163345e-01
9.317845842705807513e-02,3.406963956265358640e-01,5.335631583210114215e-01
2.135625301287261690e-01,9.963236564506325887e-01,6.476145191177353766e-01
9.056024583101363046e-02,3.753178014111595573e-01,8.511717609744822166e-01
5.662183183717826029e-01,2.609279091464538070e-01,4.458334110744538448e-01
3.605931810344112920e-01,8.192817557062102019e-01,4.214976732164332773e-01
6.737951013070808681e-01,3.171774663841128161e-01,9.740388298307939285e-01
7.995116520893813528e-01,9.176891741885467857e-01,6.386931555800744453e-01
2.556566963001383197e-02,1.704639342150903181e-01,6.569724891912547271e-01
9.921467384275792778e-01,2.140628411694636135e-01,6.579263882601205093e-01
7.884090310372868782e-01,1.683032105161686998e-01,8.136298657000531342e-01
9.581957673377748952e-01,6.151239081225983174e-01,6.922965375796745757e-01
8.102381612724139925e-01,9.893445672486235187e-01,5.874635357369513144e-01
9.466718689115615204e-01,4.299577517850271535e-01,8.768683866623638856e-02
3.107102632753271365e-01,8.776791720905086081e-01,3.688830478983379235e-01
7.420458480443682392e-01,9.069484676104728749e-01,9.181645779336099489e-01
8.287005718001847487e-01,8.885523960001751043e-01,5.030270582528693080e-01
1.160301397084350095e-01,7.164200402552791669e-01,6.641304060317622104e-01
9.995617136857430918e-01,2.066501245397610598e-01,8.720037845936301490e-01
4.675010145490980928e-01,3.103320481399243214e-01,9.387073098533931237e-01
7.687253582174391475e-01,6.235403462216650983e-01,1.657893891710326972e-01
3.959555489909823978e-01,5.104828369502296681e-01,5.394265547911664127e-01
1.736479086324014265e-01,1.567143043257257506e-02,4.310155905291744860e-01
8.452091569858711795e-01,1.286034657285685112e-01,6.782368571351240494e-01
7.750810791960269786e-01,5.964014972972326856e-01,6.871856323129125199e-01
6.558861519767381631e-01,3.615279839500065151e-01,9.411976413464496760e-01
7.793793557344896872e-01,8.290678185902411457e-01,1.421595053826332222e-01
1.313552497979671996e-01,3.465689287780304717e-02,2.671871390464786167e-02
5.486088456250537426e-01,1.375382310459817292e-01,2.715222947406944476e-01
6.003140667831717847e-01,4.351876141105748275e-02,9.513788767814692626e-01
6.122912938984592657e-03,9.592900262920788235e-01,1.614350950021289366e-01
7.133447116533382371e-01,4.810604534524881570e-01,8.506199644227113721e-01
1.628067635753509546e-01,6.327289999108595131e-01,6.490866950576336114e-01
3.204897992412700791e-01,7.505364486053901496e-01,4.603583989160427992e-01
8.902043440622173787e-01,2.787916462945316809e-01,8.850500854634806291e-01
8.115508691714929945e-01,4.952689177802870324e-01,1.618049806345281949e-01
3.930326768893617206e-01,8.812239086471860272e-01,6.839779314102577557e-01
7.909366797053892784e-01,2.964118550846016609e-01,6.053802197581467093e-01
4.463834953078011925e-01,4.871017651416076344e-01,6.417743121905398196e-01
3.473044977205539396e-01,4.723121926404154625e-01,4.970452609154474288e-01
9.926006290612265914e-02,7.017497239904301187e-01,5.746872984495700054e-01
1.977931907776945275e-01,5.526790204199325540e-01,6.221434686476476905e-01
9.866639545700254255e-01,8.413889477750311485e-01,7.140680694435541653e-02
9.851676429092384168e-01,6.024398129514404454e-01,5.752085002298902294e-01
2.034226998823491783e-01,1.183317516542025105e-01,6.443717534556518967e-01
3.189865569816082713e-01,5.373190777881393654e-01,2.095675797128426776e-02
3.377088331296033141e-01,4.184858176570168675e-01,6.834432101440639507e-01
9.940542090587614066e-01,6.982853520590669438e-01,9.849713185921753489e-01
8.361011208009924145e-01,1.095910426926627323e-02,1.631535794188005983e-01
8.936207714685867609e-01,8.504489114407265404e-01,7.657339580768371956e-01
9.691939228448228638e-01,7.422984217401473739e-01,6.302248862479878921e-01
1.395645750953802278e-01,3.861504344982824577e-02,4.038738162536292808e-01
7.604365669874902922e-01,6.581703251470429894e-01,6.670009963953436039e-01
6.055684729720386406e-01,1.336697591853494016e-01,3.807368948501991257e-01
7.406521940930758108e-01,8.247035969080732665e-01,7.106123403030566443e-01
7.506146040589336543e-01,1.581606403089653723e-01,5.622723677059906500e-01
2.045697369953529687e-01,6.873936981777756250e-01,1.256484101041515089e-01
1.885256958126608762e-01,2.817532391211973186e-01,2.044650335391750007e-01
4.325746949210186321e-01,4.781205415002538484e-01,8.414492478205398696e-01
6.950487450903399811e-01,2.622347754768898920e-01,3.926425683810630396e-02
6.691515602038397015e-01,3.815000106667432167e-01,4.949321503829873237e-01
2.830895005413791576e-02,8.477306676436674460e-01,4.723590428003512365e-01
4.999875001182960688e-01,4.230049930368779965e-01,9.141379938798509519e-01
1.801308258454932254e-01,6.476736170741757004e-01,6.593118032644814663e-01
7.456718085627196402e-01,6.431426472674171002e-01,6.019337912373379229e-01
1.340182835735140854e-01,5.605270753155422447e-03,7.410525684124946721e-01
3.106953786328668921e-01,8.770265967311591249e-01,6.424290603479613226e-01
4.209922898758432508e-01,8.561476858871838180e-01,2.734299231944833375e-01
9.387367749614103918e-01,4.752163998965002190e-01,5.076764589441972175e-01
4.405673441039283933e-01,3.178906241793547638e-01,3.539410974408652155e-02
2.561338028125812460e-01,5.323416362641024691e-01,2.247860271920021358e-01
4.153751351946118886e-01,6.024908476580265182e-01,4.865475620961388081e-01
4.326323168899086635e-01,3.701547546895676000e-01,4.933740600165064105e-01
9.222605196222910529e-02,4.700695300362106588e-01,7.342861484517365644e-01
5.296201361788208661e-01,8.522823869990600043e-01,9.174499513599381206e-01
7.665316670576635127e-01,6.837053174908461761e-01,2.999364137323635715e-01
1.469354564720370959e-02,6.156346360470390522e-01,2.170336097541798459e-01
3.399835262772077371e-02,8.532709047420216075e-01,3.957172954230037121e-01
2.993721494116542425e-01,1.801025610863116189e-01,1.803066292154206218e-01
5.435368305323712290e-01,5.223698684565846184e-01,5.863857015650751903e-01
3.193566210955651741e-01,5.170031799437324604e-01,6.666389732753765784e-01
2.133783095654578910e-01,5.463709520013407817e-01,1.003468635118009988e-01
4.285371375835150820e-01,1.358038553137264071e-01,4.600173681317538676e-01
8.401147371136238329e-01,7.919026092647629689e-01,8.684720582438089087e-01
6.656702197205999205e-01,6.191860239527648968e-01,8.368795844047340893e-01
4.503879145226646896e-01,2.904567004355455007e-01,8.552283770058224377e-01
4.856161895540352935e-01,3.986336693920647933e-01,1.041818672009638957e-01
8.215395657525934592e-01,8.639254336156172442e-01,7.725725462141082023e-01
4.300089525553156822e-01,6.268201980039211918e-02,9.754029915415718399e-02
1.088059365971728587e-01,6.069616226371526979e-01,2.732724211178755302e-01
7.653629735985443272e-01,4.607605273414461244e-02,2.165687290895875750e-01
3.015895763684188768e-01,3.494437364217001241e-01,5.932177445890645107e-01
8.831231259072696016e-01,4.194096009574750372e-01,9.489301640152028039e-01
1.553926936729838060e-01,9.170429931267332080e-02,4.808540171156678866e-01
3.754461421040162783e-01,1.690166036528543136e-01,5.163981719004140380e-01
3.851529595460825295e-01,5.834317928605313730e-01,5.157473189177371742e-01
2.569180858174705540e-01,4.841159052480156211e-01,3.185406444648594126e-01
5.888529610765684819e-01,5.404302704036775262e-01,1.158765265537217148e-01
5.153971444262839263e-02,1.230213563555974110e-01,3.866928976062702361e-01
4.478446952357151289e-01,1.291465704613473653e-01,6.014415194919198182e-01
8.050702049061088106e-01,8.867627640707858028e-01,8.540878763184193145e-01
6.011980778031266182e-01,8.064355261649280848e-01,2.732759726935447553e-01
7.205954612132176029e-01,3.690310133051462049e-01,2.329561842293654816e-01
7.735208071973632693e-01,4.872756731098900618e-01,7.751852382240093098e-01
3.560321788473060911e-01,3.788826112307830396e-01,7.850797524999146848e-01
9.113040805209119410e-01,9.320639502841744362e-01,7.047075259331948560e-01
9.719393874933560662e-01,9.393709399585761233e-01,3.279643745673702648e-01
8.078866261534661808e-01,1.369590732857305371e-01,7.580744845984522806e-01
8.641493424630709574e-01,6.047760187695945255e-01,6.021018301615920221e-01
9.423703007514613317e-01,2.303007459458619177e-01,3.449924854843192668e-01
6.650250954271460513e-01,4.157118264876680236e-02,3.944170773041305589e-01
3.933833045815071650e-03,9.042804855443086209e-01,4.509941243762685126e-01
3.767580955515978935e-01,1.316102366133808932e-01,7.878056680733092065e-01
7.655242397032366863e-01,2.930214178507067890e-01,4.205625908588775941e-01
4.271263021732258913e-01,3.628110066108081178e-01,4.241652134593482115e-01
1.363917358638632171e-01,6.588280555055555654e-01,8.153310843468846159e-01
6.460149351529422823e-01,4.531230412038531608e-01,8.929801903702181409e-01
2.039103039835777897e-01,7.590130963859702540e-01,2.982887839683381337e-01
6.084135184710462996e-01,5.395048970538218747e-03,3.685279016649956052e-02
3.751864054915046154e-01,7.683713806827102699e-01,3.555559726404423637e-01
8.342738242151219730e-01,4.954875410187356000e-01,3.974537818691488145e-01
1.812221884618377965e-01,4.406887804133827746e-01,7.250033599775929094e-01
5.173239612141309340e-01,6.295028384499129492e-01,8.809094934850439929e-01
1.212329092920315654e-01,5.275143633775738472e-01,4.165330492246477334e-01
8.573507456642259772e-01,2.002852761121246550e-01,4.857347827857840805e-01
2.700860769834532160e-01,1.284080822334894290e-01,2.285618388171533066e-01
9.499008772689609970e-01,2.221521324554318610e-01,6.350962032562696979e-01
9.932038833663989763e-01,7.316698514499534456e-01,4.771534247382089866e-01
5.131355918648835557e-01,2.637279918081307795e-01,5.667685048468894538e-01
7.922145385346658353e-01,5.398937176280481642e-01,7.130956549740522510e-01
2.944807446557823338e-01,3.771138246615873824e-01,8.272492098854296039e-01
9.303512338041568519e-01,5.573040874053236671e-02,1.470156421225792265e-01
5.167032832579694368e-01,1.143153769869739156e-01,3.888757622116502111e-01
2.971528936861247416e-01,5.806377434261086323e-01,1.173092615748918544e-01
4.138752771276804632e-01,8.915258319759301608e-01,4.175699825350824845e-01
1.079913716356462050e-02,5.964218288253078093e-01,1.136385824820872470e-01
8.910291043917343279e-01,8.536828159783690362e-01,1.901697656387298929e-01
7.341756912073710284e-01,7.925588316134546396e-02,5.827391144383741173e-01
5.565243159654257310e-01,9.590088617616308042e-01,3.181473567732295837e-02
9.274506290289137311e-01,1.823076331307802445e-01,9.639329125729296788e-01
7.713351246702062625e-01,7.958831953955671779e-01,9.069790848567127473e-02
2.782674937001816673e-02,6.636874536363197574e-01,1.108780582285884275e-02
3.952960279198284299e-01,8.216721062362650763e-01,5.192300592814025340e-02
1.182538673917192806e-01,8.987874302376421820e-01,8.763025187736144250e-01
6.943744663256750105e-01,7.157824907651437751e-01,2.701241512506250553e-01
6.687077575961345444e-01,8.908409731855627678e-01,2.744919415021531695e-01
9.161315242167411554e-01,5.190293327130003354e-01,9.464556944663768956e-01
3.498764471852005009e-01,8.140591153546086201e-01,6.088964996648271732e-01
8.634654985746605949e-01,5.210613090879572251e-01,8.803217119503378152e-01
2.094448892969615894e-01,4.983738747627448618e-01,8.391617233702913792e-01
3.200492563276972069e-01,1.127659793630867435e-01,8.390368501405816026e-01
9.624316707039380914e-01,1.408927821559680105e-02,7.445165805999713893e-01
5.100902785404438644e-01,8.713418402935410034e-01,4.088655548457797995e-01
7.233312063683465798e-01,1.173542825556015412e-01,5.368046512696615924e-01
2.101597871793463579e-01,5.672948630584536689e-01,7.278073625113158363e-01
7.548359619181566060e-02,1.222894207551387113e-01,4.081904483816471974e-01
8.263340541336535727e-01,4.995360472802072849e-01,1.576724916555102274e-01
2.874461712720813855e-01,4.382489468367500862e-02,9.796178940733017981e-01
5.456087877326597502e-01,9.993041487185150284e-01,3.739303855079711969e-01
2.948131308921887461e-01,5.738781450560499486e-01,3.477205732174248887e-02
2.576341869800159445e-01,4.643864129290778964e-01,6.343721361697032268e-01
4.933292948583937187e-01,7.600536899916161548e-01,5.638819854461756265e-01
8.284912108686841581e-01,6.054539382735848463e-01,9.922660584847453613e-02
7.094548113854858284e-01,1.274149043565070416e-01,1.542333087869218744e-02
9.835948207604678917e-01,8.314367740013448582e-01,7.665881792533103534e-01
8.001875756342587964e-01,3.372391266703184121e-01,8.727836781579420000e-01
6.880902332040853553e-01,9.825038186087620140e-01,4.462354989314023523e-01
1.387812735028927102e-01,8.874630249248497416e-01,7.358453557197360828e-01
4.444195914964202965e-01,9.536837113555409751e-01,8.883661977307982793e-01
2.905793757601959904e-01,3.808852860921908556e-01,8.403715937694475890e-01
1.554346345908896865e-02,9.540389097867675305e-01,3.267740259967425454e-01
8.029825807892919665e-01,9.321924476807588178e-01,4.345472848269431587e-01
1.190667541767638227e-01,2.478449712618751022e-01,6.816094890493092917e-01
6.465867716465271142e-01,2.853550687095190996e-01,9.862974577771747020e-01
7.424432342644503580e-01,7.330394736334944206e-01,3.744246264930317647e-02
4.053142402559881674e-01,1.789916602163943438e-02,7.446668481999370037e-01
2.982896225892025521e-01,6.228807148253302506e-01,1.852103851708801763e-01
4.582599993017855144e-02,3.276170681207573043e-01,8.453836018902272098e-01
2.307249007553878739e-01,6.172846653553341056e-01,9.547303858713794833e-01
9.566388547899741246e-01,3.808579529253142137e-01,3.469132918032279411e-01
9.593337119611711206e-02,3.594144763106703611e-01,7.582747254292532268e-02
7.130503523208231442e-02,3.083379234050303008e-01,6.242310657963340281e-01
7.781161344580860284e-01,6.445134576832169948e-01,2.356177022081485939e-01
2.595956616445616039e-02,4.487628185237735323e-01,7.308111570013892111e-01
7.387976429509522935e-01,8.397678962433385852e-01,5.223562823083156559e-01
7.805084315632416780e-01,2.956585393524059358e-01,4.845610204352797101e-01
7.630501444970791969e-01,8.706713581547863567e-01,4.624129368677746266e-01
3.370919146233323227e-01,5.119629555145248645e-01,2.137064360414098196e-02
6.198132073612454551e-01,1.178387758086563153e-01,6.895588147331106477e-01
3.174024676740276885e-01,5.872163143145732178e-01,3.702612235072992863e-01
8.152113345643183795e-01,5.235207468148502796e-01,1.377120433924224896e-01
4.995467898623866532e-01,6.761147268049515491e-01,7.942174033449069803e-01
7.176780680880143759e-01,8.102857818673214751e-01,8.427573662638967456e-01
3.486698007388275844e-01,7.898779227560782656e-01,5.656424843419385340e-01
9.382192062460945614e-01,2.891472050781784819e-01,5.710879282099006193e-01
5.429004529090538655e-01,2.510718752490315175e-02,1.126626228116456296e-02
4.066389796662627232e-01,9.260479667321485087e-01,6.789033135005551056e-02
2.483841873151808599e-01,7.303852657392829739e-01,2.608487038661997381e-01
5.143627604622458271e-02,2.791901820108733112e-02,3.596171769155143139e-02
3.345289898002156148e-01,1.022574882763087611e-01,8.817437686141881281e-01
4.013272397464676677e-01,9.011210537234630724e-01,3.699611785608278858e-01
7.176185422485895637e-01,7.039011777528584313e-01,8.867117779034914271e-01
9.465586923954802945e-01,4.647131605643072261e-01,7.469237361085016014e-01
6.847468314917861676e-01,3.071825843230618913e-01,9.913128876619962115e-01
2.771108809374689397e-02,6.260728735584822902e-01,7.473664117854815769e-01
7.213083929751150647e-01,7.406602760754086301e-01,3.093228869163638928e-01
3.583324362365440940e-01,4.741240898226199985e-01,6.797276849022183542e-01
1.105591218388682906e-01,8.871305077954139140e-02,7.143768524249449747e-02
4.399955356298386189e-01,3.816006582209109377e-01,1.920795362800982176e-01
9.945111448955072930e-01,7.553056418655662574e-01,1.434541875307776548e-01
4.660400805147674186e-01,2.397429331172126199e-01,8.858855920807536810e-01
3.307164744374258003e-01,4.773602727229697695e-02,8.943183471843625387e-01
4.848650694006376716e-01,3.926290187174874546e-02,7.800264390851650020e-01
3.572939248231030707e-01,3.653575353418222482e-01,8.397381191198636241e-01
1.275448631475841754e-01,9.349291529680651136e-01,9.470982362034221502e-01
1.234631762320119730e-01,9.115210155456543450e-02,2.267763068023372908e-01
2.886812063445214349e-01,7.971312805523874667e-01,2.183028759492734450e-01
7.210769985438276741e-01,3.819504807034044269e-01,5.164319920267576025e-01
6.736326952542888158e-01,5.577151093020371597e-01,5.635345245848225604e-01
5.263221591433796531e-01,4.714762601158687394e-01,5.641287820642775230e-01
5.294796348334493974e-01,1.184582907141507047e-02,3.052494040736292158e-01
6.118747392993351131e-02,8.351034114977088363e-01,4.160289444066711528e-01
6.613827902504634260e-01,9.035526435701458636e-01,5.295962479524167765e-01
6.428429368221713069e-01,8.434372197154256234e-01,2.156184527321259869e-01
6.888900277645738646e-01,3.584656727884679706e-01,3.904378683173265197e-01
1.303242562562140217e-01,6.406535187254842612e-01,1.365684143746288548e-01
6.091092495984987698e-01,9.091627433574870354e-01,8.947822840376182807e-01
5.859044819785726999e-01,8.741637358074708652e-01,3.303968030319319737e-01
5.201957141532778106e-01,8.806129524594413782e-01,3.869150249725862301e-01
9.171006118906914750e-01,4.467092590399319718e-01,7.542553605304483932e-01
9.113766762891959416e-01,5.808227092915000389e-01,1.626068870678532008e-01
9.580366125175360237e-01,6.985277194788295230e-01,9.201934359868587654e-01
6.892328455016923927e-01,9.800838000122062965e-01,6.522636127208228940e-01
9.644042331050101113e-01,1.239479875064630754e-02,3.076396238997689547e-01
8.144917907190066808e-01,7.001133845663812805e-01,3.506132632418914596e-01
4.482423390132539431e-02,1.965411403139847302e-01,7.610857704948819080e-01
3.017981581507954703e-01,3.205115170969388139e-01,7.503490610943248651e-01
5.558240511940445439e-01,3.170573268638243736e-02,2.025269018145861022e-01
4.902563640928804256e-01,9.023805465013271521e-01,4.915707049901256731e-01
7.973062715193478533e-01,1.839932997857351982e-02,4.173090102606541452e-01
8.499901613411148249e-01,3.854336768638115807e-01,7.846553705064939210e-01
4.017810462336662836e-01,9.071127122786453167e-01,9.347264346110620847e-01
9.602262312772559261e-01,1.450246232094366539e-01,4.821904176909791451e-01
4.634910433953842723e-02,1.717015886393389312e-01,8.933791350193300840e-01
9.126226080948578456e-01,5.237874012633301213e-01,5.779340938401310579e-01
1.711857956589692975e-01,8.317660071002256350e-01,1.319183741819422995e-01
5.040980965778746326e-01,8.862093168393840870e-01,7.455898568326568832e-01
3.069694697230187508e-01,2.848196640984506089e-01,9.247332976451774211e-01
8.205963148674310093e-01,2.230519455029106313e-01,9.578838293680289606e-01
6.084744560402748359e-01,2.041127013894795672e-01,5.135514430121510543e-01
1.409501745128255434e-01,4.489427163975993063e-01,7.287507435022040347e-01
8.928411495896184658e-01,1.702452959835953905e-02,4.593933618286678566e-01
1.973002046992236025e-01,9.690312162724828982e-01,4.552928981452083468e-01
7.949850078925299046e-01,2.630297542452386672e-01,3.854873011328868726e-01
7.917652958709453515e-01,6.488369481489324464e-01,3.837199660596105621e-01
4.615763075715885178e-01,2.327860016354528216e-01,3.339385631962552559e-01
3.856674155744191923e-01,5.347562418222824299e-01,8.391743284430430716e-02
9.801447362534126961e-01,3.550867237256764009e-01,7.194841811489307570e-01
4.072867691143677860e-03,7.892459460143045336e-01,2.088950667790269167e-01
4.213736734841320164e-01,5.362189648201537429e-01,7.561508203618172441e-02
8.820301166383971436e-01,9.286059366074694843e-02,9.527638695210083331e-01
1.735051462289978197e-01,4.320800987020083639e-01,1.994045203225085494e-01
6.491276314689098381e-02,5.637455559944124506e-01,9.135491481388421375e-01
4.919022233988212811e-02,8.009294880071665679e-01,5.808013470688957458e-01
