1.693000392608847715e-01,3.083830647205115794e-01,6.740946093184634336e-01
8.315364773276294752e-01,5.367764530406947676e-01,1.569075251722502617e-01
7.245785138887528287e-02,8.241131719674200662e-01,8.357366368473022611e-01
7.765295396493503421e-01,7.627837194504626384e-01,7.271521362105406450e-01
7.052222819968427814e-01,5.338478053366945142e-01,1.599201549976059233e-02
1.875014400599960274e-01,9.828777124124331577e-01,9.748968179566478431e-01
7.813734113618684418e-01,3.794164152794187173e-01,3.743648361001633562e-01
7.720046895919462360e-01,2.016078812164159295e-01,3.458588647943818817e-01
8.395023928377254308e-01,2.304749541539036217e-01,2.018595757699740423e-01
7.646219719825748662e-01,2.141086436646056912e-01,8.607142380104829682e-01
9.309241468601184843e-01,2.023685891139997972e-01,7.680688825841864853e-01
5.321824671537050966e-01,4.264960128589940780e-01,3.176255149116634646e-01
6.942713894346085324e-01,8.299477461438719006e-01,2.625670085739728599e-01
4.279840352255017688e-01,1.195580569869713061e-01,1.317635708621290869e-01
7.509028886517196133e-01,4.263931091772190651e-01,2.775719233192580626e-01
6.297303044752270429e-01,6.039799820914341089e-01,6.496615382184656173e-02
4.444122809773940475e-01,4.963008322325039856e-01,4.255209701383165788e-01
9.170398159861360421e-01,3.437998234618097060e-01,8.020176839753535569e-01
6.095431914139828322e-01,4.483872554607096772e-01,7.421615877796250427e-02
6.869946525193292297e-01,7.240337074662605010e-01,1.198304452544441956e-01
7.431150209214548719e-01,7.494732345195451728e-01,6.120675973949014637e-01
9.591584534481123470e-02,6.033971045268576860e-01,4.154168125575500303e-01
6.901449320439474455e-01,4.467485575604742687e-01,3.112179229738122332e-01
6.780304533473734407e-01,2.539320672116448518e-01,1.044654708270089660e-01
5.881872850012331844e-01,7.527233251837861516e-02,4.410702148078292639e-01
2.388641627730979655e-01,6.102724981116554037e-01,1.618748154614808588e-01
5.441054820121052904e-01,7.654879547030619680e-01,8.407448025915187362e-01
7.403182781655929245e-01,7.014020925750952262e-02,3.686105109563669879e-01
3.141453802226467085e-01,5.063213699345505692e-01,9.378849398222988132e-01
1.637071699408964021e-01,3.603195859019325820e-01,1.945769124881158163e-01
8.855587055881907199e-01,7.766745200447966457e-01,2.055943786781000426e-01
8.109083179287402965e-01,2.212797527772751849e-01,7.850418154041288732e-01
3.982850095934942214e-02,3.208803401135612576e-01,2.180946247903980950e-01
9.651923614440991450e-01,6.950307831246533841e-01,4.457304733539982911e-01
2.805481481617100314e-02,4.174688830090149683e-01,2.468383039287245229e-01
1.810612030814153783e-01,9.942364890407570099e-01,6.165267684353148425e-02
4.848742022064342905e-01,9.089308530614276238e-01,9.789886736259110211e-01
8.660734517018546796e-01,5.787483045341180743e-01,5.561475252749020770e-01
6.004121160095255982e-01,8.365391153964680804e-01,6.585133194932479839e-01
7.502800688837214516e-01,1.300026590450265029e-02,5.163505110708933588e-01
8.031544337432590108e-01,9.991575718439459353e-01,3.063890854432606003e-01
9.020233380398787748e-01,2.469685162523248545e-01,8.710482181479246577e-01
3.124118576151933002e-01,1.857542132240811439e-01,3.417474144148556769e-01
8.347660450444110980e-01,4.936648311262563649e-01,9.261084640193357753e-01
3.364435703852941550e-02,3.472581544696893285e-01,5.106081374095744474e-01
7.377883946165719742e-01,2.352237015129321485e-01,5.934905650483411899e-01
4.803707652138239359e-01,5.126049833471244543e-01,5.972745668021072207e-01
5.356553723650392396e-02,6.111281772619421293e-01,9.131843192683952726e-02
3.179080488419505635e-01,5.923157415228982314e-01,1.186986687142864705e-01
5.991066067651835692e-01,2.043266617344990932e-01,6.844173780028016685e-01
3.256219917944276343e-01,1.982885646800359725e-01,2.528428052258002712e-02
9.679757366223462611e-01,7.810969849564063372e-01,4.143103896244685336e-01
5.392910605765995902e-01,3.813026157856657106e-01,8.541384831728265903e-01
2.662394215335956993e-01,3.205867694116748545e-02,2.056869462451331732e-01
4.349317155242373723e-01,2.084213730507857854e-01,9.197004844858729378e-01
7.316563862884872815e-01,5.918571158030844215e-01,8.978319114382535826e-01
1.636668199502632204e-01,2.908749030032214966e-01,4.976113813245359729e-01
2.573290955401313918e-01,6.781252494315302970e-01,1.630299875492986494e-01
4.890086546413818791e-02,6.116921484158975852e-01,8.542925005690591433e-01
2.004996632544983060e-01,9.648139479299562282e-01,5.990527134164671530e-01
4.873221530443625493e-01,9.182815430258111089e-01,1.389735664557493200e-01
3.542464771842874782e-01,3.774292528368545785e-01,9.839967691759664570e-01
9.564824285888500199e-01,1.815352188371091025e-01,5.066118349718090608e-01
1.282608246694769694e-01,3.481040980287378739e-01,2.965315922818559935e-01
2.808723577495009227e-01,5.035794688218914184e-01,7.690413068516275263e-01
8.930762209364737636e-01,9.978189060590652026e-01,5.521227481313699670e-01
3.368964735518024112e-01,4.321141123392214789e-01,5.588561417787741847e-01
3.236185858307402130e-01,6.907861536765419475e-01,3.293084560886505585e-02
4.515188758607130426e-01,6.600695994730635396e-01,6.520869458388700579e-01
6.466856383727370705e-01,9.957032150299973683e-01,4.771563598407324580e-02
6.302960822487383430e-01,2.955779542340851718e-01,9.100147377117280278e-01
1.874807662821509346e-02,4.388436869435803356e-01,9.843916062104007825e-01
1.812649060847859595e-01,4.195654202771247343e-01,5.003617545437006875e-01
2.191816676739999359e-02,2.353356024193931084e-02,4.791099189482901366e-01
8.706783441700813864e-01,7.241314183332646648e-01,7.396637314342119351e-01
9.568301027878537424e-01,1.789324936455459758e-01,8.502238471650713780e-02
4.300731405603767099e-01,6.728352824422278999e-01,9.454059868977109371e-01
5.639301887613425990e-01,4.676805307854816629e-01,8.362411652949560681e-01
8.663531308229044381e-02,1.670980787662826872e-01,5.187223350689098567e-01
9.177513132571583077e-01,5.656937955008226604e-01,1.638751641080743449e-01
8.865185234408456960e-02,2.950362100827484957e-01,1.964883261129617420e-01
3.717250149011129823e-01,9.069577536372670501e-01,8.139300657153455409e-01
2.327827435048371862e-01,7.205518951791145543e-02,3.748586368900186372e-04
3.871854326217106790e-01,4.350350408819410042e-01,3.639070137060927967e-01
4.414222253165834831e-01,9.582226247511184125e-01,1.080696949366932724e-02
7.502916259435218338e-01,1.361158240319837454e-01,7.440619517654996073e-01
8.059648289461158743e-01,5.812973875448249617e-01,6.726223704795082359e-01
9.073571721798400214e-01,1.099163163518702691e-01,4.388852983767890237e-01
6.914952735142220197e-01,8.288763736171144147e-01,2.612413688858317151e-02
8.443104983698236365e-01,1.257100100694024114e-01,8.344751685364000249e-01
8.704537454410896657e-01,9.784134345346785500e-01,2.292419833357006720e-01
7.939769001008646354e-01,4.677922261922037306e-01,2.459024055125090813e-01
5.390697433680455841e-01,1.152367216340741685e-01,4.253606035277269770e-01
5.226465311945183156e-02,1.687720702092446734e-01,8.985141364498753225e-01
4.090719925534919144e-01,8.077367522498973829e-01,2.570283121237848523e-02
4.399041915618602250e-01,1.022542948443950772e-01,7.575442235260891888e-01
4.883652787936246797e-01,6.621709415066514559e-01,1.104536779015785619e-02
4.460981448663631221e-01,5.110263846398759302e-01,4.531745703363699862e-01
9.414844367542193337e-01,5.943040211527823580e-01,3.914464713858964995e-01
9.576463348928386798e-01,7.130229364277357318e-01,8.226761322520781405e-02
