1.170272063682773478e-01,3.908776261080962877e-01,4.890095595571006815e-01
6.035063882630032905e-01,2.934892485682190078e-01,4.156734018096869265e-01
7.715964829551229531e-01,6.605453998600172572e-01,2.064186566109138532e-02
3.163603625004731690e-01,5.946452623155018546e-02,5.584839511098076414e-01
9.471162256849927630e-01,5.672511272821842976e-01,1.618805688253432962e-02
7.428175633560535340e-01,2.664413616257843564e-02,5.835100465264320135e-02
5.291703452280083209e-01,4.571866124787460350e-02,4.468190746368851940e-01
3.129544574502770571e-01,7.361910698809035480e-01,4.373101727027605135e-01
4.515084051270707999e-01,8.804116634285997778e-01,4.420532457316158625e-01
5.006006649582041002e-01,9.049883993707467100e-01,8.657148173853050910e-01
1.347184881093621556e-02,5.410573003268511760e-01,8.428281684356775383e-01
1.550432197206081941e-01,1.309878410811867733e-01,4.186245512274989755e-01
3.959402926099000464e-01,5.500837124984561122e-01,7.723546942768139134e-01
2.108491617037100418e-02,3.039086883100775571e-01,4.014529409010251237e-01
3.885786051298665278e-01,4.243514760345190595e-02,6.975757132376724234e-01
8.054230489045796082e-01,2.622726179623143805e-01,1.362941495104177392e-01
3.094254369269571203e-01,6.957591681919250703e-01,7.785587732505593328e-01
7.410135938938845479e-01,6.194738238015889964e-01,3.509895973380957601e-01
5.432104916307550768e-01,6.603788403364428961e-01,2.150093233132172044e-01
8.152824216108980337e-01,3.324700973270030557e-01,8.080694201942884014e-02
3.376039972304805126e-01,3.919066243074540434e-01,8.175175769003381054e-01
3.871973470183294186e-01,8.028787101595887821e-01,6.000554529176662655e-01
4.871286771960943174e-01,9.289779983466081026e-01,7.580374776361354927e-01
1.672959953458194038e-01,8.223840774235813278e-01,6.277098773234351947e-01
7.871823962406515607e-01,5.692761408703942427e-01,1.233098115792184979e-01
9.732364306352806471e-01,2.667363522372034890e-02,9.922653421134809415e-01
1.384608278826361394e-01,9.187923105613025054e-01,4.825853098058697777e-01
7.831680618906731173e-01,4.607580961848296575e-01,9.409454896765179210e-02
8.303598253599739909e-01,8.267078790089055218e-02,3.348378044039699297e-01
8.785403778404187181e-01,9.333541123754190982e-01,1.893403240469815341e-02
7.431611918877621958e-01,5.316463734635900051e-01,2.196101714338484223e-01
4.911428678765402678e-01,3.718139454918133469e-01,7.840780372997516734e-01
5.282536040967242830e-01,1.371866607877377797e-01,9.257558161806417329e-01
5.167221365158799484e-01,7.993169497848946481e-01,5.481104693425093988e-01
4.755920235362041115e-01,9.206801297317905863e-01,1.257603966556367636e-01
3.119883041061616291e-01,2.620001765355117751e-02,8.053785414607127491e-01
4.948580508419238022e-01,4.614842059218852155e-01,8.825504897412530525e-01
5.484360853908898381e-02,5.949945198744946984e-01,7.487179390123659406e-01
2.523471206141416623e-01,5.844207734001463095e-01,1.605532749096916234e-02
9.766673394161438093e-01,5.363709562598493186e-01,1.682573884671204612e-01
4.902944344960028511e-01,4.557463716915679530e-01,3.696359380385345617e-01
1.586849972557696775e-01,2.648336355443776657e-01,3.344874062218359256e-01
7.804322216248437138e-01,2.629312166663588801e-01,6.786944874300449015e-01
4.175965071635060477e-01,1.167284094851359644e-01,7.790852232211283868e-01
1.535347174988017649e-01,6.455787594478822333e-01,6.803837427119381331e-01
4.986183677169927497e-01,8.201336832066339344e-01,3.964133875940317742e-01
6.670769204794841922e-01,8.664561013407232615e-01,7.171892622094326875e-01
2.355462232559801805e-01,8.806373798279413245e-01,9.530225201698400150e-01
9.994891045980952571e-01,9.184268794862733287e-01,2.698528909349348082e-01
3.055840315286446618e-01,8.552474660003710483e-01,1.846076961775700020e-02
3.221697337955553575e-02,8.345443661001793467e-01,3.868155163013776709e-01
9.994595207121214075e-01,8.358967170004267810e-01,6.309307308014638904e-01
4.852127729517715649e-01,1.567997750229842557e-01,8.339914420008687213e-02
6.524885544067517973e-01,9.585913522457811808e-01,2.517025401458142797e-01
9.968033205863611190e-01,3.879943777722809628e-01,3.788228462646059391e-02
2.089411600255084434e-01,8.489856527951318288e-01,6.420089621936867497e-01
2.983392451325549422e-01,1.280352018558458260e-01,4.360327061781005265e-01
5.353702232988767351e-01,7.573409128238607346e-01,7.974341342509694286e-02
3.776405015662683828e-01,2.923499864890423128e-01,8.798394806417819680e-02
8.690818274880680594e-01,7.300971476073186972e-01,6.438943350915399266e-01
1.165271764197045590e-01,6.008650513476637700e-01,9.101408461731508304e-02
1.027034122665188010e-01,5.620261200362274279e-01,4.584803389050240430e-02
6.874966951939393001e-01,7.004270197648575502e-01,6.690539884672227489e-01
3.857573010969017613e-02,8.221584427785558757e-01,1.635451891062332797e-01
3.983279727415975913e-01,5.766531976559595707e-01,8.226201123235241663e-01
8.195431747619020824e-01,7.107571910731542708e-01,7.306381332804779971e-01
6.678566130006411417e-01,5.019291212013315961e-01,3.954322518404309594e-01
3.468408480252483939e-01,3.888308868034144883e-01,5.784144728173490346e-01
9.510997902598368192e-01,5.015888500179435106e-01,5.907869921512178824e-01
6.600822179070093831e-01,6.001639402026299752e-01,1.268486383094535874e-02
1.151048545248589683e-02,1.394687680808721630e-01,1.075356776666217540e-01
6.006082059930196726e-01,7.226299315080368935e-01,1.283628411974627737e-01
8.141635316638129449e-01,1.940258937426577734e-01,1.878825410465403412e-01
9.476155648142846610e-01,8.190973091462531164e-01,1.303813981541126488e-01
8.176152012287449811e-01,6.019206085172202902e-01,6.841978383800313424e-01
6.863018041355062326e-01,7.286654466429483001e-01,7.783729099676683916e-02
9.642772815984740342e-01,8.134056130469631274e-01,2.818027867685226617e-01
1.445263461007213479e-01,9.039416009616429992e-02,4.054555139828996957e-02
4.392456286370192142e-01,2.333766872942176773e-01,8.088271241190397864e-01
1.120624416886423225e-01,2.901181799199260558e-01,1.622028760661259339e-01
6.121221510990603187e-01,7.113552300896274216e-01,4.784505044798372797e-01
3.239357164134353262e-01,2.432296499186242800e-01,6.461003362357976565e-01
6.722788786192878119e-01,1.054465830444736296e-01,7.096751136516672442e-01
9.489249810506036331e-01,6.530308864815593806e-01,7.394144445095272022e-01
4.650518034934176814e-01,4.080138602578898821e-01,9.547651066638397355e-01
6.343819299818149737e-01,1.683281475097457847e-01,9.204156298297696548e-01
3.076673295687822884e-01,8.679296080906616639e-01,9.592733621563184210e-01
3.419990246796735800e-01,8.775475481925001375e-01,3.937620762838320854e-01
8.187480822012509485e-01,8.912693745789669331e-01,9.224877895985446052e-01
3.446680689433467837e-01,4.056888083026843894e-01,1.661451139361003193e-03
5.193263034585352544e-01,5.778817808428050595e-01,9.664210467501215263e-01
7.249853747351164834e-02,2.549709900626633274e-01,5.414488318015896473e-01
3.947843511384966364e-01,8.522693594446325571e-01,9.863196026200552469e-01
4.108730309674015757e-01,9.166837028952101729e-02,8.200695371915915910e-01
3.819760238258005369e-01,5.228533687571682576e-01,6.593512185822431038e-01
9.995034282870407516e-03,5.539757454761269351e-01,2.822888682975421837e-01
4.292168305026783370e-01,8.126853030624849872e-01,5.643450226062504127e-01
3.337200374676577708e-01,1.510665670349446987e-01,7.573307558801379846e-01
2.078847123293686705e-01,4.998941908184030281e-01,5.216472827213245456e-01
2.317074341588587494e-01,1.251455370251176591e-01,5.845684570138602876e-01
