2.995868503637010294e-01,2.433550676321101225e-01,4.585944171076423714e-01
8.588551697391240136e-01,8.757311776734333364e-01,7.002142929258100557e-01
8.409227837321308074e-01,8.580508184734736421e-01,6.932567849487287770e-01
8.878795436433215560e-01,9.056868878509942711e-01,9.019657391732243124e-01
5.188378514681899478e-01,1.108270784277899379e-01,3.477475630566627673e-01
9.091194031289879796e-01,5.945330269647680632e-01,9.355050788458034727e-01
3.548095538159588003e-01,9.923955451522189497e-01,5.982408874235293217e-01
1.374739059553620191e-01,8.029304472779695834e-01,7.598060303792434356e-01
6.247077440263839598e-01,2.307440438355523593e-02,9.003015794471240785e-01
5.555476564782618754e-01,6.165027453569855709e-01,8.912447152210327683e-01
9.186848436094272596e-01,5.150557046063334310e-01,5.782650959886037612e-02
8.471029963599729928e-01,3.350038571763428452e-01,3.897852465464985983e-01
6.572419729894548590e-01,5.481452683503673651e-01,5.979948627517643889e-01
9.488842224114992785e-01,8.433494984460844224e-01,8.670684560878363367e-01
2.368408060225205558e-01,3.876872645859508193e-02,6.300022824668083388e-01
9.479729111101899974e-01,2.727574379482687883e-01,5.424168789275978231e-01
9.023844032952499372e-02,8.394203605447442262e-01,9.668253520397485090e-01
6.326746975577368648e-02,5.148620819842105734e-01,7.237577118049741687e-01
3.968248550960417065e-01,7.337790396373364832e-01,2.525431523352178464e-01
4.570744339075288876e-01,9.499073998545414232e-01,1.117158485604337059e-01
7.753915152130305133e-01,5.524771212513536200e-01,3.316607645515212699e-01
2.021580623663252751e-01,7.231857425094750935e-01,7.326125830554686136e-02
5.876573856092356385e-01,9.368627914151861358e-01,1.558692232048156656e-01
3.660407687405109467e-02,8.102545712009533441e-01,6.406063815890198354e-01
4.570737037779065703e-01,9.214691554577235655e-01,1.362898611992559017e-01
7.357380094542771420e-01,5.191714490669199211e-01,1.869844402695707286e-01
7.946305844991741196e-01,8.113087159270750970e-01,6.401682653288833791e-01
4.137429679822619555e-01,8.797710266672917889e-01,8.670426404378173135e-02
8.080915413630963551e-01,1.787409899756252640e-01,9.298069452342822006e-01
4.964990084797672454e-01,1.449630160404324908e-02,5.843084499589176195e-01
3.484945935103371806e-01,4.595501664273015097e-01,1.007499382283987277e-01
8.474251531600965892e-01,3.389166209195961788e-01,9.781975031083738337e-01
3.646107974384523720e-01,9.146774589899844266e-01,5.043054920420463327e-01
8.359852202093801532e-01,6.958045960462961865e-01,8.625925285572515477e-01
9.017680214765518842e-01,1.404513695281266461e-01,6.310017630125167587e-01
7.110248500499792845e-01,1.752978061115799679e-01,6.531915933619402148e-01
3.590055718944595853e-02,3.500962896874567631e-01,8.870680041776689562e-01
2.540113220047256481e-01,7.562184557785939232e-01,4.733894263486501108e-01
4.970493678581512365e-01,8.348391862948484343e-01,2.643077232896171580e-01
5.450788381412376982e-01,3.102839728132966712e-01,1.214806343141761058e-02
9.612491439629974321e-01,2.363415113909054233e-01,7.075447471209206363e-02
1.633957016502101123e-01,6.189905253546678088e-01,9.982703836451003454e-01
3.175417618366443984e-01,7.897182088441746517e-01,2.606589977290658666e-01
6.521164112664924462e-01,5.028858734986411116e-01,9.006754572865272035e-01
1.065896506907171304e-02,6.000328936974369531e-01,9.457846064654098495e-01
3.924420140941020652e-02,7.751528979952436726e-01,2.084181822956632235e-02
3.880324290831997924e-01,5.818613888395794964e-01,5.736444033285498234e-01
3.070000879115525327e-01,3.998058311892236372e-01,6.626470052599753302e-02
2.889478147521541418e-01,2.596016185855548608e-01,4.517719136939999380e-01
2.941466716034576434e-01,8.226609069265007346e-01,2.649906792349009388e-01
4.182320797972349791e-02,4.107443354179677319e-01,7.717848486038795253e-01
9.323398093564683187e-02,2.816615105888391479e-01,2.389966414024108365e-01
1.314530696361119189e-01,4.795120046806882197e-01,8.297111056514128169e-01
5.756657484895055799e-01,3.150957563087383173e-01,3.530161931627374683e-01
9.178998051540416814e-01,9.018413435923922084e-02,9.980387767094756057e-01
4.922864640824589078e-01,8.249420668798039813e-01,4.319800073212977098e-01
5.445474240469579952e-01,8.914609158454120941e-01,9.805232484567618645e-01
7.555801374686388350e-01,9.083453408161361597e-01,2.410784730387269814e-01
1.507286478236982141e-01,2.017215324008961863e-01,2.861905045443480233e-02
2.331830461479972305e-01,6.265871169424430676e-02,8.206054167865682869e-01
4.039436881208191554e-02,3.746842863060290130e-01,3.529368001287054302e-01
8.082998687543363481e-02,6.794901534987383140e-01,1.263915558796194771e-01
3.606943416593045848e-01,9.373196375417083281e-01,1.810346483649638571e-02
6.759752812546098166e-01,6.768366578722950777e-02,5.437148520872079338e-01
6.997383926446466562e-01,9.869031279943704105e-01,9.555360277026808680e-01
9.022848631470097303e-01,5.324219517795369949e-01,7.431878529800249877e-01
4.782524025931548239e-01,5.271275350091335632e-01,5.202994651342207622e-02
1.678948543107869895e-01,2.252982444818363295e-01,5.603389135106521257e-01
8.477282608016888377e-01,9.901132366065245050e-01,4.001218891247214637e-01
4.141277783976194948e-01,5.274273548248982202e-01,2.228350983970087684e-01
2.725303003374732747e-01,2.440804684383920398e-01,1.788444551088150813e-01
7.621354281797797503e-01,9.577793601699539083e-01,8.558453122181619577e-03
6.590942331506232099e-01,7.842832786721063432e-01,1.108510221195484480e-01
7.562822499189575387e-01,6.017480726916630829e-01,5.652287347272950679e-01
5.767365700871118772e-01,7.653447954583267876e-01,4.264295987149406830e-01
3.265861944394305993e-01,3.987246359941168938e-01,9.894574174054339144e-01
2.481574516428181054e-01,9.720652385719146249e-01,2.673434923397034479e-01
1.267911364786995509e-01,5.741323643367834961e-01,7.615606056583933414e-01
1.192418862136980229e-01,4.497694113732167986e-01,3.310339424702272160e-01
4.728803853913376987e-01,2.733121594958340950e-01,6.140235075452304958e-02
6.291441141317865027e-01,8.158288994484341750e-02,9.310716532934510958e-01
3.525211224066040483e-01,2.534613402176103536e-01,5.482560374142660953e-01
5.725601915300410072e-01,6.002804942570537650e-01,5.995414507938798820e-01
6.724149268450158035e-01,3.997632246174436244e-01,3.816211101964028796e-01
7.839172138661077982e-01,9.563759831702918213e-01,8.888540876378692168e-02
7.012391776657449505e-01,2.659125914482545205e-01,1.559475954751987636e-02
4.080562835088487050e-01,4.668521810209234069e-01,1.192239920202743386e-01
3.361380841028993594e-01,7.727720705852492156e-02,5.245924288936820723e-01
4.150366508047134140e-01,7.920702055586248402e-02,6.813021122574279831e-01
4.520064403583271551e-01,2.687605817457801027e-01,2.173017892077014901e-01
3.376417591665313855e-01,5.794508643470941411e-02,9.332517828548805294e-01
5.615443548746333891e-01,9.400650720120092840e-01,5.102745462195066306e-01
6.742341957050892454e-01,4.117453148436224231e-01,6.420405132252491320e-01
1.442211195949048008e-01,8.053560924596608883e-01,4.318878135022864440e-01
3.653757538061453980e-01,1.676962071013322619e-01,5.455707629571868722e-01
8.781034316897933234e-01,2.587259858065671381e-02,9.834304142265681836e-02
2.257779807502895419e-01,4.064483952536986910e-01,6.992674287670614941e-01
8.569751948854812396e-01,8.105106017586229950e-01,8.820859110124298352e-01
8.103430004326972469e-01,5.042085408172920502e-01,9.586163327452418281e-01
6.770812341059322392e-01,3.148901681457947355e-01,8.373659664890593657e-01
