4.619083892954951587e-01,7.320422121966663198e-01,3.231753475871698145e-01
3.425874864201766679e-01,6.025250624078792860e-01,9.982743927190841360e-01
2.283042699890300842e-01,8.287401876950604152e-01,2.624148263654535462e-02
7.730828342704598732e-02,5.392789334992378336e-01,4.663044480945607306e-01
2.240075451288373598e-01,7.095198862737298606e-01,2.314392740887640798e-01
7.762604855047968710e-01,3.091186615025338646e-01,9.003719104193441680e-01
6.692704238143821760e-01,1.606364031820500804e-01,4.790077241900406735e-01
4.934147859953422754e-01,2.773101369062961341e-01,2.363324552753645058e-01
8.372694931572601806e-01,1.029419609579539374e-01,5.835538505662871689e-01
3.113508743792967604e-01,5.823870991103748951e-01,7.611207418682308656e-01
7.583546678281576359e-01,5.791248470971586126e-01,7.341681282632449568e-01
9.797891195338810366e-01,7.815086298678883825e-01,3.385076711255556869e-01
3.916965773815996865e-01,4.905748174935953276e-02,5.722290758539165800e-01
9.914289390515558242e-01,4.922400816424619130e-01,7.272904076268584816e-01
1.096018011236338241e-01,7.701975507842250268e-01,3.650114762107897759e-01
8.186758041273697328e-01,9.319917000928568118e-01,8.831985425125919997e-01
4.452526335285231784e-01,5.451840701988697191e-02,8.988360809367986759e-01
8.134236495500835051e-01,2.965448983552370077e-01,9.494931957789898291e-01
4.333057749568438588e-01,1.678842834294346220e-01,6.053579225446452661e-01
9.672720857879743006e-01,4.820395492535984872e-01,1.843588184295754662e-01
2.869462045154275165e-01,6.233585060681479106e-02,8.413887028317801331e-03
5.384568189974714425e-01,2.378567627657947048e-01,6.137602672302057139e-01
6.317650528388547571e-01,3.818109931956092939e-02,7.386038424660984480e-01
2.931622480413901277e-01,1.798426564165902519e-01,5.727837534437455469e-01
5.978068338824747974e-01,4.397469750197318117e-01,3.427954737472338476e-02
6.869015305635521873e-01,8.205238546609194827e-01,5.567881727139797343e-01
3.989948986965456967e-01,8.628097085094351693e-01,8.911024120502855084e-01
8.312189032152543788e-01,8.219963724037224750e-01,7.548411379900796803e-01
8.441182912682042572e-01,7.669747456895943394e-01,2.714814515970409570e-02
5.906919522353766272e-01,5.678364269832489875e-01,5.169124795325660271e-01
3.651549696804774481e-01,8.736099294451294961e-01,9.351577271435901340e-01
3.578165226875733573e-01,1.450616213810921318e-01,5.438088005592235374e-01
4.240727427636290514e-01,9.134904941391753797e-01,8.621562551283541431e-01
9.316917547721013104e-01,3.295649755907272827e-01,5.037591091261995890e-01
7.181422035837120577e-01,9.723524394768281454e-01,4.523657623451811105e-01
6.316989384494986481e-03,4.254573736190252475e-01,7.171465982037206199e-02
1.638517053796083589e-01,8.548956628632750077e-01,2.046449876575933136e-01
4.600584836761201224e-02,5.195484544033711627e-01,8.577509920914081487e-01
7.787415383518854206e-01,4.242339197695131903e-01,8.117462489302218476e-01
1.694391768671432708e-01,5.763484686920028466e-02,6.664035887270726155e-01
6.614266077152068934e-01,3.619074912851667492e-01,7.660353936200235969e-01
8.959731967114141771e-01,2.430622305314960041e-01,1.648488968448090786e-01
6.242165847718099680e-01,9.238683481502149020e-01,4.478144991326038493e-03
7.117855641849110127e-01,2.197541085866514532e-01,9.301090257693456209e-02
3.348627276786785290e-01,8.657571490933660963e-01,7.079665463494511091e-01
5.244742353697584569e-01,5.821330654833521967e-01,6.157877689427614376e-01
2.261157705439401644e-01,5.055334144946745933e-01,7.277788876199418056e-01
4.293587945646928361e-01,2.652702986871013913e-02,1.893655135540338597e-01
1.156156551200221427e-01,6.230045911228292432e-01,6.537533140985735125e-01
6.229060874826237715e-01,4.673727391020711108e-01,7.994587982494357759e-01
6.811520629742604527e-01,5.377077418214487592e-01,2.920663014651426748e-01
1.278724438073665093e-01,4.023039589792228865e-01,7.899537542559570413e-01
4.772610004170937392e-01,8.265009737889529307e-01,4.970304374326549590e-01
1.688866958331571855e-01,7.826685978876973815e-01,2.231840138698933940e-01
8.589040653525558122e-01,2.960229787120218781e-01,1.531581596301591075e-01
3.022763742549645638e-01,6.307422635881483330e-01,5.091863355217981502e-01
7.944983431822530973e-01,5.232405405134121779e-02,4.819789972058827754e-01
5.578165341612560946e-01,4.992916878099751266e-02,6.968858097593114698e-01
5.960797533371986479e-02,5.785296636084642508e-01,9.449810928447999192e-02
2.777710684457450618e-01,7.196321684240407635e-01,6.644322289589983388e-01
9.165952161600586789e-01,5.405882629745035750e-01,4.457914155955500224e-01
3.441809324981179863e-01,7.015270562575698365e-01,7.426333696635155635e-01
8.369285622519073709e-02,6.045719076862208219e-01,2.423295321444265404e-01
6.762195629442825373e-01,5.969719822429675471e-01,1.572136186337727004e-01
3.568534311427454808e-01,8.103676259207646115e-01,6.714628706478509290e-02
3.824967764979343432e-01,1.417923587603001634e-01,1.211961058726929163e-02
7.023218890933833336e-01,9.647379444990483721e-01,3.840226677462632576e-01
9.445483883870564590e-03,1.013801222043632100e-01,1.675963480050897125e-01
8.756493420397665206e-01,6.711059226349147533e-01,7.795751697109373213e-01
4.977045904585331026e-02,5.102850828697885754e-01,1.717618637282578575e-01
4.406304133735494677e-01,8.869239054582823689e-01,9.605691934312839964e-01
7.584767084162691297e-02,7.600459259216931773e-01,5.039961889932065287e-01
5.692450798256372124e-01,7.286163645080285800e-01,2.188393609623221492e-01
5.165673124981953190e-01,1.521072828035080482e-01,2.037933317194923211e-01
6.689492258731419838e-01,2.708379175134534300e-01,9.684137985088955292e-01
8.443488589058660843e-01,2.097807968551026470e-01,6.889969086991070135e-01
3.185076771793132755e-01,3.906182090063238244e-01,8.474642247534502904e-01
5.153547460112973821e-01,3.089929840195460020e-02,6.861330383737768157e-01
3.886618639225458693e-02,8.802438874503438759e-01,2.651450851266726749e-01
2.510759664770989552e-03,1.627563270952809837e-01,5.874275881144004341e-01
6.422162537174121999e-01,5.420434933414640666e-01,5.681853387129128796e-01
5.520274902208816004e-01,6.393436629650277592e-01,5.209226565680556975e-01
3.383316385288992478e-01,5.252690322556832214e-01,4.475644544306678352e-01
7.761353921276666901e-01,8.538626521219346843e-01,1.342646960699633851e-03
6.379049789229237488e-01,4.837904318047668850e-01,4.654852348630716952e-01
4.894919231157488504e-01,8.326150810705368333e-02,5.154412382770495737e-01
9.308296011259642455e-02,6.934449010927536960e-01,9.099770354054115273e-02
4.532472010669419404e-01,9.737551613660027083e-01,2.627274354145721080e-01
9.408316598310308976e-01,8.916702492361269217e-01,2.435468629966004439e-01
9.634684965470375895e-01,8.771219325755549301e-01,5.024370690267185857e-01
8.690107365956344365e-01,6.788271201878808281e-01,1.712898805658615853e-01
2.493376945984668858e-01,3.632029811740792313e-01,9.275053052589484759e-01
8.108626185815037690e-02,1.235538076604060231e-01,5.516528885802857163e-01
7.337937092652419002e-01,9.758862573989052214e-01,9.341709620712721485e-01
8.407767595414176176e-01,7.280240172797929343e-01,7.242954332276388962e-01
7.463785200423547206e-01,6.097332069406981025e-01,5.728458973526339149e-01
4.242933942738753572e-01,8.956073285788627159e-01,9.490994434677075819e-01
8.930154780938591719e-01,2.006631558609482946e-01,6.582017543053008124e-01
3.535299606562887220e-01,9.553364762381849618e-01,9.776824059992146321e-01
3.744439285072875823e-02,5.411619696975393801e-01,5.990487844399200457e-01
