5.120134804266477380e-01,1.939649313020469501e-01,8.641832743860289323e-02
8.071151226648645149e-01,1.442178096341166782e-01,1.761508803590527972e-01
5.850738922165155120e-02,7.627075197600193812e-01,3.798578748842169617e-01
3.658469447629568716e-01,2.418500473281043339e-01,1.016896729805982780e-01
3.802547628892919418e-01,9.493460076341598830e-01,4.816248334436453726e-01
8.313508833059889414e-01,8.430662011102660891e-01,9.430088357881898364e-01
9.844970824312432311e-01,4.103168004886692533e-02,3.870447117588283747e-01
7.852084936497344403e-01,8.285535054434339797e-01,8.758020011638639746e-01
5.391102859917689116e-01,2.088119568374730006e-01,1.466801605974751288e-01
1.829751637932234276e-01,4.702901573055401352e-01,2.160047153904460782e-01
4.461465704601362825e-01,8.842703286026104559e-01,3.069667549580863408e-01
8.552727868485801022e-01,9.807279801995884005e-01,9.416553810338540442e-01
2.974247803219323139e-01,2.659822870944948958e-01,1.911171045121867751e-01
3.188154018893156749e-01,4.266630927967757225e-01,3.382926117022804213e-01
7.261357358479084700e-01,9.689482803029634272e-01,2.362175160016388720e-02
7.242149864976629159e-01,1.542009647719050358e-01,3.733846501219375558e-01
1.501506858821956003e-01,8.754839392233682016e-01,9.996080028587630562e-01
4.810565259278924977e-01,6.641930388602267366e-01,5.443145098353958655e-01
2.572230890948463689e-01,8.541045707117141950e-01,3.457236901556127728e-01
8.363031394172076860e-01,4.392662071454100925e-01,4.540343373174251518e-01
6.473765839033644998e-01,8.863837904746142415e-01,9.416722277904643335e-02
4.024754188222785523e-01,1.635765641928694780e-01,9.232325469127129480e-01
1.290925163942175935e-01,8.903561276123732604e-01,8.520755850488912486e-01
3.251630516519088410e-01,6.997860127681899689e-01,3.291261929150023358e-01
4.389315146674062085e-01,9.478014332976829603e-01,1.601503139770933393e-01
1.666856319443019707e-01,2.964889976555645790e-01,6.759909779874704316e-01
7.580196557763528853e-01,3.047083265346628433e-01,2.327110298565798763e-01
8.336508137632633320e-01,1.021481503633292487e-02,6.944462650630666145e-01
5.841986895620698839e-01,3.269499102449827665e-01,1.216034210863015108e-01
4.988419435165034610e-01,7.511358528927789546e-01,3.601920257025514882e-02
1.160208443656862709e-01,7.982839423084767683e-01,5.996703859015251048e-02
8.842371524015231188e-01,9.282470301087202280e-01,2.526769681413030266e-01
9.883132596579669027e-01,3.194275449811001533e-01,9.948713419431985949e-01
5.159959891374884533e-01,1.294918143017841361e-01,6.427259005627113941e-01
8.167008287077531792e-01,2.036349269708832566e-01,8.516455519470582658e-01
7.815039534570122903e-02,6.713989359734915396e-01,2.735501304041447757e-01
9.653368512165497739e-01,4.247072417938055899e-01,6.618507045835787528e-01
4.837153720471309981e-02,8.544886012275582088e-01,8.323226547327499114e-01
7.321908236641174739e-01,6.437589542082622351e-02,8.755283333765473408e-02
5.508805307413203733e-01,3.454424027868985281e-02,8.234260763275440542e-01
9.735163349715643122e-01,9.064580270871945844e-01,6.430720679280316210e-01
2.873816334563639163e-01,1.556138694569803027e-01,1.823360327513335877e-01
9.562329087749104062e-01,4.072286787506894656e-01,4.484344638007122796e-01
9.249261807767861221e-01,4.284439490567119035e-01,8.957336067624683817e-01
3.538292699769955973e-01,7.698174907113941590e-01,3.113787959098829328e-01
6.394529628044643976e-01,2.261289743679296693e-01,9.470896464233363732e-01
5.572437041318356599e-02,1.616109206794368314e-01,7.394669732580516630e-03
5.051575052295567136e-01,4.756988457291194683e-01,2.153662185481479696e-01
9.496351783984602335e-02,1.174799491751786773e-01,2.956108633582380518e-01
9.394006881243813778e-01,1.862873549828677477e-01,7.974378722555535148e-01
3.325586798229637209e-01,6.471396222044705215e-01,2.979724084586893307e-01
5.901709264321535198e-01,6.629827736212487999e-01,5.005648371950659481e-01
2.567511407107861965e-01,1.143828026636809492e-01,5.736712911367162215e-01
9.181865018737395134e-01,1.435451533835061522e-01,8.366493515906069378e-01
1.177432048162486700e-01,8.067744221140341621e-01,1.245427807703360923e-01
6.115472356554013666e-01,1.586565912311324045e-01,7.219925644841214130e-01
6.960844735486627632e-01,4.251882524617511816e-01,6.216716841467945232e-01
9.227368482859310550e-01,7.384981436478984529e-01,2.209910817079541179e-01
1.843702954328976240e-01,1.217242119759142094e-01,3.837403126206213599e-01
9.112513556974843887e-02,8.282134708733115414e-01,3.867595651543952462e-01
4.721027399692664384e-01,7.086515960901395017e-01,2.330733383155978444e-01
8.666091717493269453e-01,9.981066562620641847e-01,2.588188700253009067e-01
2.171448660628124694e-01,7.133667267141498014e-01,3.963358282564233281e-02
8.361212379318209154e-01,7.558906004457534022e-01,3.798111803049750712e-01
7.983495023173505789e-01,6.261547081930114445e-01,5.498916218903306952e-01
7.652193011096589670e-01,1.799180966329111397e-01,2.981155037050609025e-01
3.005280432848097538e-01,2.978404592347205782e-02,7.631491735612893068e-01
9.249892362854201799e-01,4.285631117718458061e-01,4.341311249805611672e-01
3.193201849287936600e-01,3.517080813120785354e-01,1.279109090016568029e-01
7.475547152774919546e-02,6.567455735941948314e-01,9.685640625253812974e-01
7.304593797296639046e-01,6.685000558499385459e-01,7.616025487837239094e-01
3.580680853924431695e-01,8.419222627405908987e-03,3.049224201530170708e-01
6.658534553258540489e-01,1.047408519454267051e-01,9.890342926726645167e-01
5.762537443765558542e-02,8.824201046067190468e-01,3.721526328188807797e-01
6.198415726526251834e-01,4.205782972583004264e-01,2.224750257006008480e-01
4.079557282258797768e-01,1.166006709737599234e-02,5.103371485890425552e-01
1.087559918260694314e-01,2.736908794353931640e-01,3.778538407127146614e-01
5.782169367919073322e-01,1.276004252651163906e-02,8.163472753692327943e-01
9.609515745757780669e-01,5.046240536509993824e-01,3.498126925977489421e-01
4.388628159411511742e-01,2.185733389808626193e-01,4.191282046472244449e-02
7.315459896900279313e-01,7.742749945052778138e-01,2.179905906168660978e-01
9.935936866028655112e-01,4.309246860102802223e-01,8.804454783103905502e-01
8.232150693563689003e-02,7.787297564933963745e-01,2.985244727873029857e-01
7.812593165146980434e-01,9.383672952753455698e-01,7.336449128879677373e-01
5.683118214737781226e-02,9.581174614008514112e-02,3.013061625368546048e-01
8.131186174107717379e-01,4.510762015341283071e-01,7.306228768762510484e-01
3.964738743681944788e-01,7.326445320193244459e-01,3.905866350421546285e-01
4.398148907360649451e-01,8.920972112572150836e-01,8.508455937452489293e-01
2.236370815863065742e-01,2.669531847100165001e-01,4.517845311172451472e-01
8.381421337016281559e-02,8.050576825465201036e-01,8.461823331056523845e-01
4.660353552399864041e-01,2.344633687386730170e-01,7.397484196169785697e-01
8.192544011480903388e-01,2.735955641925547077e-01,9.777498073574363291e-01
3.270254232429492536e-02,4.083405746312550599e-01,3.577975213913721086e-01
6.164662615507251475e-01,1.419836791436094314e-01,4.504636666889925145e-01
1.326502381883006843e-01,9.577456719276050690e-01,7.766003378685856218e-01
9.334498783397184862e-01,8.015964773542242350e-01,7.781289732120897362e-01
5.633276248337567571e-01,2.435910803442479233e-01,3.442968696153213548e-01
1.344218951639223336e-01,2.195642899618057697e-01,9.451925929989171138e-01
8.470355847285684359e-01,8.650536970445579232e-01,7.527381947697069364e-01
9.780620499653271960e-01,8.512681828096342329e-01,7.074326665416345028e-01
