9.487139246596192343e-01,2.961835625893756152e-01,1.065861418429854268e-01
1.107962397315407355e-01,5.567597236436012675e-01,3.063122458477491872e-01
4.179381573335648747e-01,1.676854176084304759e-01,4.929139073377142299e-01
9.728565344918574942e-01,5.226037236577717460e-01,4.728736107822407719e-01
8.915029515533228199e-01,4.990934601021533856e-01,4.212602236793853150e-01
9.645644325680415854e-01,6.535518491639474847e-01,2.023231264343059443e-01
7.787818341894102714e-01,2.963084575055824343e-01,6.288781205468099156e-01
4.377112597834766916e-01,3.494976848527386881e-01,2.851391764149119323e-01
7.360518541119719371e-01,3.296160184712038088e-01,7.160540007237532478e-01
3.258142056984133506e-01,2.496622175706950664e-01,8.937543577011967111e-01
9.921302445431402495e-01,8.730378253273137767e-01,1.718471775635627141e-01
3.372662769804057881e-02,6.917123570751670947e-02,4.814954766051159352e-01
8.817150587942647055e-01,4.727262286952588211e-01,5.016820942933724048e-01
6.206684206989069308e-01,8.792500038846632338e-01,4.493143139120804319e-01
5.320095296868772028e-01,7.916235393045001345e-02,6.100285899830769631e-01
5.632331044929582697e-01,3.980668663166893051e-01,2.740678339932179908e-01
2.144375551866817275e-01,3.656815044713319640e-01,4.062397435713346328e-01
3.436348012597789658e-01,1.085461198336458155e-01,4.968061491002415675e-01
6.186013398511426287e-01,7.522425547348661201e-01,6.733721318810753642e-01
1.016844605337859919e-01,9.441467708311616081e-01,8.585594052079343896e-01
5.032956297364280518e-01,7.691679653015921492e-01,7.875339687769058461e-01
4.378071376772042500e-01,7.105089971877717181e-01,6.339870123949133962e-01
9.129905518504201067e-01,9.054700223897722555e-01,4.821388529306495085e-01
8.024225743012194378e-01,4.208300566233003082e-03,5.460115727753873660e-01
1.067658258575394647e-01,7.577842875690009583e-01,9.124649829690872904e-01
8.478271710907056002e-01,9.711911856018943245e-01,8.940773971163593625e-01
6.231818053559802228e-01,9.215045401461272601e-01,9.717116597749407836e-01
5.812577279428104982e-01,9.524223201307104869e-01,8.118028134339259072e-01
2.064781716250624344e-01,9.333236594581850731e-02,1.739175513186649313e-01
8.118575791807048914e-01,4.071853356370187527e-01,8.278704586216857342e-01
5.411278648119577372e-01,7.129214350863875005e-01,2.671645811117009384e-01
5.681158082797467257e-01,4.291036396737180070e-01,3.968270060111717124e-01
4.478012583070789532e-02,8.266245943463975676e-01,1.236747320270167316e-01
1.230641732690634926e-01,1.243658913656388032e-01,9.196363898538497672e-01
2.837468652104190303e-01,5.537227220796647753e-02,2.101969527318372499e-01
4.745382699794781223e-01,3.808899175929325587e-01,1.591026665436326981e-01
1.462780957104415913e-01,3.104574998590760027e-01,8.498127585794468253e-02
3.514841149069292126e-02,4.423536129186309562e-01,5.921512746069996780e-01
6.117814202278925029e-01,1.925961136997706991e-01,8.562183492046477884e-01
4.903471581861714723e-01,1.022095420148626532e-01,8.149609905473742533e-02
6.295664542631884686e-01,5.614980022076822008e-01,9.371748893256135471e-01
3.267897521773244218e-01,9.148510568352434813e-01,3.924321690590439893e-01
7.695119583470866331e-01,7.646468822296673684e-01,3.397829722105446537e-01
1.046045016692159768e-01,7.023251430289109143e-01,6.950740089419026324e-01
7.839463663541905714e-01,3.312677794874513415e-01,4.435913211045502402e-01
2.489910856374939474e-01,5.901878416457043697e-01,6.995423483118388130e-01
6.503480582821126177e-01,7.575219833209181353e-01,5.886673114060967382e-01
7.433096025167255094e-01,4.233856125541463067e-01,9.493764822338431886e-01
7.201004859185499152e-01,1.560784526055500887e-01,1.867264991041439615e-01
8.099310156391852367e-01,5.305882229642755465e-02,7.935472044149040061e-01
3.249957967059610153e-01,5.647824946446075023e-01,7.052331805307474610e-01
4.962555668086853222e-01,7.208905262658941160e-01,9.752826721160909873e-01
5.469702516647285684e-01,1.044628897573499637e-01,4.874134411372473830e-01
3.231138430844948672e-02,5.797762534752122221e-01,3.766422954775691112e-01
3.083135760630959510e-01,1.088734600578611378e-01,2.208051638311748777e-01
6.463382090334376384e-01,1.722465897010562186e-01,4.772711908662067293e-01
5.835806253106782249e-01,4.890607194427796234e-01,6.426483068184259961e-01
1.460391677632034702e-01,7.542498127577028644e-01,3.395552439666985611e-01
1.367655174231211523e-01,5.610155144438530028e-01,8.707543529144275984e-01
2.324804311873629459e-02,9.973265261970077900e-01,9.655907997042124657e-01
8.833451705594677072e-01,5.936414187954264232e-01,3.921889166891233680e-01
1.539896669918963124e-01,1.260441542122447967e-01,5.533697397541794682e-01
9.441206298184642298e-01,1.794124554862549514e-01,2.317772374131015223e-01
2.319578125711958538e-01,2.119357706387048346e-03,2.076317169980065325e-01
7.278068001443508406e-01,4.414952046691362764e-01,9.421171220016288927e-03
5.943876307453684893e-01,7.537134587905027772e-01,7.312702872433125556e-01
3.022589074940355003e-01,7.113074293950223392e-01,7.277002377468688721e-01
7.932456626048196568e-01,1.415389560077651154e-01,1.894908088737971008e-01
9.648495194682116249e-02,2.484628885766887452e-01,3.155595977827266863e-01
7.220294529963067198e-01,7.363934312701062579e-01,7.559247549930436794e-01
7.869738355456096235e-01,8.590725849540064019e-01,6.343718808166142198e-01
5.804860023847061568e-01,8.805486978247445418e-01,1.323814756478562948e-01
6.673289604736033498e-01,8.220794835154774383e-01,3.424305623012749988e-01
7.704774934712272927e-01,1.690623880671227042e-02,3.539793251217757675e-01
8.716925295980701982e-01,1.320169225199333551e-01,2.636830644263048473e-01
9.715381620799307116e-01,6.677786664123562810e-01,4.626375245839731143e-02
3.476590177236449364e-01,4.909431856892302326e-01,7.062526065607666048e-02
8.460827672296334923e-01,5.641509399206272590e-01,3.165113615154253601e-01
2.849142262730031128e-03,6.793038558629257428e-01,9.929532569602181891e-01
2.626488426780543284e-01,7.312913610343371174e-01,9.064982088281370309e-02
9.737707123595266134e-01,4.237067302184593931e-01,5.107511483745421632e-01
6.222383133214824946e-01,6.000443238367114684e-02,4.108000774633285834e-01
1.020188781598450056e-01,8.879900876748969551e-02,7.018566284100822283e-01
5.569817375376061586e-01,8.674045108443538821e-01,9.783412510768395576e-01
3.205241157043904332e-01,2.307272453437029247e-01,3.774873681457485697e-01
8.712875359115181961e-01,1.347009545290794863e-01,1.570876802946581385e-01
8.205857750276768225e-01,6.883488098609363837e-01,5.227171077292801504e-01
8.270757675469808667e-01,7.408152073974959562e-01,9.969998698242124036e-01
5.742085282741937746e-01,3.762894226896356109e-01,1.302936541689034833e-01
3.221998763140830890e-01,6.449569525433017647e-01,2.642111208364518182e-01
1.587225931205149543e-02,2.416240022322628800e-01,4.655868874441001504e-01
8.780429497192285826e-01,2.964495611124345897e-01,6.304930929008234486e-01
9.285443757604379122e-01,5.959638900623785984e-01,3.686152725221156778e-01
2.807750246882106948e-01,3.445722334090434158e-01,1.472371263048808387e-01
3.161935740603240008e-01,5.863844530197739324e-01,4.948264459108225877e-01
2.824788881362615411e-01,9.051755589389587353e-01,2.248586668501738606e-01
9.417817504345447066e-01,8.705564465170058108e-01,7.452584446378099914e-01
1.129236463788731992e-01,2.361373257891570265e-01,7.870794291566680645e-01
1.300244723736512231e-01,6.506068851474438031e-01,1.961944160558181105e-01
8.389464917944879918e-01,1.419728446580873493e-01,2.583782437721290348e-01
8.434087304717812206e-01,4.717817458639577133e-01,5.206311629578371791e-01
6.973214224436209419e-01,2.039952100019056802e-01,6.260489752731913660e-01
7.817008784773163965e-01,7.730922139707816498e-01,3.624416732692575804e-01
3.886765723646113946e-01,9.436340948981910559e-01,1.125029015530993881e-01
5.392402775212488120e-01,2.584705825556594672e-01,1.672546599491342434e-02
9.031357984777871328e-01,6.803841796321196123e-01,3.674892347378182489e-01
1.262676156418157669e-01,1.331124474570843930e-02,3.687410274897073847e-02
3.698798149298987425e-02,6.415556643817532656e-01,7.007500666929004085e-01
7.666527212317051365e-01,8.763380036957928443e-01,6.053284186720828686e-01
2.362257275620442964e-01,9.090357420459735938e-01,4.939413535282517476e-01
3.110807459781482764e-01,9.216905434891913274e-01,4.789774316975495827e-01
5.001484380422061005e-01,2.158380373634449789e-01,4.763978233985054489e-01
5.130110247202805951e-01,4.408437515877949853e-01,6.353365093108668260e-01
9.557934164049286530e-02,6.611553393179766536e-01,9.841633603175596878e-01
8.625260634991386288e-01,5.171697300199958880e-01,8.079430019541579133e-01
7.292220628975666363e-01,5.850221217604230084e-01,4.765409216659005631e-01
8.013916640081136800e-01,1.298253353572645930e-01,2.137901442541300101e-01
7.431011399608900003e-01,4.401911401249947176e-01,3.670261875244187344e-01
4.030967966409655379e-01,8.359531694188522266e-01,9.827894806527706084e-01
5.671506787451190412e-01,3.214242890928293850e-01,3.554509498592983707e-01
3.483933847338455125e-01,4.869993937665850758e-03,2.622028159761864430e-01
3.979313847294785322e-02,1.470347646653724638e-02,8.544262568517401180e-01
8.529601827397107483e-01,8.075776212974659085e-01,6.413299940277727984e-04
9.713831575864994017e-01,1.739494347928475237e-01,4.571570866764549379e-01
7.160738446795580359e-01,5.701245629975776330e-01,2.094519807290077251e-01
7.226890431289054728e-01,3.197009239473289632e-01,2.264898205431906675e-01
2.487268285888579733e-01,4.348567033870417431e-01,6.001429904677931804e-01
3.840591855719481806e-01,8.541405973004342345e-01,9.967102134619624243e-01
5.296354374968532674e-01,9.954065339677398150e-01,4.464980925586508054e-01
5.971001033592437945e-02,7.668008818338993837e-01,8.333574795268015034e-01
9.778213794592136576e-01,8.223298028209884425e-01,9.755142846084563502e-02
8.052412112061612115e-01,8.950284036079960703e-01,7.166274378694758029e-01
1.374114944404942751e-01,9.094874231557790178e-01,5.570970035686184652e-02
1.111212803791803427e-01,5.678002271927817812e-01,7.350278430372372274e-01
2.705762378181634231e-01,5.859212312641111087e-01,7.755442163978548686e-01
9.717599244225757493e-01,5.806641824048042189e-02,9.317335456442322750e-01
5.637521333519227573e-01,6.888245196949689397e-01,8.204868814102842522e-01
7.050687617907701599e-01,3.319623520350991619e-01,7.382119413122759655e-01
6.657970127382462078e-02,1.029379332075552878e-02,1.849247228502108875e-01
2.297338732803396733e-01,5.164601971290372351e-02,2.378370043339445017e-01
4.309658565164964372e-03,8.561089717887222506e-01,9.228085425663334895e-02
8.651864806403000152e-01,7.676000209418596398e-01,4.381741808438454067e-01
4.946186062531801042e-01,5.245034466781469673e-01,4.573710647885134151e-01
3.011857785284340894e-01,7.321939303486229011e-01,7.299397581448067163e-01
2.854591565865671754e-02,5.536875099032948500e-01,9.591552722198501968e-01
7.590421959843903776e-01,6.933218075027187677e-01,1.122973047198982943e-01
4.497275671732124946e-01,9.072110104961301769e-01,5.174359749050615465e-01
3.216994600944993454e-01,6.337087733087660713e-01,5.639693449044327345e-01
4.036339039852943067e-02,7.318740849024363282e-02,4.218434702005020576e-01
1.882632582325816095e-02,2.984197036205336051e-01,4.040595493464504973e-01
9.746381148106737502e-01,7.557070341076280728e-01,1.044386392150575826e-02
6.764638271264247216e-01,8.338948994020507488e-01,5.055544893768376680e-01
2.502757241201690741e-01,2.977063043505722151e-01,5.052046420594702436e-01
3.438417053791203992e-01,3.658861725200995840e-01,2.390172590483450321e-01
8.464648843000316392e-01,6.169895184558595869e-01,2.546151678998493928e-01
4.968661197529317120e-01,9.785151847533429814e-01,1.748115763987678761e-02
8.369801470672585397e-01,1.811742713673147875e-02,3.848299823131724473e-01
7.104047592770029729e-01,2.496429910948265718e-01,3.111114817542932620e-01
4.203162178032737728e-02,2.326929988549575334e-02,1.954937371793274981e-02
2.774079581463683164e-01,2.854611774624193909e-02,8.945875065562691741e-01
9.208051075687426756e-01,1.721952992681393679e-01,4.053508874796299954e-01
3.279955651561952124e-01,4.675758166821073480e-01,4.115801216628104386e-01
6.494564887027972633e-01,8.434430966445435329e-01,2.526303088457185764e-01
6.943549025041987344e-01,4.222551808098270465e-01,4.310494300315326210e-01
9.080318802786132570e-01,4.010363573210448118e-01,3.528032426451443992e-02
7.891801056543817916e-01,5.179506010241189395e-01,1.099900050700927112e-01
6.854832767612836220e-01,9.578721889588958094e-01,5.605533556367686687e-01
1.084463969051823184e-01,5.041271407121933334e-01,4.052508274043044034e-01
2.595249248745447046e-01,3.796994269068570960e-01,8.001694264092948927e-01
1.328725405089163925e-01,3.822028883693062706e-01,3.734993316703939525e-01
6.112363231365411931e-01,8.772904398323918551e-01,5.344316819448785560e-01
9.106589161167981672e-01,6.560178623240261464e-01,9.754714565984979879e-01
7.279244487943445918e-01,3.804628535503080666e-01,5.268072196277872044e-01
3.583079884842398366e-01,7.926702220614902927e-01,9.630958426534356187e-01
5.388946355901412799e-01,6.869875343058231554e-01,1.058143753595797154e-02
5.024133655609926974e-01,4.481736712076322959e-02,7.272094770391377416e-01
6.765546171527626607e-01,7.613747439648875792e-01,7.143904777641360004e-01
2.299211335225157526e-01,9.662833834584602100e-01,2.290472809717103431e-01
6.635138946844423291e-01,4.888897135643766045e-02,1.992113753429014533e-02
3.827015122969138483e-01,2.661079969448314486e-01,8.781533379806537587e-01
2.272893037648897607e-01,1.368898686412111099e-01,9.852356846283050196e-01
2.887777376914496541e-01,4.020520062586612209e-01,5.645151129878616114e-01
1.109474155397370820e-01,9.051180876065345604e-02,9.874047482406848042e-01
8.760777313659828813e-02,7.616379487469597809e-01,9.470358329844448253e-01
3.070279546408145599e-01,1.246709204938944993e-02,8.427533053376439209e-01
1.923685373392901576e-01,4.207468139586499900e-01,2.921232903665402780e-01
5.645310941600950594e-01,1.521822397891868794e-01,1.258340382298296367e-01
1.984757766104421339e-01,3.139427702417605381e-01,5.763599786951351112e-01
7.560056092651824544e-01,5.119180984644011723e-02,3.409251190428252976e-01
4.847931114442828315e-01,7.826981641772802201e-01,6.296000744249606873e-01
4.464867486226790083e-01,4.520356031177441558e-01,7.280705257083449622e-01
7.935805994247946415e-02,9.572034342867162815e-01,3.663298255856384245e-01
5.434253857926762965e-01,8.233648325505327215e-02,5.897614042171070992e-01
6.131684904065151098e-01,9.200328964026722733e-01,4.918326228521612276e-01
7.187753460318724308e-02,5.054673133062292933e-02,7.739747670636398791e-02
8.699930169606640007e-02,1.643438025166596983e-01,3.157659483371390019e-01
7.666565357961437899e-01,2.975272363168601775e-02,5.925922114734816226e-01
2.029125883285545218e-01,8.939667114637168677e-01,4.275549440406551938e-01
9.253046874383834552e-01,6.541844490235483311e-01,6.780738349753695493e-01
1.827528174287790241e-01,3.702916233409442315e-01,1.142878185907469923e-02
6.330315511788129346e-01,9.322167105889437311e-01,9.009561295576562490e-02
7.934725489691367706e-01,9.771977333446968395e-01,8.512918138730568574e-01
4.602269343380246402e-01,5.485079431325673438e-01,1.586886879725372124e-01
7.818678903244448142e-01,2.616648292451202451e-01,9.891922019482320971e-01
6.601061124075273678e-01,6.557822556263289693e-01,7.819380250526960507e-01
4.226383254391271604e-01,3.092510272184706421e-01,8.390100106205224950e-01
1.384219006159000953e-01,5.422171134780318091e-01,7.936551420443771487e-01
8.574421441816648670e-01,7.010603336751902726e-01,6.366002622991318027e-01
8.715456740610907360e-01,9.952966616862292115e-01,8.695988302836797912e-01
6.292800447809832054e-02,4.638364221434383428e-01,8.531325783377452510e-02
6.998076332825231560e-02,4.767084959301413072e-01,8.622680226764595224e-01
3.699360819424271085e-01,5.087976798044087090e-01,8.709866024027690390e-02
7.115433733090174018e-01,2.979534537289038054e-01,2.425297477943663127e-01
5.168277372923080204e-01,4.234751828167105936e-01,1.141366973176413113e-01
7.705846727355665227e-01,3.654173832439978620e-01,3.034770671482645010e-01
2.455749519955505722e-01,8.439407241123497716e-01,3.098232357230625844e-01
4.481000382732600595e-01,8.635490226112904066e-01,1.969728435840369940e-01
2.867381899508723020e-01,2.655256017056799589e-01,8.787938865488471585e-01
9.744395642392231771e-01,9.701908002149982613e-01,9.247159259623052296e-01
3.567842354229351365e-01,8.457351031817275100e-01,7.941840496915530956e-01
5.276459887716447028e-01,4.177720835756149054e-01,8.701938678409709693e-01
4.581224364404584692e-01,2.828757325009079171e-02,5.456585543282036488e-01
7.765898980432064391e-01,7.974333664691594104e-01,3.590161537589336982e-01
3.530112616257990998e-01,7.130625163698217639e-01,5.867104289749609514e-01
6.274126394888402958e-01,3.043894173717824891e-01,2.811320556151537531e-01
7.180317599978768284e-01,7.963011755546051118e-01,2.929163539181933729e-02
6.866678368438575708e-01,9.033147708945954424e-02,5.363708610812695232e-01
2.943261267777202983e-01,2.682431180702945506e-01,2.462484372770469276e-01
5.972426313559320299e-03,9.107850275928942585e-01,4.331017174422227001e-01
8.554140921718230706e-01,6.952773706520307684e-01,6.109431099068162174e-01
5.548397188691489568e-01,3.993818865321840939e-01,4.221255656659794742e-01
4.674728645529546700e-02,9.234099628006289251e-01,7.390251799895504181e-01
3.635761388290483787e-01,4.186812675789619576e-01,3.825902846497285514e-01
2.401969246912627476e-02,2.789272339080177687e-01,7.141995469409290198e-01
1.640399054398078427e-01,2.582924211412647164e-01,3.069985697705061023e-01
1.872210675669429003e-01,5.063807937499875678e-01,3.052590263282961569e-01
5.894649319198463910e-01,1.158020914630253362e-02,8.086331363596777067e-02
6.830586041889644688e-01,9.399784505561845638e-01,6.618934560863714012e-01
1.178948344649229929e-01,6.018812836072300332e-01,9.647807300988242574e-02
9.243946476933287970e-01,6.714234293315167745e-01,4.819159828902146447e-01
8.030948478640171917e-01,8.759364955138813080e-01,2.286920523881231793e-01
5.572280641632154641e-02,3.995369493891240964e-01,2.744949591347868312e-01
5.722335134681040270e-01,1.771515532235466983e-01,1.029046514422861103e-01
2.118075088373992942e-01,9.251341538669388687e-01,3.823536015550630385e-01
8.039226273848504301e-01,4.414766502093036005e-01,8.562291458658239929e-01
1.083112710318601124e-01,9.241378377269995337e-01,6.510585983764838325e-01
7.363005116672841632e-01,4.567485058748893545e-01,4.611554405076883079e-01
6.666849190913769485e-01,1.318724766438527096e-01,5.513992908301600382e-01
2.402126331917118218e-01,8.146779115529593218e-01,5.336673067036235008e-01
4.650382345254227001e-01,3.978659863336929670e-01,7.263225713079725088e-01
3.409603017112884382e-01,4.222488278956926244e-02,2.152147880161920934e-01
9.196463614594678759e-01,6.218640866564606462e-01,1.014688839391930664e-03
3.573214615203355038e-01,7.094243879340755843e-01,7.477206956983517561e-01
3.343849217742244084e-01,5.253017716585695052e-02,5.638856303657563407e-01
3.420532425731618309e-01,4.262720021705238560e-01,3.599202461110395657e-02
8.335833396194847200e-01,6.386272362482425802e-02,2.435004384117770426e-01
3.746307827426584858e-01,1.900143442885471323e-03,1.198412783041772345e-01
4.502285121982707583e-01,3.893711273406874618e-02,2.225701714391548069e-02
1.613833837800439097e-01,7.677361059666524268e-01,6.733495931722834893e-01
3.896954022685329422e-01,1.389057778423340439e-01,6.558386797239357247e-01
6.288514675187432124e-01,4.075784141454927845e-01,2.496138454801183348e-01
6.169662062275934611e-01,3.956664457340057783e-01,1.079700390335058824e-02
5.681801954676167776e-01,9.290073144648147707e-02,6.555547306546621877e-01
4.650095497028825520e-01,1.560278170432616296e-01,5.743826185448035471e-01
6.113798954317051226e-02,3.972307292799565070e-01,4.399076469269631584e-01
5.665477026000924621e-01,2.135702024273237187e-01,3.978534223160625771e-01
5.451409455511260216e-01,2.315562441904718272e-01,1.645481503534973466e-02
3.919683245409861794e-01,2.279072574964050579e-01,2.398524290664796332e-01
2.587583083418441010e-01,5.516172617782413301e-01,5.363528962179600068e-01
1.868122855567543317e-01,6.962268854736589629e-01,6.652773199709729468e-01
9.433458270706951421e-02,7.244624654906426375e-01,8.387463360662242851e-01
1.161773659638786205e-01,8.011852582124204813e-01,6.212302853175276640e-01
5.404789649464922796e-01,6.001063614490564913e-01,6.346261863141250403e-01
4.278024462865641642e-01,9.981522078896716277e-01,7.679163031435606301e-01
4.183312274607771108e-01,8.377316907148418812e-01,8.089050416025500567e-02
3.152243992609460310e-02,2.282097794289263959e-01,2.516994862335941718e-01
6.751296605702323816e-01,1.748655957546695339e-01,7.909040150252377721e-01
8.856290073274419861e-02,5.568683900683946142e-02,9.682469762912498945e-01
1.808001790331248415e-01,7.679585801056718619e-01,5.837556720495377105e-01
3.557785269267040862e-01,9.404183192665108715e-01,2.902538865571132609e-01
5.856845002456930738e-01,2.826054149774714919e-02,9.988851007299113238e-01
7.223021892591097171e-01,1.515858661366376037e-02,4.435087551631228253e-01
3.327513865009484872e-01,3.294100767688059594e-01,5.185921398250807890e-01
9.094239402391766092e-01,1.856723559678472579e-01,4.085616379910076423e-01
1.111509545430650059e-01,3.549683111108090650e-01,9.550605792120959725e-01
3.702724949583908742e-01,1.429827508878545039e-03,5.044596727062398145e-01
4.420804693605870916e-01,3.270288864341112101e-01,7.963623050371715362e-02
5.988264583567368682e-01,1.309414748383320726e-01,6.104723506717948389e-01
7.744501553427403095e-01,5.007015810873211015e-01,3.686398503779734215e-01
1.778189561105747440e-01,8.778750369262550146e-01,6.716612473293174235e-01
5.968571262215900397e-01,9.504759682155047296e-01,6.029427816749625135e-01
7.477362678508365779e-01,1.493331114800411363e-02,2.551350081848455797e-01
1.237267786797028313e-01,6.952538160265679945e-01,9.964121858520214037e-02
7.679842940797521056e-02,7.691465579663875340e-01,4.794475479704352061e-01
4.565410669758781514e-01,8.198789382953003413e-01,2.798117793816617960e-01
4.784148345716837669e-01,6.642651491038742417e-02,1.386064940628760622e-01
1.221719684225298641e-01,2.525482830199846651e-01,3.771954073618202230e-01
5.374307725814746473e-01,5.773783705566261082e-01,6.053841647304858409e-02
7.248976647914673332e-02,7.072057934685054281e-01,3.571737170359712277e-01
1.667853960595775398e-01,7.903712538101346219e-01,6.058204976710418466e-01
3.057206516796785456e-01,7.660934581741807303e-02,4.689807961213995346e-01
7.376334405116377058e-01,4.881458777965238527e-01,9.687751924950150917e-01
1.282215519285814231e-01,6.925733058411774890e-01,1.978806636528833707e-01
2.718154959022252015e-01,5.955473491255359741e-01,9.647711958442910518e-01
4.442324263751871172e-01,2.586764172176814203e-01,4.954935021997415312e-01
1.787002010491549608e-01,1.108772457939706246e-01,7.775135278416028806e-01
2.192266233633918260e-01,1.172389742544781566e-01,8.017100417575780957e-01
1.804732073191289698e-01,2.940958466735810184e-02,1.540336200294207813e-01
9.350560235985350133e-03,4.672227492528464587e-01,3.653354609695740329e-01
7.514479792560954108e-01,1.708689464752622955e-01,7.633504321563633344e-02
5.785872929892000860e-01,8.715171293665794350e-01,4.901078342429697754e-01
8.779207803766404528e-01,4.968192434343140507e-01,7.494020688178046896e-01
3.221231852367790749e-01,7.732333591083168089e-01,1.552347658253933060e-01
9.254816180038083484e-01,4.344909142150157333e-01,2.168060047092136289e-01
3.632368403142820501e-01,9.251217848923488640e-01,8.436386142987772896e-02
5.127080895649452907e-01,6.513319089898459424e-01,2.687096104022780318e-01
7.730886977114223013e-01,5.944375999951090339e-01,5.217094002576183609e-01
6.568909178618760336e-01,9.648185237264587100e-01,1.893494840370611998e-01
2.528629512921424238e-01,9.736984666117072251e-01,8.869641869644484533e-01
3.565024640934149058e-01,4.588086505454392894e-01,9.367882594856080658e-02
3.707315766411428681e-01,9.481938329874374238e-01,3.366146427554030929e-01
8.431141463152524995e-01,7.281307161951938722e-01,9.483349716731985790e-01
9.003326251287002702e-02,7.224764714280113020e-01,9.458453057082072402e-02
1.189946845600514669e-01,1.432081870622303743e-01,7.903821246958068203e-01
6.506569249673375133e-01,8.072551794240185874e-01,9.666819460399355135e-01
4.115494333663256565e-01,1.353251129893010551e-01,1.813725643704950929e-01
6.620378258793313542e-02,8.660458109499497015e-01,5.742126842200069303e-01
2.865633430174170382e-01,5.187901491896815820e-01,2.010141056653202973e-03
8.521578902272717304e-01,1.223116749103777545e-01,7.093322638065785446e-01
4.856896204719636234e-01,3.111806072606534412e-01,4.884562502955358543e-01
8.052918776238972010e-01,6.940261632882185339e-01,6.192982439826106855e-01
2.111672030797540067e-03,6.526244670320882069e-01,3.170285149034490768e-02
7.646306999787714220e-01,9.344321389032057557e-01,4.757183427745688142e-01
6.146016046619178219e-01,2.652613905747011058e-01,1.093870477463326774e-01
4.612463601309735317e-02,7.742590536863451778e-01,3.117050777793120009e-01
1.968907756824161970e-01,3.254426848594703658e-01,6.936743506551004135e-01
2.543901255631795255e-01,4.799428401078501549e-01,8.272537577981528001e-01
4.674133759520373577e-01,7.583965677536919081e-01,8.922821674311909312e-03
6.727513740930389785e-01,5.435436097968120439e-01,9.770119823431280270e-01
2.977875138708977465e-01,1.729069658473005866e-01,5.694477706207650147e-01
3.808112528399665297e-02,8.187303379636623468e-02,7.923943499008537783e-01
4.138757826897816461e-01,2.349860941846748652e-02,8.764618841968164764e-01
4.416693932340745032e-01,9.446190020653052466e-01,9.755134457106222623e-01
5.929459960907514926e-01,2.637361918182674625e-01,1.527134082508667667e-01
7.646328804452703354e-01,7.313653641446349329e-02,5.548935500895944006e-01
8.034621262761119098e-01,6.442150424175003831e-01,2.929028083217311007e-02
3.582623522442011099e-01,4.388328997504908902e-02,3.672744027636666297e-01
4.464981288202994891e-01,9.768260063196267939e-01,2.022963435785344322e-01
2.213381395979912014e-01,2.532817963504004899e-01,1.951004148116798342e-01
2.576227558158584729e-01,4.304620628953924610e-01,3.968161285351445855e-02
1.903665762084145729e-01,1.950029353918356634e-01,3.351584214113135785e-01
1.810933008827448898e-01,8.342552555029567607e-01,8.916582790225507926e-01
2.195184620836310163e-02,9.844273834309373861e-01,9.851435411232926098e-01
6.218984489835145402e-01,9.849777125286671708e-01,2.889512227351304086e-01
9.858195601656749574e-02,6.808085206073543061e-01,6.614621296947237328e-01
9.168112189728427897e-01,8.783098313909136756e-01,1.721750886582706919e-02
6.694551471128187270e-01,9.612933459815753423e-01,7.221325717168680658e-02
8.050233588989560429e-01,1.474239022401693244e-01,4.593965074863118891e-01
7.079126166761373629e-01,1.930088806961153258e-01,3.740811438326065996e-01
4.229958607235566603e-01,8.205459165638154806e-01,1.796818510195368201e-01
9.089558518242226715e-01,9.365277541258471006e-01,3.698600081636853609e-01
9.618513015788362486e-01,4.897831030186483581e-01,4.837088003649776535e-01
1.223021793676849489e-01,6.535402509414479644e-01,7.875461217837020911e-01
4.970747773848921414e-01,9.746832067078309292e-01,6.136653125375624018e-02
7.773620700180322585e-01,3.992759773836672688e-01,4.159329625104529748e-01
7.444421759270637429e-01,5.083998986103731577e-01,7.582294778106448696e-01
4.092405822052797015e-01,9.187696292319629254e-01,1.356894140820331662e-01
4.737935671256046088e-01,1.029773913272297170e-01,2.047903792959235858e-01
3.912457564847300340e-01,9.433887991856597655e-01,1.191252990419920943e-01
8.376819350973987444e-01,6.536287063907875172e-01,7.479308178986104894e-01
2.261808372521134647e-02,7.987608464578028755e-01,4.592731481365743829e-01
8.270039725082881654e-01,2.342984910669441145e-01,4.257052514170917012e-01
9.233534220736988596e-01,1.219857319069801438e-01,7.476893309006826804e-02
1.047465973749438506e-01,9.552362001407388448e-02,5.930929152864602427e-01
6.735374837270440285e-01,8.850143306037024926e-01,4.484391486595207255e-02
8.243073679160691780e-01,1.803595960078585581e-01,5.068101156014132025e-01
1.977627610343860587e-01,1.064468462429681850e-01,2.365123837293633402e-01
8.715872625116453110e-01,6.129580597110264595e-01,6.725470794414534215e-02
5.692476974288086522e-01,3.833534699477856300e-01,7.711060503703536240e-01
9.068660857451721347e-01,8.119771174173918693e-01,9.832131449652591337e-01
6.372410912652429760e-01,9.926129620584732693e-01,6.989538412104591147e-01
7.777677030044453099e-01,8.517520458015900298e-01,4.276622319301358610e-01
5.483396136548953637e-01,8.996283158094374732e-01,7.425779155605640725e-01
9.433647846660007108e-01,5.199945670150736277e-01,1.371863702180919908e-01
2.518307970393703910e-01,6.243586758300718742e-01,6.354983984700079969e-02
6.655843354001468315e-01,5.755607851592152713e-01,5.236713442884658454e-01
7.730258373989561393e-01,6.875029083779871097e-01,8.080170796052588145e-02
1.527427440775164236e-01,5.799013302628059918e-01,7.612334389102592969e-01
6.989214406491116582e-01,6.566437778076885667e-01,3.639978774289386321e-01
6.632205311232407530e-01,2.668128280904937810e-01,7.941919022613544987e-01
9.954972681204334872e-01,1.266014090231550870e-01,2.673106125670252631e-01
1.694906861711873436e-01,9.882991339163677003e-01,8.495657867974495403e-01
8.497970762204333228e-01,9.585272099461249473e-01,4.155001319912714486e-01
8.423619839266615061e-01,4.787234791644967569e-01,6.675072094462001226e-01
5.326655676518927685e-01,1.876113068778028081e-01,1.819182049444737492e-01
2.630319654658392903e-01,1.574139768359601455e-01,1.032659437798711943e-01
3.417148523905441104e-01,9.739330328302523432e-01,6.988684386467994836e-01
6.763441142503514580e-01,3.958766338871162471e-01,5.512997733220753593e-01
8.623253119375696718e-01,2.418756904233191340e-01,3.703996933390676372e-01
6.076539593003221773e-01,2.990908346226679448e-01,5.671845862323523502e-01
2.068044312714757416e-01,7.713370060984590104e-01,4.359010217377899954e-01
4.079384300123353180e-01,4.660356678048634960e-01,5.916009943687587924e-01
5.641602710002288079e-01,1.306682067632317645e-01,8.229594532098238879e-01
8.188281480331716100e-01,6.747034400150745403e-01,3.600250410521609323e-01
3.477013278913414496e-01,6.143498190766589762e-01,4.712784768341231612e-01
1.820112523719559228e-01,1.039922896369465111e-01,3.690618444280469035e-01
2.369331634109098639e-01,2.415726310268869748e-01,5.540992871426420052e-02
8.623350129192758340e-01,6.506222304341774398e-01,8.271798894500480559e-01
7.600751871489002109e-01,6.680103993501836923e-01,5.123527590945970989e-01
2.915359319931628557e-01,3.934114239694698201e-01,1.663558373730388285e-01
5.297547857114915937e-01,2.240615884858350171e-01,1.219845496843913191e-01
5.037689776190857893e-01,5.119136202251524104e-01,4.778291814824686679e-02
7.471540245424975746e-01,7.933462183982248339e-01,1.016880379176093863e-01
2.628127355207439120e-01,4.090511003775592069e-01,9.318245800040358962e-01
1.902413205412074593e-01,8.253900842750288014e-01,1.377957439620940416e-01
8.932224055569095711e-01,5.571683517490874094e-01,5.821453186155938209e-01
1.683659939443322706e-01,8.844775619463384198e-01,2.584844076442939231e-01
7.345898846468834620e-01,9.008151164653525056e-01,9.660875433663799194e-01
8.995004303535815149e-01,4.414094133358841265e-01,2.013197753985381810e-01
6.432004353207232406e-03,9.026344870665522491e-01,5.812915420027794378e-01
4.016331705008162611e-01,7.346689551014716768e-01,2.113861369627682008e-01
4.927194072269972525e-01,2.181413008126246167e-01,6.949148093132075932e-01
8.203272227322637722e-01,3.929715155124323678e-01,3.943058503991418995e-01
5.847924911370105949e-02,4.285893622346851339e-01,5.185824972686455814e-01
4.351422166714186135e-01,6.645408643060901621e-01,4.757674541138240398e-01
9.300290895257989909e-02,3.074403860899683760e-01,4.973622538382886926e-01
6.982205144596168589e-01,1.472198778458486679e-01,3.775934830888246774e-01
9.782259374313680977e-01,2.888597589523344000e-01,6.006494404171343060e-01
3.322147223635181224e-01,2.101321016170515366e-01,4.972057965838430071e-01
5.014167268523699317e-01,1.229656777435869097e-01,5.113669740188104829e-01
4.956343304161597851e-01,5.763626633819253220e-01,3.065445294595624537e-01
5.309776762792812743e-01,1.581059157607418442e-01,6.251944219477134634e-01
3.653560292770589024e-01,2.088788362017508504e-01,2.016029409882363899e-01
4.491288831355872979e-01,9.262886984642362265e-01,2.160295325845249526e-01
7.992063485980442916e-01,9.022182926596130637e-01,7.644644226559640376e-01
1.286052899265456295e-01,4.205012652438957499e-01,6.845135767667817062e-01
2.657834582297563530e-01,8.640694067380014776e-01,8.758619436103354250e-01
8.026191675865471664e-01,4.760010627529878136e-01,1.962448765114547244e-01
6.797333723285086116e-01,5.101970390079624273e-01,5.666194716381500740e-02
4.555860339048366514e-01,9.098225659997397630e-01,9.650529329238517473e-01
3.965150289706740327e-01,1.917817612231689228e-01,7.478382035518887916e-01
5.497302365202949570e-01,2.265141143002418200e-01,8.562034077557745260e-01
9.611309530049430006e-01,4.200225833719376523e-01,3.636495149671985505e-01
9.096462076183792211e-01,8.204287881266635329e-01,1.432327771042133380e-01
9.359866360015798303e-01,6.992266238950267665e-01,3.001987651005726399e-01
7.820466722522352310e-01,3.968488079483529773e-01,5.576115428841552646e-01
1.702662492207008826e-01,4.952971781780974858e-01,4.793420726335199111e-01
2.232618056766771941e-01,3.285100841076660227e-02,3.147543087227882008e-01
8.615421723128524611e-01,9.648184888526709635e-01,2.707455736353047149e-01
3.038705538798333050e-01,3.510949689971792909e-01,8.121581884441790855e-01
3.572894494944990340e-01,1.162038517117927050e-01,6.440173014867691670e-01
7.119882812693143492e-01,2.800001044282240947e-01,5.041100761640374683e-01
4.916141540450331693e-01,4.962795461116238371e-01,4.961693812961107675e-01
1.266575007313993639e-01,3.389113255678988246e-01,7.816338053158088384e-01
5.490688355272510535e-01,6.056729133453861991e-01,5.998619975596463094e-01
4.569474154853240266e-01,7.839583774825099605e-01,1.960559012095098863e-01
1.029544445552789123e-01,3.789298252067309081e-01,9.831608019829106704e-01
8.805278775542406677e-01,5.622126815445348536e-01,7.299295388678392893e-01
9.227260543247085556e-01,4.933967559070148168e-01,7.650359636793988560e-01
7.408986055661257453e-01,5.779776400862420838e-01,3.977693518019379537e-01
8.773437418635837703e-01,7.379268335011012203e-01,7.242611474854268039e-01
2.431968673403606118e-01,5.173166391090711080e-02,2.725679922792937360e-01
6.938386790430602913e-01,5.118012926464438062e-01,2.369092118772294642e-01
7.152663296538772641e-01,3.062335160075516649e-01,7.110669534394995495e-01
4.049930250458012582e-01,2.995050023198171374e-01,7.191558107284914403e-01
4.226680542675741448e-01,5.603999670816388612e-01,7.786467356369527471e-01
9.174550724909334987e-01,2.301679462032146795e-01,4.836756725195013873e-01
5.718487773187661549e-01,1.293836122151783563e-01,1.135998141484966251e-01
2.097319580518458570e-01,8.815952569508769265e-01,8.128188412011860819e-02
6.653742209575385091e-01,6.598535329793092652e-01,7.570267202873506296e-01
8.381258219581068092e-01,6.727500547039111378e-02,6.664787769817843710e-01
4.053285257884098325e-01,8.416965592314512579e-01,4.880087004495285985e-01
1.705116855997300673e-01,5.621184862385589787e-01,7.233351519995663281e-01
9.983427511913448571e-01,2.622563416901024791e-01,5.926864415449424328e-01
7.401422324893133231e-01,7.962917192146889978e-02,7.846358622246150105e-01
6.535972835064118858e-02,2.109502782150500799e-01,8.772045338748134524e-01
2.198607758359503173e-01,6.047943292666554393e-01,8.094350584508206436e-01
7.518203580752103043e-02,2.548501997375363093e-02,8.327447199895361418e-01
4.425802724232996699e-01,8.021840447343060454e-01,4.273323080296884680e-01
2.013891179053644009e-01,3.821177216535583954e-01,5.498885227465259984e-01
2.524349382928351426e-01,3.089694898747887830e-01,4.583629674846866342e-01
8.009323518411740617e-01,3.145647553370474192e-01,9.674218678166807139e-01
9.482988749985555854e-01,6.493212112202394470e-01,1.327013777462422439e-01
7.073371428333252720e-01,8.665712820287696516e-01,9.720011636930987464e-01
6.234605953371253895e-01,9.615771850633609841e-01,5.597068675500388446e-01
1.739253822030140118e-01,7.261106596596316187e-01,4.570315442127296235e-01
4.923191643423885377e-02,6.850673143617125316e-02,9.253972620856157905e-01
7.775920931854096718e-01,2.426732584927441261e-01,3.619782684785149973e-01
6.422573783431578809e-01,8.568725162396395589e-02,9.782969508217331800e-02
2.894408766336902250e-01,7.182992846273739129e-01,8.835896116781760679e-02
7.400332354587658701e-01,5.551478119509228870e-01,1.007663905217007771e-01
2.392337562347627289e-01,8.202901060434719671e-02,5.685868512687197729e-01
4.725135144319360103e-01,8.270645521185135962e-01,6.579290580600762883e-01
4.332358019570328178e-01,9.975892135683783746e-01,8.507330847230629711e-01
7.498059877265910167e-01,3.189452648852505456e-01,9.527720234595836724e-01
8.200158673470283599e-01,3.544177290781508338e-01,7.658698313461591578e-01
8.809237856740693706e-01,2.157926665048469639e-01,1.716687549088325992e-01
3.271714552968321144e-01,3.783901595543347485e-01,1.687950772055244464e-01
4.133800241613471149e-01,9.560023736950026274e-01,3.386362450714781591e-01
1.190069007085891029e-01,1.069036900055090333e-01,1.532381683869344924e-01
