8.491591781531110383e-01,4.228668629747237562e-01,2.760523658553338811e-01
9.698036800594320717e-01,8.482433755860331326e-01,9.055472388938077266e-01
8.534045231102153073e-01,7.186531599064205356e-02,3.606228152958734778e-02
7.375901854698722060e-01,7.428232902354403588e-02,2.457831092597879685e-01
9.952676896403289675e-02,1.980362832495653480e-01,3.090625560869020294e-02
4.562037279362547437e-01,8.149227901818486552e-01,4.704213573453543962e-01
6.186841128706908055e-01,2.414633369728482748e-01,4.390214760138462236e-01
3.607046309245233173e-01,2.758698798137299013e-01,2.658527655210785046e-01
4.534320793784100134e-01,3.436489953996690883e-02,4.486849756885858964e-01
5.885410113965579004e-01,7.688154136013091167e-01,5.849531543883681461e-01
9.215111702511411540e-01,8.844025770693331179e-02,1.432811517403449475e-01
5.387202407388619330e-01,3.985724405712309792e-01,5.081130275225020920e-02
7.121827905361972633e-01,9.395849744430408990e-01,3.877263837093640753e-01
8.406652131804054351e-01,7.465612286956657684e-02,9.780415769044992214e-01
1.229813812530351491e-01,5.403790268079493586e-01,7.830196312392896374e-01
4.787841925808893340e-01,5.272721711402805767e-03,3.347754188278121434e-01
9.623123192896576583e-01,9.909207984005683478e-01,6.692971776865941358e-02
2.607072714660325641e-01,5.022469894423923220e-01,6.625154189003588101e-01
6.020653081728234435e-01,9.934948911069964028e-01,8.251452667279091102e-02
7.722799146709233842e-01,3.243522827981693002e-01,1.257458855987925173e-02
7.280149284418349076e-01,4.268703010353429583e-01,8.552372062146179621e-01
1.310646840340450314e-01,2.963064135584888570e-01,7.217344769278166705e-01
9.165325712969720762e-01,7.736083997014007174e-01,9.719772737748113567e-01
9.657413329849036110e-01,5.703746785485452886e-02,5.821531787417336679e-01
2.981051174737453513e-01,3.379520961255738642e-01,6.144936211469584908e-01
4.936495162006214743e-01,7.722301803137402443e-01,1.025471513675980662e-01
4.320854319858435932e-01,2.216265062312916534e-02,3.819837555541618634e-01
6.054810118475533187e-01,2.420692521544045572e-01,7.032882984193162823e-01
1.793853084455477864e-01,4.057336145341555733e-01,5.648046805967967821e-01
9.934833884063994924e-01,2.726099873666208984e-01,7.885998039319486175e-02
1.579226991678844838e-01,2.720839029506141316e-01,5.006405680122189006e-01
7.059407506488606376e-01,4.303911374356826913e-01,7.299601708171875591e-01
5.516093874723722035e-01,4.177136692701494125e-01,9.515976722833222601e-01
5.305769082124640601e-01,3.840105152341221073e-01,5.556427753755796006e-01
1.982536693089655966e-01,8.023606857251606161e-01,6.115724053733661014e-01
1.190761443031800315e-01,9.741904271345701583e-01,9.460417256587998480e-01
3.016672843182144348e-02,2.697171527658770440e-02,1.257308560452392587e-01
2.710044466182197631e-01,2.535105776353585583e-01,6.314427704018693577e-01
8.195862722725004712e-01,4.559432862874521764e-01,7.632084577034889961e-01
6.268595846473901112e-02,7.399564229590688269e-01,1.590600059582389925e-01
8.426309577843018594e-01,5.267363807299969558e-01,6.762568079717427016e-01
5.906529659335943983e-01,5.807163674425697142e-01,4.783513258607410279e-01
7.107018648385248216e-01,4.139181995923534307e-01,6.769958437944458840e-01
3.342921128903199035e-01,1.724446799037859801e-01,8.520477413532600020e-01
3.333336790289983531e-01,5.659457652889086088e-01,9.158384577457316933e-01
9.098568763194431197e-01,7.155374021070309842e-01,8.323720986932002797e-01
8.613431459645888300e-01,3.225901766501149126e-01,2.332666344763906219e-01
9.741956467539959474e-01,1.570738585879390969e-01,3.239962923059469535e-02
4.444784499650341614e-01,7.459417948987697722e-01,6.010145644852703528e-01
4.398079014719398216e-01,6.173968983908378894e-01,6.094419731951533636e-01
5.326220625690937238e-01,4.066109224041989378e-01,6.930304974635304038e-01
9.236372623589916842e-02,7.311278035439607859e-01,4.677624695066844307e-01
6.996302725083156648e-01,4.677210973690448803e-02,1.154986980497068050e-01
9.892772020082124529e-01,2.767423659792684898e-01,4.703631306394324696e-01
3.938026168602536403e-01,1.871862155531489602e-02,7.453476970791940159e-01
9.757093804218066602e-01,6.346150823029058641e-01,8.004658845470423723e-01
7.156421956024215936e-01,2.954776277985435851e-01,4.655533710300485684e-02
5.789318787096975338e-01,1.760219578266781770e-01,1.617140728916398595e-01
7.307943252270665546e-01,6.340364897707561065e-01,6.037630660113041392e-01
3.562167768009151247e-01,6.725287791995300246e-01,5.936715784516888306e-02
3.878699830349555677e-01,7.725124808111062391e-01,1.278126366617360343e-01
9.396828133649461900e-01,6.206415009208448019e-01,2.701835977286248802e-01
3.508074689245532785e-02,8.914695658116982280e-01,1.132761099100940694e-01
8.353731370796658728e-01,8.806610425539476150e-01,4.523708678636617631e-01
5.589230240097803337e-01,3.907266174534834713e-01,4.166125703749009590e-01
9.615153223162787866e-01,4.926407486998669594e-01,1.486152916281069380e-02
5.228334282798133836e-01,1.665521612929391493e-01,4.086085845304509023e-01
6.813400846595943916e-01,1.067560476657282154e-01,3.186740712370077500e-01
4.529568582909758723e-01,1.556190536201705887e-01,3.390848934067685061e-01
1.813441714892148893e-01,4.455357619686295401e-01,4.397078088793339168e-01
4.189779943204763324e-02,4.941870680230290303e-01,6.532569198641682284e-01
1.205682259476251739e-01,5.543504355994151034e-01,8.243622309739297993e-01
7.506085930920078919e-01,3.425479101097474999e-01,1.587560121806622648e-01
9.498676530377887506e-01,6.125863663681324622e-01,6.086139332516220524e-01
9.767314487744709339e-01,5.646816181305602811e-01,5.891406124146232326e-01
1.489787854511094300e-01,9.640898709400859135e-01,8.871369690998380797e-01
3.851278318204255369e-01,4.865932637914426317e-01,6.462255076674023879e-01
2.828453483746713459e-01,3.250239826771700313e-01,4.588308000844006918e-01
2.531752506833636618e-01,1.180897018573332513e-01,9.416396979371536302e-01
8.947354248932622989e-01,9.090399924963243894e-01,8.307654215779700646e-01
5.284163477639647333e-02,7.486510027985273652e-01,5.116793018999112874e-01
5.320338202553621665e-01,5.284463549900539903e-01,7.958965514726026313e-01
7.950910481300255128e-03,5.525701962760397601e-01,6.636599901401750712e-01
5.449424930619457541e-01,9.913779509102795817e-01,8.104299315218312927e-01
1.697779620140011936e-01,2.070665117263285060e-01,7.417614741791808131e-01
5.913870926902711211e-01,2.763900730855428645e-02,3.372985770267145078e-02
8.191626923182937503e-02,8.039938921270707306e-01,9.941223259626629227e-01
4.665779828263807438e-01,1.147359527863360817e-01,9.197738302949309830e-01
4.835284849480422364e-01,6.634251023120699697e-01,1.031341995009104062e-01
6.124125498294298309e-01,8.774868233719418376e-01,4.332134817934037985e-01
8.730230076361567004e-01,1.464938833617849268e-01,9.270605307525292549e-02
4.995232595973155831e-01,3.770792784337407832e-01,4.963224012719248401e-01
8.073002773835186163e-01,2.093015976109413590e-02,5.660061686329600494e-01
8.798994161279298787e-01,6.880270962879975194e-02,9.658328743993831456e-01
9.071773074285184313e-01,5.551566588918166456e-02,4.720237890564197292e-01
9.427319132802335355e-01,4.648539033587585356e-01,7.381686559765341382e-01
4.400670239286398333e-01,8.816108835041994718e-01,7.696422503407120974e-01
8.630485733390528269e-01,4.880998919128947122e-01,6.282165377141218920e-01
3.115079619701740521e-01,6.947342773001645710e-01,5.721059937230686954e-01
6.121439225888276603e-01,1.347021615483449120e-01,4.737725205995597655e-01
2.415583927268087905e-01,1.559359050350347387e-01,1.417557872683298248e-01
1.848144586443213333e-01,1.848467033146206084e-01,3.881816296820862489e-01
2.963698009025629299e-01,2.299695587655542495e-01,2.138039615023655804e-01
6.269720620354777285e-01,5.708240057137261569e-01,4.348587785022459684e-01
5.799976030364402124e-01,8.229186838924227310e-01,2.202238612500662107e-01
2.645198602118011832e-01,5.546781397140796432e-01,3.998692400716007400e-01
5.853766481459292681e-01,4.200110628348586728e-01,6.002446065530198105e-02
5.033654029711822631e-01,7.335146258240029526e-01,7.051813722555990704e-01
6.954468645564184648e-01,3.320107369973159805e-01,7.736369833380419836e-01
5.391416284542309700e-01,7.519005717594686722e-01,7.572639247755061920e-01
8.490699390317901774e-01,1.631997467397994228e-01,9.058266649430829487e-01
5.587131083614751415e-01,4.971411910485684649e-01,7.844734724761569522e-01
5.922914623212882645e-01,5.309134937712489677e-02,7.200664311685687213e-01
9.967033278287863451e-01,6.416679061670468309e-01,3.325343832009326484e-01
9.811122398761140673e-02,7.564014125326048443e-01,5.598404362582964922e-02
3.652319478954390020e-01,2.953117450626467910e-01,3.682931800058608651e-02
9.560253201645279031e-01,9.915798354875495768e-01,7.817081691006544375e-01
5.640615396559711670e-01,8.292647477491648100e-01,8.079975936320941132e-01
4.318022453818395334e-01,9.409767225874652308e-01,5.348056267498700889e-01
3.038378307069329320e-01,8.789222806005908550e-01,3.645256841395909664e-01
5.721872282691732314e-01,1.349428020608144374e-01,7.119561250830764854e-01
2.672008975377340168e-01,3.994325468042883021e-01,8.765251612223213806e-01
2.089880210613800360e-01,5.913816938370426435e-01,2.173392305434040939e-02
1.109243282705664191e-01,1.128919348555669222e-01,9.424084069914420159e-01
3.419536783830939841e-01,8.606012026507363633e-01,2.624384474420581315e-01
3.804249422706841299e-01,6.801735010942745463e-01,6.980882652997648652e-01
9.582499012321625820e-01,1.625104757566889768e-01,7.076288284726002242e-01
6.724478503278978891e-01,2.718816665401406762e-01,5.025807056331482725e-01
5.590661957370040014e-01,4.478482301252384445e-02,8.709208881191151663e-01
9.666698607325617809e-01,6.649825917200702374e-02,5.062360135475350020e-01
4.357282090699597932e-01,9.525091894121595626e-01,9.415359973029121532e-01
4.691316157606774118e-01,7.925326934371913490e-01,6.993814497854211609e-01
9.032652848519728828e-01,2.847414591826723518e-01,6.818342315012141386e-01
8.663957479706054787e-01,7.413655130612729627e-01,5.351943535908370020e-01
8.472841907758104085e-01,8.593022150402513937e-01,1.483780545329489442e-01
9.341704574483278289e-01,9.540421453033510746e-01,1.288248820080840629e-01
7.743601862750452147e-01,5.676067757397074143e-01,4.695769734456589628e-02
3.216765838404624933e-01,6.087770174529975042e-01,4.312616408878372498e-01
9.644740289519366794e-01,7.922122295211119214e-01,5.221904844637959009e-01
7.118306558727254263e-01,7.848674161745978761e-01,3.349246298239294539e-03
5.641579418408111390e-01,6.745782788468097646e-01,2.943592814588350537e-01
6.842496501958710287e-01,8.380604508095512717e-02,1.583482514250760254e-01
1.349602426755763807e-01,6.041839316471964150e-02,1.562950870870704057e-01
9.294619699878750030e-01,2.720922490773078906e-01,1.177283081120328312e-01
4.934711571133340025e-01,7.311517123373759697e-01,3.118012153782359075e-01
8.828106128351528303e-01,4.079573354870510427e-01,8.196089468294899261e-01
3.052597111804180585e-01,9.096398331851174301e-02,4.694584320954573453e-01
3.219273140284580892e-01,4.826796239786859122e-01,7.380505166620667801e-01
3.232435166317647601e-01,5.889047872119353988e-01,3.956539314555074238e-02
7.405686359946799247e-01,4.511352096029918046e-01,9.688553366226254626e-01
1.487109773422219394e-01,6.587022414485310673e-01,4.943309756637632724e-01
6.800028743638553141e-01,8.531648282777126724e-01,4.697695191135414783e-01
3.004865489576746818e-01,8.947196737032451219e-01,8.378679066215172222e-01
3.012401847813130917e-01,7.077484485957585836e-01,6.311268966655271262e-01
5.330590040949406694e-01,9.307727007834384336e-01,4.722309491292273620e-01
5.233974061316460924e-01,3.343919635012196911e-01,2.201319803812247233e-01
5.488974875362314654e-01,6.563964797635284398e-01,5.016043597130611653e-01
7.951534719459342204e-01,8.826499657337869564e-01,4.720554244974065616e-01
2.681564656388327750e-01,2.299701882467678482e-01,3.809396925427216418e-01
5.801321119396113390e-01,7.166608668593726916e-01,6.542299151110897437e-02
9.842449367045327246e-01,1.045901342045170157e-01,1.438078413340511119e-01
9.004661292711969578e-01,1.488486174156578024e-01,7.136797492172771706e-01
3.801029069242060077e-01,6.094249165693396142e-01,2.722674874882531348e-01
8.433881408303486316e-01,5.627470428691466742e-01,9.922875735963433419e-01
3.872675300545378452e-01,4.229341910173631813e-01,1.517544132736504681e-01
5.383064923152637293e-01,4.405021168900209450e-01,4.206754561143039028e-01
9.861548481200821392e-01,9.462270128207592723e-01,4.318893488564063965e-01
2.313269442626867400e-01,8.035357237121714125e-01,5.894551320602955391e-01
9.308208248865463830e-01,3.368134985272071003e-01,2.395802779530459281e-01
2.233085278635299487e-01,3.247059172176622877e-01,1.181422889727218317e-01
4.841866124106573022e-01,8.057836765210592000e-01,9.426999610205819558e-01
6.844449079245070733e-01,8.673018560109871933e-01,1.910892134784063501e-01
2.808116257022003071e-01,6.907857262479415450e-01,7.230334512166707306e-01
2.918714070843989594e-01,1.189262181761668868e-01,1.085465012717496958e-01
1.820482052986360788e-01,6.724677101970903959e-01,5.727041596024606829e-01
6.951302842676976290e-03,1.018150846084783234e-01,3.674865455476439280e-01
4.583323570525954516e-01,6.879516961580534051e-01,3.996480331730765112e-01
6.629282899639261650e-01,5.259237706511562527e-01,5.122232903702055307e-01
4.711275987677731036e-01,3.797835566053668899e-01,5.511833110812556225e-01
2.291533724790519866e-01,4.437493829568646131e-01,2.871311145840076406e-01
2.162091286791486544e-01,7.800569219836073209e-03,6.770102134771758262e-01
8.297437845919662935e-01,1.954579887667095006e-01,9.310095232581800939e-01
5.248750781197243365e-01,4.871450610060518160e-01,2.791281424191216498e-02
2.049540434310948012e-01,1.509575213635924174e-01,5.723490123648429240e-01
4.239607064566509598e-01,2.915868752287347210e-01,3.875544517197230254e-01
1.860974011789982008e-01,7.371137934821903048e-01,2.434035074812431754e-01
4.197207420616143603e-01,3.188447232075426463e-01,2.746636288304595830e-01
4.672550756117258564e-01,7.374650289305798578e-01,8.871691271748260998e-02
5.046539065108884836e-01,8.359036324758153391e-01,3.201363285258710389e-01
9.438887873091689196e-01,2.712629577863534536e-01,1.412778065706526975e-01
5.959421525924912810e-02,6.547544035473006341e-01,2.890387130109011160e-01
7.822202940626037382e-01,7.174019346509190598e-01,7.247085348554560547e-01
9.286905128448318392e-01,5.499044105100981961e-01,1.515810510149796508e-01
4.833272467905513903e-01,8.461752838412249789e-01,9.786626392139697872e-01
2.482204464616903916e-01,8.393669921699790093e-01,6.716506646494514454e-01
5.429432199545716209e-01,3.593459044641822420e-01,9.789363452163724055e-02
9.713228627951253635e-01,9.432539963454322773e-01,4.047570461772393990e-01
9.368958214986367050e-01,9.412102086180919036e-01,3.172263119022992184e-01
6.076330068946367291e-03,6.788201474709586458e-01,6.773101485738087790e-01
9.330280266249103560e-01,2.575385120314307441e-01,3.151294150659222915e-01
9.390841500533159136e-01,6.906553815390743534e-01,8.101224981861027130e-01
3.642051269607771147e-02,1.248237083251779733e-01,9.189075524403516049e-01
2.410551999400931678e-01,4.191668080182120448e-01,6.101507438341339240e-01
7.261029694472176388e-01,6.679409446289068519e-01,3.349912585006367127e-01
7.562851842064846064e-01,8.595286467723965984e-01,2.494583970027911546e-01
9.038547755161971953e-01,1.225802777421264311e-01,9.542579661866490426e-02
8.522040078346649894e-01,1.265963623761527934e-01,7.971235832572509672e-02
1.386591190185104683e-02,3.000186203256746120e-01,8.304539277206596237e-01
2.191851456363258510e-01,3.266375237449182789e-01,2.822034077193871227e-01
4.592983828939152247e-01,2.297841116596305300e-01,8.890646791264192883e-01
3.263808470583906551e-01,4.130945944920552115e-01,1.272702340789222397e-02
1.801979155513344644e-01,3.936466183998162949e-01,3.972952071650505124e-01
9.756012186846387824e-01,1.647878570163974210e-02,6.576635156630668000e-01
1.865169922326681551e-01,7.455433263015210921e-01,9.291809889236308795e-01
4.076760556461658247e-01,7.547668213776039803e-01,6.404433334625778684e-01
7.294933685554119140e-01,1.240513154741129664e-01,5.998026031603459485e-01
3.515020649544003950e-01,4.255250124662838251e-01,5.676695317884130620e-01
9.563248655466218828e-01,7.660632471886286154e-01,6.946850847652921157e-01
7.028637295279174246e-01,4.482719572451231427e-01,2.169767206872919019e-02
7.974018858578253433e-01,9.854763106662614014e-01,6.094622500120447928e-01
7.597804954071515349e-01,3.511257714790911866e-01,6.493959704094935947e-01
4.406862727232241372e-02,6.639444212839462622e-01,7.508927371145802665e-01
6.804484292390601263e-01,2.236957688706608938e-02,8.579299729146259157e-01
6.171860253197963830e-01,2.774652442822137521e-01,6.187269562928319200e-01
5.959019417633469873e-01,6.899188558602562527e-01,2.759043207958724597e-01
9.792016417503259795e-01,4.182835547506403850e-01,2.491693821995970559e-01
4.561536563875087102e-01,1.487933696354031277e-01,9.404446751429427209e-01
4.613077857825654826e-01,1.192405554382381938e-01,4.010419856310901698e-01
7.873238106590485508e-01,8.251873186510725322e-01,3.594137899687201987e-01
9.621265288977549623e-01,4.241654195405101246e-01,9.622344953477733887e-01
4.087434908905067665e-01,9.799481716097055983e-01,6.194669876474665493e-01
7.495972755871086468e-01,7.667543374287021374e-01,3.245245544195927145e-01
4.811895205723091262e-01,1.412133603415516303e-01,7.459847816243549978e-01
8.098628875057456433e-02,9.242865220167006957e-02,9.688341999245461134e-01
5.254895541981945417e-01,9.273116774506470206e-01,4.825356881371767326e-02
5.704358498841697322e-01,7.469381532092179699e-01,7.394254675048624881e-01
6.087046967143963094e-01,9.303011027670871069e-02,7.896703789410338681e-01
3.860750184321828371e-01,5.342131377366118317e-01,9.444190002550245655e-02
2.970540732122064487e-01,9.909069000687761308e-01,7.999000115002273814e-01
2.248811150240657142e-01,8.670297227682557395e-01,5.655726771814502118e-01
6.544617439806783565e-01,4.080928473984266613e-01,6.330389508413769573e-02
7.975534667826019719e-01,7.967337574277124634e-01,9.424151007962733306e-02
4.770654914307623784e-01,1.663870037876636898e-01,6.280272627139091846e-01
1.472758416348510790e-01,6.733926909615579603e-01,4.742695704636747944e-01
7.742072213204701514e-01,7.203886477574044100e-01,3.576445466251931826e-01
4.062381244361560340e-01,5.003354818184443387e-01,3.214909920160735624e-02
1.988685470268907185e-01,1.065599550157870778e-01,9.104504082918779551e-01
2.958554352356271844e-01,7.123492626692462526e-01,3.335836550252113675e-01
3.831354864369884705e-02,9.083622262574625461e-01,4.179001796258319246e-01
8.404730024052206039e-01,3.975710659495943489e-01,8.202930087157427330e-01
1.604770957761738615e-01,3.159223106148778548e-02,9.990179657415265702e-01
4.737564943299642506e-01,8.679927956108101084e-01,9.423160699597707968e-01
8.842110197165369279e-01,3.870978799603569387e-01,2.088323132218672384e-02
3.120696604533980123e-01,2.319174010451995338e-01,5.206228279319381480e-01
7.324235531099116958e-01,8.121271632845701305e-01,9.425137362942641595e-01
5.871508899564537032e-01,2.486761558361080260e-01,7.553726330697480007e-01
1.054027782403366142e-01,8.940743401839155169e-01,7.432290832512744583e-01
1.743156438355036864e-01,4.798927696882306915e-01,8.092315950294294291e-01
1.855042887739155599e-02,5.967095899359304845e-01,1.119465475173556657e-01
1.655687364286962948e-01,5.942950711347104731e-01,6.189365521694609740e-01
4.031972723952726989e-01,6.575538317419582501e-02,1.005494904867193506e-01
7.285136606066313636e-01,2.258053583716457258e-02,8.818226073798014486e-01
6.996621485428163867e-01,3.829083692473285172e-01,6.882700232181071520e-03
9.673619611426550469e-01,6.394123118962005137e-01,4.542704788390737880e-01
7.581410158382944076e-01,7.074205573826124471e-01,3.654961307460833364e-01
5.599626011200942166e-02,7.476340580738495278e-01,6.354561320085161391e-02
2.367520242305365397e-01,3.922804496989585887e-01,8.021055177960131344e-01
5.794421449817331871e-01,7.165770946727538782e-01,3.072904068378624620e-01
9.728370203590378518e-01,5.292804286050817320e-01,7.040083853219741838e-01
9.644850531499457036e-01,7.233097256482148296e-01,3.004480222332464034e-01
9.112982528317232767e-01,7.057373712935218757e-01,6.624802993323630762e-01
6.477951007133977424e-01,7.798132457156325970e-01,6.821700573377541543e-01
8.775010645685702437e-01,8.070152972344096787e-01,2.674861055270142396e-01
7.535097039135505437e-01,1.433718831525820914e-01,4.984579723143367502e-03
8.888079909034635184e-01,4.301675602039758406e-01,5.245710292689997889e-02
3.327026988266384988e-01,5.075198841531581850e-01,3.964477942826249990e-01
6.928246895802304683e-01,5.193426006277946927e-01,6.386387963224706699e-01
9.378114877213583611e-02,3.890282053676710206e-01,9.566964474321312251e-01
7.987966576647252959e-01,6.196618220174836544e-01,2.743174983131935196e-01
2.401830191602901676e-01,6.383300040385069263e-01,9.970979855856991758e-01
9.474022671778437044e-02,1.122022750736373364e-02,8.347921695464450842e-01
4.568925511281961560e-01,2.266968038076133674e-01,3.414676339481074185e-01
4.358170384953303778e-01,9.237497856746015312e-01,4.899083733565352539e-01
1.030225598505630780e-01,6.925679487565835624e-01,2.806616074707891650e-01
8.122786670660949726e-01,1.799186438055924153e-01,4.723800983393177111e-01
4.779197741986174197e-02,2.478238921657077709e-01,3.790739588656995007e-01
8.054006412374355994e-01,6.995771998341521192e-01,3.233676731745767086e-01
6.541877644268824232e-01,3.862186615381842936e-01,2.258018999170995356e-01
7.085592195589386355e-01,6.320555496440619647e-01,5.456693273345596396e-01
3.455750018747936192e-01,4.216742320448161330e-01,2.555614040647208318e-01
7.576480261800342397e-01,3.083649647672376259e-01,6.152399878501564334e-01
6.349847309272913520e-01,2.730191990358388221e-02,8.668759527526066488e-01
7.170047054191442948e-01,3.595239059192079090e-02,4.667450048695144238e-01
1.099023810981313298e-01,3.668588927330258542e-01,1.910188639528332954e-01
7.943599120831816851e-01,1.857797168288886080e-01,9.440295558464144587e-01
2.644426152129831786e-01,5.056147537932947911e-01,3.919633697015305618e-01
7.815401388586143971e-01,5.935336468068180826e-01,2.807405690541034948e-01
8.266354624782291660e-01,6.240012867824904497e-01,8.229878835435278095e-01
9.804204044013505870e-01,4.181067806753161475e-01,6.827905779866423330e-01
7.227527767137864600e-01,5.496752487997681458e-01,9.465463764189308016e-01
1.103522240854054592e-01,9.630850874796528238e-01,4.856268181644031179e-01
1.071803397404583746e-01,3.124268264985855525e-01,3.928927388247025476e-01
1.434148055603028382e-01,9.418657377033781142e-01,3.858625413141584248e-01
6.306389980720550348e-02,1.292267452522186666e-01,4.901724792573999290e-01
2.578780695999880468e-01,9.031937327048752406e-01,2.280216479084908876e-01
5.348454377426647977e-01,8.618023816720052910e-01,1.650303959934706910e-02
3.623508420010171927e-01,8.122608019973601712e-01,2.985763144944790781e-01
6.856334219641456729e-01,2.382205701027563238e-01,1.286404380471882769e-01
5.387366621946708678e-01,1.223096702305853656e-01,5.704794724773873948e-01
7.678848819851605834e-01,3.990980459338778763e-01,3.026067467331929883e-01
7.249689742950479188e-01,3.058051218929500603e-01,3.401524238039651538e-01
7.321929266621665100e-01,4.765191797783285832e-01,5.039472909872612094e-01
1.518093919607924613e-01,3.253899106590155688e-01,5.923816926529024141e-02
7.128330274503267283e-01,6.708836291868169877e-01,5.246670111290836491e-01
9.382204243437750613e-01,8.864795969899273986e-01,6.633880767912402332e-01
6.357346245562398579e-01,8.270183714060560520e-01,3.023491942024505441e-01
6.058209921180480739e-01,2.891578552982980721e-01,8.525643930937062409e-01
2.731162470233143846e-01,5.351569200296187878e-01,1.711200085246851188e-01
9.221134185857200460e-01,8.517290482983749245e-01,1.107333703411172987e-02
6.398850734637109294e-01,9.859889137279187477e-01,9.279096302971844290e-01
4.703215870638088880e-02,2.323501797274918346e-01,2.707176975801681706e-01
1.159808498746972560e-03,6.594642241074738509e-01,2.135958848443968439e-01
9.272265520797606797e-02,8.272014122612176834e-01,8.888696876788864110e-01
1.533029253455413521e-01,2.165295209247342090e-02,6.382718515862603192e-01
5.884418599679195339e-01,9.085789686673777510e-01,2.458777945072296855e-01
3.694350743789935887e-01,4.189938670123208864e-01,9.672552124649915761e-01
3.803227762289667080e-01,8.460334589848813591e-01,4.307640907405119179e-01
2.102264247994928281e-01,7.176475896192140436e-01,1.453678079587772398e-02
8.123521388962697820e-01,2.062976959794947662e-01,8.206100337066029038e-01
6.792498653685140608e-01,4.741915241446310603e-01,1.101863733242527399e-01
2.044030254679436442e-01,9.813477479328159836e-01,3.204627208849357700e-01
6.714334509044511679e-01,8.053689132553385477e-01,8.330349654331277165e-01
1.785888116019503924e-01,1.826277721039276658e-01,5.248629496182071197e-01
3.851109086625059685e-01,5.552689975830682467e-02,3.254280135074586466e-01
1.683978326186693630e-01,3.479360380639627826e-01,4.222615025645672926e-01
1.984870328401089346e-02,6.018391515169184691e-01,8.334255906930345681e-01
8.469192499612204772e-01,7.342050985201054036e-01,5.444905709809970684e-01
3.513184373025504126e-01,6.207475940936035830e-02,2.943649308958701249e-01
2.806502195873115113e-01,1.245797720930238439e-01,6.798912796837918160e-01
9.942975164559819667e-01,1.155813628267132742e-02,6.795279407208553168e-01
4.854820981624774490e-01,9.355840077817867417e-01,9.914618957957852530e-01
3.359851581895174633e-01,2.794283712251651730e-01,5.073788186705218139e-01
1.747043682986838542e-01,3.618796839575084689e-01,4.804663496786336641e-01
9.609764148599033717e-01,8.684318279090424975e-01,5.863729515205996501e-01
8.344316259202004815e-01,3.362658085471360581e-01,7.352438449056453162e-01
9.958371156394899559e-01,2.550918337211024456e-01,4.198498549992484286e-01
9.400733886006598095e-01,3.761657278655957670e-01,1.687535476548127633e-01
3.261127120452211869e-02,2.576798049692397008e-01,2.265091603765057027e-02
3.028942295650495220e-01,2.548326619354310818e-01,8.870886653633225372e-01
9.792134865662061038e-01,8.623376669841256170e-01,5.717167674877777772e-01
3.188525142027807124e-01,4.070570808590742162e-01,6.069449179406626316e-01
1.727454506401826517e-02,9.550237060265674982e-01,1.382032325447718479e-01
1.766265580926056344e-01,7.171860982794308059e-01,2.939254964968578410e-01
6.314557297737138919e-01,2.032741598485081624e-01,1.786037042958742438e-01
8.162683945963160603e-01,2.456014353309656784e-01,5.108973943018448871e-01
1.996119011727313097e-01,6.353938665542404607e-01,4.699080777117866647e-01
8.177738429211174331e-01,8.796700205589759181e-01,8.165270444342080935e-01
2.756041662899454403e-01,1.773127013556977660e-01,5.494793522850297540e-01
3.576057806345608325e-01,8.410159684321505402e-01,9.588809537731183275e-01
5.614109341923921859e-01,4.226963391404885417e-01,4.885672390674919985e-01
3.300070514307462677e-02,2.228822249740708417e-01,2.909793568212563075e-01
4.602387938131364820e-01,5.592074380255137589e-01,6.782698711589627560e-01
9.187915423809761561e-01,6.536219845448473231e-01,3.452487714433520871e-01
1.468048656332852087e-01,3.198715979726659553e-01,3.749299829861197919e-01
4.849730346941308889e-01,9.363554622044950593e-01,3.316585565882222975e-01
4.884421504428512195e-01,1.759163323072348017e-01,9.063691042450929825e-01
2.087940980270830416e-01,4.140084861937881611e-01,4.572534800232335161e-01
5.300136744234544839e-01,8.087339504110002686e-03,8.497862907958459999e-01
2.922514335881792880e-01,7.953914502331457248e-01,8.349661040266429524e-01
7.928493073487222764e-01,4.098851251065361856e-01,5.937495845856972654e-01
8.868032535458003629e-02,8.991416781618893905e-01,8.683461826055616228e-03
4.595467158998545187e-01,1.233271022196062994e-01,2.197764674714476341e-01
1.904753662010206794e-01,6.057701030658850794e-01,4.657330751301141936e-01
6.178116657409867818e-01,6.430565297960468829e-01,1.135195856032409356e-01
2.555954918482238325e-01,5.914516083199742313e-01,8.905826737019451045e-03
3.390551032837212375e-01,5.082612808653604874e-01,6.780274883747867687e-01
2.903113665257602838e-01,7.447140194701507010e-02,7.905614477035530774e-01
5.630073441636185283e-01,5.014244268237039170e-01,3.787869179911529383e-02
5.454922314719103937e-01,9.274811272194961598e-01,1.701630964412418345e-01
6.487457597310201107e-01,4.878944309348376418e-01,2.446431917421010294e-02
8.739648259814174480e-01,5.992681186793837878e-01,9.055246070771014733e-01
5.393930758331193509e-01,8.619006755783585882e-01,1.771920503320050244e-01
4.982197557390987130e-01,9.491495200802799737e-01,9.835740987976152594e-01
2.260192214578995440e-01,1.570347682648146614e-01,1.529824516234741250e-01
2.439019888203339814e-01,8.157156375959334627e-01,7.808788009294517218e-01
8.360333740757280863e-01,5.104064072727887424e-02,6.803770281757164362e-01
8.608337813065094490e-01,9.175776151561454430e-02,9.961173530217407590e-01
9.618905086224253109e-01,7.972752339503086372e-02,3.224709491919732773e-01
5.585125126858092592e-01,5.989208317127536763e-01,4.651604338041253062e-01
4.475147592699297849e-01,3.513841408342405215e-01,5.429185735664919799e-01
7.981407111081416650e-01,6.455883589362506614e-01,9.980463862988775414e-01
7.312805543840534828e-01,3.767169059749788662e-01,1.927580728170072977e-01
2.713631777165426140e-02,2.913083846315729364e-01,3.992727549789469865e-01
5.608144608015606103e-01,3.151429331934603173e-01,9.054279104824415336e-01
4.831234470717026275e-01,5.676387330470774595e-01,5.071119618547066388e-01
6.366128563235917692e-02,5.577038131794201936e-01,6.376315720970868739e-01
8.359798940658108579e-01,7.963773040160680994e-01,1.153028168032474987e-01
3.204132784343840523e-01,3.745848900286953276e-01,2.137516548368112446e-02
6.435099414783365113e-01,1.384105173914158549e-01,8.202288386289209310e-01
2.508529647411315011e-01,8.688749029651853251e-01,1.938052919532815555e-01
4.870982384276559829e-01,4.612285156334104963e-01,7.247224856045495489e-01
7.626750831093378480e-01,2.560769324223430843e-01,2.239507511951946972e-01
2.821615355551331250e-01,1.766515884485373444e-01,3.662892198995065796e-01
1.931832473485931567e-01,7.251012183225025165e-01,9.767058124592126189e-01
8.501172807771549822e-01,6.465901362008787956e-01,3.434633427994276955e-01
6.963149406759534532e-01,6.252325436920903590e-01,3.906187437648568350e-01
7.777215545714960543e-01,2.828346836894314320e-01,7.056307454542445345e-01
1.759162931321232026e-01,3.325876052790663895e-01,9.351635989182927045e-01
7.648911876658109898e-01,1.045267143879148319e-01,9.132253195313442262e-01
6.915510293823968757e-01,3.241565990362723637e-01,8.467182173988158089e-01
7.848335795606554699e-01,9.797708441137924495e-01,5.278782679284420576e-01
2.336555509274496067e-02,6.826978351053684113e-01,4.101927313362891958e-01
1.219469587634262053e-01,5.094034064491517189e-01,4.031920101184716110e-01
2.694845584177707476e-01,4.812424733746349936e-01,7.073823693249846611e-01
9.661910647236793270e-02,2.635150534904742159e-01,9.776367281999298608e-02
5.901382476730123727e-01,4.055141850834712569e-01,4.222131222393776806e-01
2.961225193836451997e-01,3.055889387617429787e-01,1.502636936698885650e-01
7.378080130193519492e-01,9.671774382680059512e-01,8.031920730820436560e-01
9.974091891141414479e-01,1.053511849057821026e-01,8.077633072497253375e-01
1.907410305863439515e-01,5.444080861821897210e-01,8.203355569948296289e-01
5.568442442355274746e-01,3.816208052529094230e-01,7.013590219590265518e-01
7.980175115773259220e-01,8.202363965175426541e-01,4.599398828070271339e-01
5.408102517489128402e-01,4.562611346726197503e-02,1.715456357888313077e-01
4.196767883325220883e-01,7.681989303954427362e-01,8.915343040413044040e-01
4.887159778787385500e-01,5.120092601436404545e-01,3.283380741067503106e-01
8.644337552476787367e-01,9.089538214535539673e-01,3.186323360844958152e-01
2.567071258142022971e-01,7.646150562644978832e-01,9.585361405726965378e-01
4.804278947089706264e-01,8.843470056353243125e-01,9.940712486315552709e-01
3.342766288005124542e-01,4.219630486811103420e-01,6.716968450523105316e-01
1.631089356975521376e-01,6.751500773480607620e-01,2.058019904182374349e-01
4.477764135001770507e-01,2.825589158676033996e-01,8.730933595407737169e-01
1.436459348869191244e-01,7.626248885256374788e-01,4.820672683687174942e-01
8.861312259443243633e-02,1.234672348369947326e-02,9.791898609692414324e-01
6.894525812566354439e-02,4.833402079624611325e-01,3.184434071223727347e-01
3.000280017369071350e-01,8.320594281613425958e-01,7.142742853574002293e-01
1.067268956811708858e-01,6.547730283518907735e-01,8.795043373854427582e-02
5.066642710498177049e-01,2.072472089170321885e-01,7.493689094420136199e-01
3.916168750357064132e-01,1.815877239892479400e-01,9.026398466726802683e-01
2.484638711688587076e-01,2.487395762080237827e-01,4.555848242879192433e-01
9.231625779259288178e-01,7.874805766678594221e-01,7.206385328805893220e-01
8.422780993841112451e-01,7.912081987621450985e-01,1.932477013284602529e-01
2.925466696257029708e-01,8.119575778311742820e-01,7.271269724316263838e-01
4.195662892305143110e-01,2.529613446963553391e-01,2.005533041550078277e-02
1.092874321414858407e-01,4.478038613077188757e-01,2.540815599425075844e-01
4.695743885011444130e-01,5.724928758532468187e-01,5.913062561766525560e-01
9.870309200695654983e-01,5.610907821795778627e-01,6.464428246526036093e-01
3.397760198559245381e-01,5.319393944024003451e-01,7.847422552629838011e-01
3.922682430589252700e-01,4.709761117417909926e-02,3.540546622982136959e-01
4.869865598409255369e-01,9.393401478356651069e-01,5.879250609604946831e-02
8.184935543246341094e-02,2.508398458135755460e-01,8.288991996263900264e-01
9.209036489404514025e-01,7.772309956123717445e-01,1.457768275800406244e-01
6.354670960777857314e-01,9.780590477367000490e-01,3.456854133421344288e-01
5.350056702856389457e-01,3.383478443322660567e-01,3.449375031346554321e-01
9.481956598372336398e-01,2.599456337754127988e-01,1.234186363472027370e-01
5.844548907677488137e-01,2.415162165963882224e-01,5.116298434795065742e-01
4.039084145088185362e-01,6.365079667056028345e-02,7.420360997319394025e-01
5.148759488547606233e-01,5.299497932571012315e-01,5.545080693872798117e-01
1.853966651976743929e-01,3.680425013674759604e-01,6.028206909349311804e-01
2.896249022526606876e-01,1.874677426222026710e-02,6.198167774323858348e-01
2.455608119002539169e-02,8.868017167334818485e-02,9.815142356059581852e-01
2.445635739447349355e-01,4.507699735518598816e-01,3.117916970886039918e-01
5.653455840387845432e-01,3.682425189830614842e-01,5.557915296053472787e-01
6.163468133922708203e-01,5.383516025403597416e-01,1.163245603879232704e-01
8.055918425486974233e-02,3.040918599500439523e-01,7.458583720303308962e-01
7.021433103947174459e-01,3.931407138137750223e-01,6.019795388273549985e-01
1.340570758022339160e-01,7.445728700815049672e-01,6.624684701197335324e-01
7.880324025307008373e-01,1.388697401708696155e-01,7.335520680633920154e-01
1.089577318715488907e-01,5.430883300988377238e-01,5.341245535279048884e-01
4.425767255943848788e-01,3.973775437852666848e-02,2.349256491988268580e-01
3.970463509183957962e-01,1.603571897236336641e-01,3.115188759862452805e-01
3.583363607511553806e-01,8.201693903788738194e-01,5.877132804923623777e-01
9.615791146385903598e-01,3.960370757333339098e-01,6.466667903496866598e-01
9.423410896438842999e-01,9.213944892134114939e-01,3.669698723392259554e-01
2.952756013826948189e-01,7.639891131594623852e-01,2.720353115033948832e-01
3.825684751029281294e-01,2.965780600405937273e-01,5.159318990277791395e-01
3.615801286816153759e-01,8.599238140342954084e-01,1.177598061138056540e-01
2.936779999610094061e-01,8.960458276134510847e-01,6.185219214806759735e-01
3.507952049848886977e-01,1.610686148455265920e-01,5.883665680581722235e-01
1.425564371754833859e-01,8.168985778955024646e-01,7.740804458742175376e-01
3.973688082623169082e-01,4.237325940799354651e-01,2.835847514865357244e-01
4.338872977302159484e-01,5.373974285818599039e-01,6.901237355882007263e-01
4.929053707006055829e-01,8.197863702441164913e-01,6.673383258963113684e-01
8.434325656530021753e-01,3.965680195769426541e-01,7.601767828372484326e-01
5.670415422055636867e-01,4.744743597448274341e-01,1.061743224995502777e-01
5.383052028994252947e-01,9.801800923197767634e-02,8.751982306121945943e-01
7.898607063498614966e-01,2.331695409396268293e-01,1.662233778422481656e-01
4.414616856180250126e-01,8.965179747001851274e-01,6.027880338018057893e-01
8.254338238107606918e-01,9.636212522846697714e-01,9.541536723145571663e-01
8.404409388363731637e-02,4.093931382926793150e-01,9.624478764579207368e-01
8.492958802863125323e-01,5.601733516910956112e-01,1.647252619932750850e-01
9.183225998126102185e-01,4.053516655156682580e-01,3.945172971851305110e-01
4.919404703329752770e-01,9.783224043864128250e-01,4.514871178811592500e-01
5.058433449472995447e-01,7.229221105357477306e-01,1.568454140481490011e-01
8.445728978260818032e-01,9.396601299870044333e-02,3.885133105490945482e-02
8.983861811096122141e-01,7.504053001454035199e-01,7.090100864076056553e-01
2.394433737145642560e-01,9.431397663209433180e-01,6.859409787097213718e-01
4.405167069439024363e-01,8.979638068178780186e-01,9.965950093275610655e-01
8.421479113697627472e-02,3.566439121856010974e-01,2.845668796250365729e-01
4.046842050016293824e-01,8.254397454450397298e-01,7.366117604709786493e-01
4.700245211245134280e-01,5.631573831887726200e-03,5.619841063241204360e-03
