5.361766794167138750e-01,8.979904486211627290e-01,7.844607297540617807e-02
7.301863301350307589e-01,4.684642379758332531e-01,5.760596643166624453e-01
3.735752129020386558e-01,7.694362303625416066e-01,1.016724765022239962e-01
3.969438361006271121e-01,4.967098776306997365e-01,6.930109566802903354e-01
6.930148928563782951e-01,3.450300036389082337e-01,5.508319879742551439e-02
5.752201205597259337e-01,4.406096975671375260e-01,7.214435042323908975e-01
3.610680971221352786e-01,9.824995372420785023e-01,1.262124932432272528e-01
6.455230207121759323e-01,5.004878709407409865e-01,4.440592933697450340e-01
7.995376798864100021e-01,3.549893665897548845e-01,2.120838281599785047e-01
8.136368306145690399e-01,6.018427248533456675e-01,5.039603094018200169e-01
2.649604841587248627e-01,7.881345950733690264e-01,3.887943750064182247e-01
5.543207279475768079e-01,1.271631756571235394e-01,7.153627121835950398e-01
6.853191923141673803e-01,6.605851794493884377e-01,3.917682465913019385e-02
6.310381610188681156e-01,8.565331280488093224e-01,7.618509201447473123e-01
8.228790852002820788e-01,1.211740711560769235e-01,6.920251663868940417e-01
3.164814784387359747e-01,3.108244920709232195e-01,7.137142910582681132e-01
4.708433900434412234e-01,9.003774134339637136e-02,6.811541827806747440e-01
6.206941751120843564e-01,6.728939243364969736e-01,9.457358852084353229e-01
4.681011267096789608e-01,2.434839939708496326e-01,7.378350495037280243e-01
6.683951399849646924e-01,8.280112990426938824e-01,4.474638703633205816e-01
6.873694964145481423e-01,9.685003773604861088e-01,9.166686488771986774e-01
7.083197429206090634e-01,2.960694878100076366e-01,5.126703509954295690e-01
5.139889421603238695e-01,6.307631665485944339e-01,9.461030737399211965e-01
7.216740340646994323e-01,7.382494177329688156e-01,3.480347863712797141e-01
6.815176245296750146e-01,1.903770442607088942e-02,1.454547256118864373e-01
5.340907361723158386e-01,2.533937017562686300e-01,2.140833087816631508e-01
1.515543922971984703e-02,5.116246594546568494e-01,9.679575264990625261e-01
9.606289856125772575e-01,2.560392020408401859e-01,3.082343482422565950e-01
8.742204866150207199e-01,7.994949511434469303e-01,3.602568944060544620e-01
3.807006079617776262e-01,6.814626314502126858e-01,1.269657360771587751e-01
6.209202148834334078e-01,3.528352656595036274e-01,4.159053901315907797e-01
8.502479365496414809e-01,4.266004649805541504e-01,7.902402967976926984e-01
1.285181469323377623e-01,7.703678965310634119e-01,5.279673850963828574e-01
2.780580098021419033e-01,1.234024909426835181e-01,4.817465691012923212e-01
5.644753859606539415e-01,2.159918896891103168e-01,4.064904933002618792e-01
1.017822939728864062e-01,5.840959337047494371e-01,9.285837267525923755e-01
6.369132680454507867e-01,9.675501582800404288e-01,8.006393101825426406e-01
1.589337454662417271e-01,9.681286796100351255e-01,3.618698712123794570e-01
7.597253029819073245e-01,2.237680307051961304e-01,3.513080310811989015e-02
4.352131066490805278e-02,8.180164762300612402e-01,9.257496222468741820e-03
8.717702883359540467e-01,8.591556311444681349e-01,2.980906498818914896e-01
6.309992051770372257e-01,7.258360866430542124e-01,8.248310377905493374e-01
2.816663091209543612e-01,7.204286183929119458e-01,4.336575705418972415e-01
2.160863702287246779e-01,5.506373787624743166e-01,8.440935328323461162e-01
4.599349437690064546e-01,4.088659133630926368e-01,7.073371833799950714e-01
3.866409909821281188e-01,4.588684318214077962e-01,4.371414706295173591e-01
5.221637911872263338e-01,7.770810449206844162e-02,9.839594788325632946e-01
8.134746241423989055e-01,1.160011161081855313e-01,1.836161015199857527e-01
9.534505024035638820e-01,1.173952706681495872e-01,8.469242798272622608e-01
3.532349818870219593e-01,1.302623567967444718e-01,3.190801526610856920e-01
5.300220610746602112e-01,5.905153635880459051e-01,1.703166399865407854e-01
7.339378618919852881e-01,8.209907600496035851e-01,1.293721948852507575e-01
2.664173447807111073e-01,1.512749705601738048e-01,1.577093416870554154e-01
9.627282381213931872e-01,7.771417222911011224e-01,7.978333981349647885e-01
4.111776274205700688e-01,8.287648162839705845e-01,3.308862635027027821e-01
6.097408131232147088e-01,8.841380385488395444e-01,2.116663897321617860e-01
9.169830885509060447e-01,1.790517647582287042e-01,7.087540297015947344e-01
5.585090926701113956e-01,3.837358761033370369e-01,9.409089002192629891e-01
8.839003429257999978e-01,2.593367798155832293e-02,9.669361299751624284e-01
7.167650217048951999e-01,6.398337820621964322e-01,5.728393354066274590e-02
6.064992249830701843e-01,1.971296758015539385e-02,7.135823727147561080e-01
1.378777804123003659e-01,2.237915049507093190e-01,7.446925488474070987e-01
1.671815171561177316e-01,6.826759055277111798e-01,7.458250629949083610e-01
4.747443993778337479e-01,7.482272029836078975e-01,1.909211152382265242e-01
7.863561184868583798e-01,4.807543897035986280e-01,5.529194859947189622e-01
3.194793277746643678e-01,9.311343374337652801e-01,6.898246783956233363e-01
7.015578618588308446e-01,8.908721786399043108e-02,9.804868919252526238e-01
7.895689565046493108e-01,6.362359314740180238e-01,6.512357001947325363e-01
7.878535441918369520e-01,1.474469763761995234e-01,9.451044221078196417e-01
9.677521026253472769e-01,8.589480776363637160e-01,7.089904466909123792e-01
7.617297022297255804e-01,2.700135258169444885e-02,2.623585073859353578e-01
9.820412361193017192e-01,5.771349464204789115e-02,8.649486743267993383e-01
2.656098547677077093e-01,2.035526481229332774e-01,3.017091285295977476e-01
1.095881016068434022e-01,2.799242330145274016e-01,9.455088350514740947e-01
5.583876496935112899e-01,4.742740158317940713e-01,8.204558690373620067e-03
3.278756722229325682e-02,8.560273432637606206e-01,9.170884402710908212e-01
6.715346080728405997e-01,6.091201750536404669e-01,7.630416232401426857e-02
1.461979483073522212e-01,4.588464905523926829e-01,9.637835607489351197e-01
8.038178179261714629e-01,4.886386395576831632e-01,1.513853186418298025e-01
7.070824109520144063e-01,8.587667525193084517e-01,4.006239855796929206e-01
8.592081824805918311e-01,7.925127369560147628e-01,5.574059550907740634e-01
6.284473182436653982e-01,9.581439853535411721e-02,1.917140985123512165e-01
4.431067850564079924e-01,4.560946735546016484e-01,3.170555620861682522e-01
9.697131605260108644e-01,1.047322861254276205e-01,3.675351557110664302e-01
2.118651972412676221e-01,9.487882055383352053e-01,5.814017082506744982e-01
4.639914201971104823e-01,8.218387808191187638e-01,5.667831953424836700e-01
8.822708434977659664e-01,5.009115097505850711e-01,8.904096193231769707e-02
5.008311590878508079e-01,9.932482532790717356e-01,5.023364499390199356e-01
7.807360932334285186e-01,9.896373303967498369e-01,7.014750558651674517e-01
4.414364264057910603e-01,1.877633628528665444e-01,4.713948834699251966e-01
1.737669930700866949e-01,6.985772198218358486e-01,3.563139162790336378e-01
9.106856140230723540e-01,1.340440446245585449e-01,4.319905824749351586e-01
2.545871985736544163e-01,6.356921667664555686e-01,6.767951130415194028e-01
8.057322759481319041e-01,4.369714086608766923e-02,3.851934301449585485e-01
8.430221646979718653e-02,6.416406745478071549e-01,8.827559513932823343e-01
7.227228917867510871e-01,9.237090789024038351e-01,3.610185599465165485e-01
3.434279038359049352e-01,4.818746356823457866e-01,7.807559959527389237e-01
5.614437694536200674e-02,6.141135534205302005e-01,5.660874501678470061e-02
6.813537180589703812e-01,4.306428952923306852e-01,9.619100335765606857e-02
3.256524237136996236e-01,7.911099391327756081e-01,2.226066512775992656e-02
