4.409656438126213773e-01,7.338994033876686807e-01,8.776724005152647390e-01
5.569330576505879815e-01,1.555081671511781005e-01,6.153149421277961384e-01
6.676981099741191583e-01,2.850735570473100777e-01,7.987155997630700499e-01
4.319602192741085478e-01,1.080782467502228172e-02,5.274516714248953519e-01
2.147326390307366939e-01,4.720253281887905050e-01,5.561689555192067536e-01
1.409028935681821970e-02,2.126515787827409909e-01,4.263899757224751674e-01
8.563107866931549683e-01,2.957808444351688326e-01,1.844758468356190173e-01
2.928931447950786637e-01,4.798300584468214725e-01,2.184459516049885863e-02
6.349507146895762011e-01,1.181568313290571881e-01,9.508924653546849681e-01
2.312530801123383606e-01,5.637802444606403451e-01,9.227037109158705563e-01
8.700571214644587936e-01,7.270557631651213271e-01,5.803110619386109281e-01
9.087660017282663816e-01,3.623129415948023180e-01,1.752022115535539770e-01
3.912880261881546140e-02,4.779337536030533462e-01,4.704811049292650926e-01
4.418540764006591015e-01,4.065972244661271162e-01,5.945744782191713096e-01
2.596564240358025799e-01,2.688668485697809363e-02,8.841307196905722199e-01
9.361936285183359852e-01,3.106253299258306955e-01,1.828530261787810751e-01
4.503378769636965373e-01,8.813805295386363259e-01,4.656013198351826032e-01
3.789135607218837576e-01,3.214626618898023258e-01,4.223758615611639122e-01
5.227902524537808571e-02,9.478353114974179539e-01,9.299798418563092195e-01
7.228307117259230585e-01,8.940745645840828537e-01,3.222948095194843043e-01
5.248291737062530382e-01,9.628352381749105682e-01,7.988152424472809709e-01
3.397311002900248456e-01,1.055620809697214169e-01,1.678879048768195936e-01
9.017689381745694899e-01,9.996472684558258548e-01,2.818374578473851200e-01
8.426725801863799159e-01,2.329245133552214631e-01,4.043376214936350577e-01
3.221577935022074124e-01,9.514422329296914338e-01,9.091914791207689195e-02
2.740621723428086076e-01,4.882255793623280216e-02,7.770290252241403017e-01
5.413988851249741385e-01,5.364740875464956149e-01,5.783351157748328752e-01
7.716093496220901571e-01,6.395997389326116833e-01,7.629533892522056826e-01
5.412692804390971668e-01,3.249872210486426383e-01,8.071704648632995749e-01
9.363835936112229197e-01,4.674608981673596952e-01,8.614551525304098289e-01
9.520943979322807893e-01,4.536491901070925925e-01,5.447051782189300528e-01
4.649744108200167814e-01,5.215854443756862135e-02,7.740250174743160683e-01
4.580056012963652501e-01,5.991094188890470074e-01,1.823373427104734157e-01
2.877924892090477638e-01,2.201267706484457687e-01,1.635945785961663290e-01
6.543805065590962977e-01,7.651174514777349112e-01,1.784076481034179151e-01
7.683521639169099693e-02,2.141846172405198478e-01,1.083920439652705792e-01
2.733254694692764941e-01,8.246770078605442089e-01,6.943018500102029478e-01
2.319423088287252410e-01,6.310022395120583605e-01,5.008157190678291792e-01
3.574166446231427097e-01,3.639120912092852489e-02,3.869783885838774529e-01
1.085049660784367376e-01,7.494504217477460095e-01,3.281513432971780997e-01
5.916126937506016592e-01,4.864996744904830361e-01,5.000955722154216687e-01
1.806850109034369156e-01,8.648931134462339854e-01,8.501581367294843705e-01
2.423292689042022552e-02,8.260739234094914840e-01,9.083561817786978132e-02
6.279345409756853513e-01,4.917437271843948521e-01,6.191520612452569017e-01
1.574231140100718074e-01,4.110082169413783459e-01,5.133758411875910532e-03
5.701670423295257528e-02,6.978414210839994913e-01,3.647639385193163220e-01
5.753917857678148007e-02,4.835299738052742935e-01,9.456867723868410680e-01
9.331054848803738144e-01,8.701299164935778485e-01,7.103142248729732433e-01
5.316426059234965473e-01,4.240841852063125250e-01,6.980548642213045829e-01
1.638541142216265456e-02,7.151895941875513474e-01,8.389942228365828703e-01
4.830414310169506287e-03,5.748249016652744459e-01,2.995499411138361490e-01
8.788360410061860639e-01,7.612169576251437420e-02,7.813338956433196758e-01
1.576970487971383061e-01,5.503455857765485737e-01,7.437077527393642917e-01
3.090327572261998279e-01,9.470989321763223501e-02,5.620494730547328510e-01
2.580901814129262783e-01,8.834894451177224273e-01,8.715556219991787978e-01
1.136352684541341862e-01,7.877975576470795938e-01,5.953747689470719751e-01
2.170455235014279172e-02,5.124987830815141976e-02,9.986242968288638888e-01
6.488982200480293283e-01,3.160416065646691752e-01,5.925985101272216449e-01
6.478943713831092355e-01,2.067434374525700669e-02,5.573941666448051224e-01
1.491519630643984851e-01,4.814588603205791628e-01,3.476731155916907845e-01
4.799235278896376578e-01,3.955257234738474015e-01,7.103608952351402328e-01
7.884471347926232943e-01,4.797587207856305325e-01,6.111367761671653298e-01
2.920186515175389186e-01,2.022069812750146856e-01,6.787561633167098485e-01
6.092597139205720991e-01,3.907981112206656560e-01,7.868474320044377412e-01
7.809851002690579858e-01,7.019788782342006872e-01,9.340355059832642359e-01
5.157238017587885137e-01,9.434723792306399792e-01,5.684740118170108492e-01
5.496412312798027999e-01,6.662582435286141802e-01,9.820216659814303695e-01
4.774725270930715304e-01,2.127421242025137049e-01,9.618672069574856209e-01
1.445135562303173637e-01,7.508542401310703829e-01,3.088503865822592731e-01
1.598069739555015856e-01,6.989494708887186158e-01,4.807365909768074319e-01
8.993493054639623008e-02,3.374154876919343016e-01,4.010383325194586401e-01
2.933616948015623782e-01,1.683111365843018570e-01,3.733807160032398542e-01
3.991290060218602997e-01,4.228060904156299982e-01,8.505873540394757182e-01
2.783313600107739649e-01,8.227049725480924947e-01,1.432467178181019429e-01
6.311031918735510171e-02,2.666965914492160916e-01,2.417663095374735782e-01
7.628019599254908245e-01,2.294175597740629735e-01,3.146434988506897623e-01
4.135516917736196119e-01,9.590761383817563157e-01,5.018183984128492536e-01
8.431900100931126740e-01,4.971194620972118061e-01,2.525437930023910482e-03
3.476434253714181244e-01,3.751720519046174429e-01,3.133965044346664897e-01
4.194507023672864321e-01,2.062820191466243624e-01,5.647169565677060410e-01
4.536591957143060183e-01,5.623892823423236598e-01,6.347142593528443122e-01
9.393486098182227684e-01,9.290247246479358401e-01,9.293354734555174801e-01
2.164555155921542573e-01,2.259549797998035015e-01,9.691566578889165839e-01
3.434993361784143273e-01,1.783726006417707399e-02,7.276477390480863283e-01
2.833428618491569129e-01,2.352490658012507119e-01,4.524802384855071136e-01
7.893613629677247445e-01,9.031677820659157474e-01,8.504610734411551798e-01
8.347615477494798597e-01,3.551535999811362698e-01,3.686616276727451291e-01
8.200036328082845882e-01,2.103805109607980173e-01,4.788565284191885763e-01
5.547161201512462725e-01,2.688028406970344175e-02,8.916547189850576594e-02
2.527642236692737576e-01,8.643819158499662647e-01,4.932787690418567461e-01
2.980696213213351875e-02,1.320127840147614640e-01,9.821093298631711210e-02
8.663973174454974169e-01,4.409608503680851888e-01,8.466300701955761232e-01
1.026157693501871249e-01,3.166754583126777378e-01,9.458648171380577008e-01
8.670823403363167037e-01,7.249322460382501276e-01,6.875539015790288477e-02
1.402286207441829635e-01,1.549154754486146146e-01,6.756808702560096469e-01
3.313410948768297226e-01,7.033785825384832879e-01,7.066360833093587868e-02
9.929037756921613722e-01,2.375865384098576616e-01,8.640305673977161094e-01
9.574813671784448976e-01,9.624132592316783086e-01,5.719438947542798690e-02
1.025654191650361424e-01,9.246514809044636962e-02,1.157514670832001658e-01
7.997997158612903945e-01,2.145827715593777718e-01,3.731887682374676052e-01
6.350828229165526029e-01,3.911609118424184128e-01,4.010054665173163890e-01
9.555067477925750508e-01,9.725849398871264651e-01,5.932631361115238144e-01
1.381163656085022673e-01,3.601461269617467487e-01,4.873376024469487922e-01
9.191203902104378987e-01,4.916302889398814768e-01,5.674210865156004147e-02
3.165081572604401261e-01,6.744137471802367223e-01,4.697243108982356308e-01
2.779919976243183655e-02,6.756092442083977412e-01,1.718604212650995944e-01
3.926157586421792356e-01,1.402176423246213055e-01,2.888711041528345680e-01
1.531756556425962756e-01,4.638065200518098896e-01,2.547821207222487061e-01
8.481443722967452192e-02,4.378150802088567328e-01,9.942961649246638833e-01
3.693386848504331965e-02,4.972869359489406893e-01,2.050259004985706124e-01
7.544692075043101243e-01,3.126457906920798724e-02,8.365643365162103162e-01
7.704924590568723586e-01,8.868208315642760464e-01,9.377150630416969390e-01
8.203046073813917705e-01,8.188944944224147982e-01,4.432815128563377671e-01
4.758561427253378273e-01,5.013388353485584981e-01,5.883316841761749849e-01
7.864484202604695717e-01,6.671981286193096050e-02,1.346351596371878623e-01
4.682972603712692861e-01,8.325317964443301744e-01,2.219907328490644538e-02
6.536040954601846087e-01,7.544091326808570752e-01,9.678137629228990013e-01
2.174839230042441285e-01,9.927059568096023856e-01,7.245500979550152376e-01
3.080238970812010368e-01,4.521141201737056692e-01,7.155086789473031894e-01
6.956691298107153809e-01,3.711039579094582708e-01,6.471318410947698441e-01
6.469701792939892560e-01,7.521020784113922053e-01,4.296152673952474688e-01
1.725658875864753972e-01,6.797412315613693412e-02,4.658457415782298883e-01
3.840014657960663103e-01,9.077088434152428276e-01,4.150285855979789496e-01
7.618867880305861817e-01,6.954845490573111633e-01,3.808366676941884466e-01
8.135978466333286807e-01,4.012954183033156097e-01,8.891741435756911338e-01
8.815333049803999454e-01,9.404246235291402467e-01,9.686449694803138666e-01
6.438506114288177207e-01,7.376199973769228535e-01,2.041709787471601700e-02
8.502201095249892759e-01,7.100081924472982919e-01,5.925335189584909346e-01
8.013688346180560806e-01,5.402005899736621597e-01,6.297555015627301911e-01
9.923127764429107156e-02,4.711988809384795029e-01,8.653697465037625269e-01
2.501521958039131244e-01,7.816799123702588004e-01,5.462661721200403608e-01
8.983432671808000425e-01,2.032625278953933412e-01,2.057075056827906145e-01
4.028780078427520728e-01,1.686589483140427115e-01,7.622921167898869532e-01
3.839531727887572909e-01,6.924569897613598313e-01,5.389667961677848673e-01
2.285786532112141778e-01,3.395205696893094371e-01,5.469252116468598102e-01
9.558120314485956115e-01,4.463716629781664391e-01,1.366543378689073496e-01
3.181374611500820127e-02,8.156032698568227435e-01,6.863851460209657862e-01
3.541411829668231759e-01,3.148583469241619248e-01,1.352276099768101592e-02
1.492123447793120006e-01,9.893480210985896584e-01,4.645490452281824112e-01
1.718942887378143158e-01,5.845260923336942360e-01,9.302031526904845915e-01
8.210540494342613016e-01,7.152146023435965727e-01,3.522649945776357150e-02
9.839086244800081538e-01,2.192479152012800636e-01,7.555417362084925204e-01
2.984618726680480227e-01,6.615644200945036690e-02,6.235752314289769727e-01
7.318795601814175322e-01,5.825347409816022948e-01,9.646982722992335502e-01
3.149151638988714197e-01,2.120724243909773987e-01,2.925357173581911718e-01
4.228361253589514313e-01,4.293142174631445762e-01,2.478350472022986528e-01
9.863297737862546377e-01,2.815783862012140037e-01,8.422486817373787682e-01
4.870430829753126245e-01,2.153215721495922441e-01,4.048608833491990078e-01
9.162443378115171511e-01,4.646546642689148854e-01,8.601093904164152093e-01
6.432502635022245840e-01,5.559184775907733966e-01,2.845791272981100795e-01
1.115389393441699184e-01,8.324043634386082413e-01,1.599575442322566099e-01
1.084773660277381646e-01,1.156234792281950474e-01,2.122126804027101299e-01
6.307622355043196460e-01,2.688897285967317696e-01,3.618407495997936207e-01
9.203368855997079434e-01,6.100325324342805722e-01,4.702804464922119010e-01
8.320751302558115903e-02,6.858838598874099635e-01,4.856096486548091562e-01
4.332862107635722104e-01,3.591438976970711128e-01,4.186187605390324640e-01
6.664586229225655245e-02,7.247237766493211941e-01,8.125476385257390799e-01
4.115880744715246786e-01,6.637075261647149560e-01,8.989182601611392931e-01
1.279596122736260666e-01,3.336164734127844422e-02,2.540542657848429142e-01
3.593565921017916054e-02,5.532297313884546597e-01,3.754977162063827256e-01
8.710608483595191354e-01,9.743745088219246675e-02,9.067722768766279806e-01
2.184351289464165902e-01,9.466742595314024955e-01,4.756064198331753090e-01
3.257208223672027891e-01,5.690615490328611026e-01,1.095844487667572142e-01
9.763485736555470584e-01,6.528386860601866903e-01,7.154158345402579222e-01
6.680435597345085741e-01,8.924852749295930643e-01,7.701448863227303709e-01
1.784775117687089629e-01,8.373840466632741508e-01,8.918835252965031657e-01
2.531991379937935660e-01,8.577423280457067145e-01,4.828821230507152062e-01
4.770301099914889820e-01,8.559157537119754799e-01,7.383911868690296032e-01
1.808319355849066223e-01,4.919792153700237591e-01,1.436642696084080573e-01
5.730343821312556818e-01,1.850326885622349815e-01,5.912308456495687370e-01
4.583919386912150840e-01,1.084719457991284441e-01,4.710680270802747316e-02
9.041346735724914430e-01,5.902533871508511831e-01,4.707571181587014708e-01
1.711089752709080702e-01,1.948733203887473842e-01,2.917642988721120823e-01
3.619951081007390936e-01,3.565983972611618258e-01,1.404189046529860097e-01
3.953308787255748191e-01,1.388872870273177851e-01,9.438991071100955033e-02
4.792092793850722954e-01,9.126654830917715344e-01,8.026702162217693726e-01
1.753643660354450295e-01,8.171322982147005698e-01,5.759227720898069114e-01
5.815374341664555358e-01,7.847192208231499322e-01,6.750668338363550181e-01
6.243498462775829427e-01,1.132082304177824961e-01,9.458939479910982717e-01
1.403125147480435153e-01,1.946188855137143126e-02,1.145299235980358210e-01
9.875609445392150576e-01,7.917747652228734889e-02,6.472538950382243916e-01
9.886983677888698807e-01,3.629735312476959352e-01,7.134795190417264621e-02
6.295663690716968297e-02,2.573899453900435619e-01,9.199971989503206160e-01
1.443237040183311670e-01,2.381601941157865943e-01,7.722153340673637567e-01
9.297894171724490064e-01,7.227313982488229316e-01,9.911931025702316322e-01
2.098534704147978491e-01,1.672909336445655981e-01,5.264032300347567528e-01
1.776249710865075437e-01,1.223465778141785698e-01,2.566701226145029491e-01
6.425328403074767047e-01,8.438945540402736922e-01,8.708320426771318790e-01
8.554434015995292517e-01,5.935234429322329142e-01,8.451716145510507205e-01
7.926213873094840601e-01,6.134028498412180674e-02,4.129813512021930366e-01
1.176473653674406927e-01,5.128202425103279838e-01,9.602222592957099234e-01
6.389907967169855540e-01,9.700710518526217685e-01,6.294224153061132032e-01
6.956522367678750207e-01,3.315432842563766913e-01,9.954345805481129572e-01
8.455140576189141832e-01,6.335653718852928273e-01,8.472024516190506116e-01
3.233638820873130371e-01,9.084015508300520292e-01,2.184993113784872154e-02
2.967705724728041394e-01,8.778289816135105283e-01,2.630073703102689953e-01
8.983751959185044544e-01,5.328083644892119830e-01,3.628147906253681443e-01
5.020385923421797347e-01,8.960848131929767257e-01,4.595284163880940520e-01
8.382654189242167986e-01,7.272825807154132960e-01,2.771136713321340483e-01
3.729619125716828743e-01,9.504104905725953012e-01,5.479472079956364539e-01
8.734051282926064141e-01,3.113286737658292891e-01,1.068731157869585724e-01
9.289738971373505683e-01,8.885864596945961535e-01,7.714427324213912751e-01
3.682356777004460735e-01,7.371781176922228562e-01,1.815392074700102887e-01
5.270708929480601990e-01,2.086362444917703174e-01,9.239284531333054051e-01
2.262436920586115008e-01,6.304239240328356475e-01,9.552447837576920620e-01
5.052488100654464187e-01,9.557440946416663197e-01,7.496843229956930976e-01
9.054033671291175089e-01,4.795784215450923371e-01,9.326786802035298418e-01
6.784706208950251893e-01,4.289042390216495360e-01,3.816346234680048077e-01
7.859176013246164105e-01,6.192437380417527004e-01,9.410277506672871661e-01
9.913033430450224337e-01,1.604197579739120583e-01,1.654116701483744345e-01
8.631953760813154686e-01,5.670933266530209238e-02,3.454007884694199060e-02
3.601329271298059354e-02,9.272868708462524978e-01,4.179248780841630095e-01
4.465738560245953170e-01,8.075780693310344871e-01,3.438323294976857181e-01
4.944544379009118140e-01,7.052488654896146292e-01,6.691241446134365001e-01
8.672962531999233171e-01,4.006935146751005039e-01,4.422198274372317606e-01
1.842830904231771427e-01,9.253643889994872529e-01,5.713054840109342836e-01
7.988838642281821389e-01,6.294414122466949202e-01,7.535646027601805574e-02
7.039870960540152156e-01,8.874881992211872683e-01,8.099953370685264442e-02
2.097468582453195785e-01,7.481337856731306024e-01,2.350917498282388829e-01
5.205624031004183472e-01,4.714676702791639196e-01,7.695231755252034400e-01
4.036755197348342872e-01,5.839280461135354372e-02,9.909152660607498664e-01
3.104893906346983812e-01,4.783634534762341017e-01,3.864982578661487755e-01
4.031144993859880898e-02,5.521715702223977118e-01,2.764411675977923588e-01
2.834298285463575651e-01,3.720809127743369693e-01,5.513136644260807628e-02
8.986187371461169526e-01,3.003218538170830954e-01,5.440646066092219568e-01
8.233795013794423800e-01,7.757872833242809296e-01,1.399314532603908035e-01
9.482793702463282459e-01,7.675251798976124862e-01,2.371096546202365873e-01
8.362034239102843491e-01,2.001827277104105685e-01,7.872306474806460841e-01
4.750660737134084766e-01,4.530465052003210813e-01,8.030602302295549721e-01
2.931351502888799310e-01,8.848840003398605880e-02,4.417307031554300600e-01
3.687984349150843499e-01,2.972556953780577382e-01,2.137153503255654341e-01
6.674933317016651380e-01,9.053326343237311224e-02,7.327404166342356140e-01
8.379495543590613771e-01,7.677248765070285863e-01,9.381414075006279107e-01
5.314028444686447195e-01,1.670558116673233062e-01,3.471626188422081150e-01
5.106245578750551184e-01,3.126920970910292974e-01,8.083944715777642287e-01
8.835076705571899280e-01,1.709351183511187422e-02,9.449336488539824552e-01
5.561820933394989730e-02,9.621713395142271752e-01,9.388925593898117539e-01
5.417505016538137763e-02,3.788087807213779135e-01,3.763115999726200922e-01
8.855364384627065766e-01,5.092030071275666092e-02,5.422200735943316641e-02
8.303136767737677726e-01,9.763840188634154149e-01,6.495247988027490482e-01
9.628585402625499112e-01,6.413657074610689124e-01,1.977745445315293171e-01
6.595961332884264783e-01,3.075908973867942375e-01,8.271697895138196976e-02
5.963151521685916556e-03,2.180738547700385999e-01,7.012798736159634450e-01
3.110278804413224574e-02,5.091481450191889246e-01,9.777534886675607328e-01
9.024416096762434281e-01,9.563210052095419966e-01,4.138867425500283304e-01
2.571276765305194889e-01,3.913739810200744795e-01,3.347670561047516591e-01
5.490608388322566480e-01,8.552896730968603256e-01,5.793862280725854408e-01
5.345190818955197765e-01,6.926465235613368243e-01,3.058573467660582468e-01
5.921428808448014891e-02,2.568681803107456529e-01,3.415636244855424497e-02
7.867557086772968278e-01,2.805191792794755612e-01,6.059544669430483310e-02
2.820538784758430673e-01,7.286649791084394145e-01,1.062231486930895752e-01
4.886993864068727156e-01,8.322141743505725442e-01,1.084688890307794473e-02
2.291380916175450588e-01,6.383347689960237048e-01,9.438216220609433327e-01
1.728329025653084772e-01,6.766312271189142136e-01,6.762599380628202539e-01
1.647836377189764168e-01,8.959762546396853322e-01,4.052704496118517685e-01
1.258741768491284940e-01,4.351482407850215672e-02,3.920980844961582390e-01
3.953716059637158997e-01,8.036478591832878493e-01,7.358321436794126313e-01
6.238344063176227694e-01,6.780075945613869282e-01,4.146469989475146667e-01
2.509910117558910025e-01,8.870766428446766882e-01,1.495424565733307620e-01
9.329043582318410355e-01,9.430644762595020714e-01,6.649252919579393684e-01
7.325994232743185952e-01,6.857395636562622077e-01,5.305806749768260389e-01
7.544076388264525646e-01,5.788467266942418643e-01,1.179973968495459102e-01
5.199342768354888733e-01,3.591265005563484269e-01,7.320909158246046156e-01
2.350978006862326497e-01,1.707039137240484727e-02,5.289536797323651784e-01
9.278031946134778218e-01,8.643229342967242435e-01,7.701069105242953627e-01
9.705171444523474911e-01,3.882345560223486869e-01,7.576793575470017750e-01
8.000843139610717136e-01,9.036862340962489304e-01,3.134861652343879923e-01
5.090357429195195849e-01,8.823402133808994074e-01,1.633680004204415281e-01
6.771478500073435658e-02,4.919044460295846077e-01,9.690812647359475784e-01
5.336735036649165043e-01,2.409471684548374348e-01,1.377868688118930596e-01
6.048850010463313609e-01,6.441673965711488536e-01,7.778826434685091051e-01
7.022275575630005928e-01,7.655715932865598816e-01,1.518237347331269360e-01
1.176328506354168413e-01,2.455169265888701435e-02,5.748944125424582108e-01
6.892247255570859155e-01,5.156737437975659200e-01,6.912958188666964432e-01
7.415710646961359842e-01,4.304205981346894694e-01,1.306236834106000444e-02
6.468013664073990476e-01,1.161361492812077456e-01,5.141576217018459793e-01
5.618469138750225023e-01,3.972002261354844466e-01,6.069714712639262544e-01
6.252210637386098613e-01,7.602800218845047198e-01,6.705772728825925011e-01
3.675904410152334156e-01,7.979730693027463628e-01,5.132551206856641457e-01
5.668678404553261219e-01,3.211302169889811431e-01,7.707436277092383214e-01
2.403043395207929978e-01,8.872601567309167381e-01,6.218166007796882555e-01
9.817392150106976079e-01,3.277626586344458692e-01,4.916696504231389264e-01
7.754418919869598970e-02,5.395475984703308470e-01,9.740318242090342249e-01
2.696569969427999869e-01,2.404267330478693232e-01,2.795517838469298022e-01
9.949352893600030834e-01,7.947408086701801544e-03,7.251409458798611096e-01
6.388605135900904397e-02,7.134037141695881434e-02,6.544838884301417137e-01
9.814287089044344548e-01,2.608638908577197713e-01,8.831145592968261404e-01
7.560900465216439104e-01,7.799411603608730204e-01,1.565398053478039841e-02
4.973791436229171303e-01,2.584281876601801642e-01,6.173421595067123402e-01
6.439457463115294544e-02,3.179503319607503986e-01,2.337409635092623228e-01
9.542255504575712921e-01,4.536469572283561291e-01,9.690221764672835025e-02
1.168118290874761156e-01,9.641238798560324286e-01,4.141159798413789339e-01
9.237653687143354553e-03,7.533770709118672304e-01,1.537078042574460124e-01
6.633331741964110240e-01,1.808891648154606901e-01,9.956815486975673091e-01
3.289261237030490781e-01,3.254752759666406092e-01,7.406140254201790674e-01
5.558338892513028373e-01,9.172466950024221743e-01,4.648436487696864239e-01
7.488560887422054391e-01,4.346825832629143127e-01,2.047340430988913162e-01
4.551546055116998390e-01,2.240241309602328812e-01,6.411614325945701465e-01
1.287505381570015484e-01,2.445681306976226210e-01,7.339133087239310127e-01
9.779156704964756530e-01,6.535623653321035453e-01,6.785688676436660849e-01
3.487335828033117924e-01,3.586983048737995006e-01,5.530008771229324438e-01
7.869483354472605052e-01,1.182541900565693416e-01,8.246177995379114778e-01
5.690146689159724103e-01,5.199595364514131290e-01,9.520686514692308089e-01
4.866687607779427438e-01,7.926855554396528003e-01,4.947283566579737668e-01
5.005483199705416109e-01,1.097982786972301339e-01,9.921394326095667182e-01
9.801592534574971038e-01,1.986924391210552754e-01,6.578002766414533520e-01
1.998722491747704222e-01,1.831153494867574505e-01,2.255897941652764693e-01
3.858960956258128405e-02,4.675113324687237837e-01,5.495554603839533092e-01
6.330609765067963801e-01,5.843546946512877538e-01,1.519416742402233123e-01
3.433712406495508240e-01,8.961642977061798909e-01,2.809725680234952394e-01
6.664473884312127616e-02,5.262599605854860751e-01,5.479524558593018568e-01
8.417666060580101250e-01,9.753622938279271626e-01,4.139561473267351355e-01
8.646968414650768597e-02,8.625966137995026983e-01,3.434415578422314042e-01
4.391046950541799276e-02,1.634596110180143169e-01,9.338778136221743686e-01
4.463174791819662923e-01,3.337844848007076592e-02,7.586909959464158693e-01
4.204700586313364630e-01,7.420440715218072913e-01,7.049283950588954850e-01
7.876764993315266139e-02,3.623581797058200715e-01,8.105217961675180716e-01
7.546496095392944969e-01,8.303706621214187455e-01,7.115571167025255273e-01
5.528738032181178541e-01,9.654398761363668369e-01,6.888354496384214709e-01
4.192211075549461263e-01,7.991459617619822708e-03,9.449958004105128984e-01
8.255955096534994819e-01,3.281139921760933831e-02,1.265859110030840284e-01
2.796383302536475934e-01,5.474014441642649498e-01,4.157493106494393187e-01
2.480363556272310310e-01,9.420117733827423345e-01,4.653931296878299761e-02
1.395242384238227773e-01,1.567540835022469548e-01,5.595694530325836524e-01
9.684189512363424734e-01,4.278964656157638879e-01,8.931352033388193501e-01
4.573381247814933825e-02,2.498844874222762025e-01,7.376440068342505763e-01
2.017642466352063124e-01,1.011743689081592290e-01,4.175208717894129951e-01
5.181051616087295475e-01,1.555788559437034646e-01,8.573455973726799018e-01
2.898623673723887961e-02,1.437292348255019281e-01,7.403777180078054965e-01
2.386241412165778231e-01,7.355112828064465091e-01,1.261167700277099346e-01
6.850489103887806852e-01,4.138307845772621896e-01,4.800923395653211578e-02
2.741676942350392832e-01,4.094197103689988237e-01,2.190365279394168585e-02
7.756778697196610173e-01,7.673467021727603532e-01,2.453147332326875985e-01
5.306101609529384477e-01,9.342654430633445806e-02,2.905560558455254627e-01
2.163541210595764097e-01,3.131326730792785007e-01,4.262337555268430611e-01
2.388120742961490350e-01,3.248592004067181183e-01,6.563922560836423781e-01
1.734005073919142603e-02,3.627881731080359051e-01,9.994072103509998861e-02
3.120251731985066446e-01,4.463942449989919403e-01,4.318694137428670254e-01
3.467024662639937027e-01,8.830934916655652778e-02,5.709758218062210844e-02
2.987009348025562172e-01,9.816557463667782146e-01,7.788558458652452554e-01
8.612712636735011529e-01,5.098695313362087145e-01,2.311978195432561334e-01
4.647472724260072185e-01,6.719265906464909621e-01,6.671600440870815163e-01
4.961275316130330237e-01,6.403636535571656241e-01,8.185724161969396562e-01
8.954858836295939151e-01,8.396026566720006246e-01,9.391651264433731328e-02
3.107170503971202757e-01,4.209049803881670382e-01,1.374483256716318991e-02
5.436232935069635896e-01,3.578303407965969241e-01,4.786931676267641711e-01
1.541239028880595496e-01,6.975422471287450188e-01,5.591033206331254002e-01
4.972797938477253599e-01,1.088574091536824717e-01,1.961283904820920743e-02
8.212074406402496418e-01,4.251254001790070181e-01,1.096593234170361031e-01
2.624880063689167820e-01,4.941617874474577565e-01,4.109878883891563417e-01
3.326413024894305792e-01,5.243150082421098590e-01,7.783206618645972519e-01
5.497824978872505319e-01,2.111114879913081888e-01,9.188758384169566362e-01
9.317363029846706945e-01,2.504418123140497165e-01,4.272756444026218903e-01
9.408343893984416617e-01,3.238802690590049105e-01,1.124560448993980888e-01
2.349008620501348288e-01,1.999126052669544240e-01,5.698097185686945565e-02
1.746729508988311697e-01,1.172626109312049358e-01,4.809526053874170204e-01
5.672000344451153531e-01,7.043970635574906547e-01,8.683206359283812681e-01
1.732468960655982881e-01,1.082356054748009333e-01,9.117417292809960605e-01
3.159632319258182109e-01,8.998233172101188782e-01,5.530100684073946393e-01
3.417581969221287208e-01,4.294715168866491961e-02,3.044015073717836195e-01
9.901585790562867917e-01,7.467145236713714773e-01,3.455867148113239695e-01
2.642260751434648558e-01,4.046011849231001545e-01,5.975666183201194803e-01
2.292315613492630355e-01,5.422429577135815526e-01,5.928607663071283618e-02
6.229747335730807523e-01,6.976234024566616565e-01,5.796193399359772513e-02
2.132304745560392734e-01,2.029045809686469415e-02,3.051238895203944868e-01
1.085590979758096486e-01,9.170820871848169853e-01,3.308820299877957005e-01
8.538074394836437930e-01,4.462153639357230306e-01,8.501174524266518207e-01
2.631530720658563638e-01,3.652288279970998808e-01,8.478722325384625558e-01
3.635220345369494233e-01,2.361369191000329826e-01,6.927015778811140834e-01
4.696820218526434054e-01,6.318891019663095410e-01,4.477327903651000529e-01
9.545206583166874204e-01,3.886815658066694601e-01,3.385962812159348800e-01
7.790898550096534425e-01,7.489586389719089521e-01,9.013121089746570780e-01
3.440801346016516549e-01,6.087087233766879102e-01,2.083343049958987780e-01
9.808679000601852049e-01,1.841933834741033005e-01,3.405987901235814075e-01
5.525767024598238208e-01,2.360918782064829191e-01,5.819749481727217733e-01
2.075526456284589871e-01,5.882931652090304109e-01,6.000975437735991402e-01
5.749897011996580876e-01,9.637291584099819675e-01,5.675770041955001677e-01
9.663292869204785918e-01,3.273727178487340073e-02,6.301763527447533653e-01
4.087076480500175801e-01,4.367406999992806682e-02,7.437000559022536317e-01
5.343606554610138559e-01,7.205701006407302378e-01,6.395664652090493618e-02
2.083226544831864313e-01,5.132762721346260104e-01,1.517256831721791599e-01
7.447382184592388210e-01,7.135650163379902988e-02,8.530637179334666920e-01
1.179803422751222186e-01,9.229865629646794023e-01,1.984570673070261693e-01
2.548110950962465537e-01,5.721910895789007467e-01,5.174319502500723811e-02
7.533185474385180047e-01,7.696749564090756834e-01,8.617091034378876468e-01
5.259181404492874190e-02,5.129491219734487739e-01,2.062817512161266853e-01
1.120050235980482034e-01,5.704478288816383635e-01,9.359002879372956274e-01
2.125683812894472169e-01,2.924375247915335096e-01,8.837391967973071694e-01
5.733010464006913498e-01,9.008403511831606369e-01,2.582115251711846193e-01
4.882099624056246423e-02,7.545540941640966892e-01,6.309747098627349615e-02
3.819951391807452357e-02,7.034107960015145711e-02,6.834227548766858007e-01
5.532728406401209442e-01,8.556792859159801923e-01,8.727843552619231060e-01
3.170697756130554934e-01,5.431544215919094087e-01,5.797282118620491476e-01
1.172922886712179924e-02,3.913292874249552078e-01,7.661366210471959315e-01
8.055992498690501824e-01,3.210893241951693344e-01,4.041113811079418694e-01
7.449499477344847520e-01,3.862682101460760409e-01,8.584171474838684368e-01
1.287888974276450993e-01,5.614423712567728764e-02,9.962097026502844122e-01
7.448371371612355629e-01,2.013941689178250227e-01,6.789654280416039800e-01
8.036878020707505232e-01,3.445136218167778042e-01,7.537028394949318866e-02
8.179898137761043575e-01,6.384892622756377367e-02,8.431021764801145402e-01
6.196358069058548468e-01,7.329137497884973262e-01,8.928018257329430885e-01
5.338647314399425081e-02,8.931333869112366708e-01,7.313014796423847885e-01
1.553431313160096305e-01,5.483457137879994558e-01,5.951957994824179643e-01
3.273293325840253010e-01,9.004593838346556245e-01,7.857928852893503180e-01
8.823637720602155454e-01,1.115512496105375284e-01,5.063662832087074683e-01
4.880870640933587801e-02,2.775966781571281849e-01,9.028810500354161883e-01
1.132907087884068575e-01,7.118953681501734021e-01,8.317594404541890363e-01
5.509178010753690291e-02,9.240544096537341989e-01,2.867132764305835302e-03
7.752809921217620470e-01,5.615391154091757819e-01,2.919042040271981886e-01
5.058173807471610939e-01,6.715319300385758083e-02,2.755396128027831626e-01
8.697622817857314503e-01,8.327717430953203159e-01,7.194808900817116770e-01
1.564633151677355949e-01,1.600961654978728665e-01,5.085158888361601681e-01
3.846418195322470757e-01,6.655981045636307769e-01,8.347879579882540035e-01
9.607305459001224124e-01,2.765995929480766780e-01,3.365901298998306146e-01
2.687193474601393683e-01,1.792328803464561249e-01,1.428480221777861381e-01
3.254167911327087159e-01,3.343816397974641585e-01,4.502882704337162201e-01
7.474014878521618721e-01,2.352492134604329266e-01,5.000537823243285107e-01
9.631218970705626159e-01,4.221709010661429673e-01,1.788057611367411814e-01
8.170376509334505988e-01,5.951233080384921159e-01,9.166639722569058790e-02
8.765793855248077415e-01,7.864688911111793468e-01,4.803510573579952148e-01
3.290782280560171635e-01,8.674653135397054626e-01,2.385734051682265600e-01
2.534108638225919252e-01,6.310488059426141438e-01,1.990494838117629062e-02
7.182825328834215872e-01,4.106077012496159861e-01,6.339688778597386554e-01
4.894740352253477145e-01,5.108548754375905609e-01,8.919385597091031848e-01
9.089114113986048737e-01,4.348765997510157799e-01,1.044005332575574929e-01
2.200545159695593833e-01,7.205806585031327982e-01,1.822815836555301550e-01
3.335653137055071271e-01,8.871635846099749090e-01,8.441343988155928235e-01
8.274615849789732636e-01,2.599582097396702096e-01,3.350127116846812747e-01
6.526058379867402115e-01,6.736561074746775235e-01,2.867465268456041994e-01
5.953284357127892612e-01,7.963061748376218940e-01,2.911043432393437547e-01
2.826079085285305714e-01,3.729043242698028005e-01,4.605893877649788193e-01
1.917924480928516751e-01,4.245260637663761383e-02,7.997305642803256287e-01
8.431110633987413117e-01,8.609413159971508467e-01,1.220068990522149566e-01
7.594316148449133941e-01,2.805933461519294347e-02,9.829691701925047376e-01
1.757602973052807549e-02,5.967689879738103942e-01,9.133003069533786045e-01
2.475871648275246306e-01,1.753311032538550363e-01,1.181947615014965480e-01
4.547681176596303221e-01,3.674442322719218001e-01,9.148298122161170332e-01
8.953449953472764067e-01,5.864169999335625549e-01,2.585465905561662447e-01
3.088936375110336030e-01,4.925165068151821091e-01,6.991372001920116430e-01
6.691623764953315012e-01,8.048485320350432515e-01,5.717438008751554168e-01
2.571902715659100114e-01,7.208159636566470185e-01,5.962861742843091895e-01
8.538812049692823258e-01,5.936530780375877114e-01,1.979624109768705065e-01
3.909112857135182972e-01,4.179973499040425811e-01,3.648507345883222897e-02
7.382443314990507766e-01,8.557614924600116524e-01,5.150375917055693975e-01
6.110367166400934025e-01,6.620974372371745131e-01,5.153601917538042088e-01
8.517269585831351852e-01,3.469918958721506241e-01,7.869554004322432128e-03
1.440352101030206722e-02,6.354839299026732169e-01,5.596991566002036400e-01
7.736983599236448850e-01,4.714632583418451039e-01,4.963153419674726230e-01
7.704420273174760192e-01,5.011958166833574424e-01,7.742979567061625268e-01
3.813250840766509997e-01,7.339959017503069338e-01,6.101360053324000887e-01
9.001469276835936117e-01,7.238889866086019031e-01,6.630256285550256701e-01
2.718375627541774753e-01,9.309826637148421735e-02,6.697215730731242989e-01
5.221845565002003475e-01,2.334078791821369014e-01,3.286773231335337053e-01
2.483210295018339897e-01,9.859343555218108568e-01,5.601488055781322917e-01
9.243743138179246754e-01,9.621828401208967207e-01,9.347846701213833320e-01
8.717243130665529582e-01,6.169164286112416296e-02,1.735016921813256063e-01
4.005191089795008264e-01,5.185144505965922912e-01,5.697213335526510880e-01
4.242737354400684113e-01,4.046870540449298836e-01,9.668995283874493030e-01
1.982812483141085380e-01,5.375314254257230751e-01,6.131170549920369472e-01
2.039613814648224555e-01,2.318175446383943239e-01,6.964315182483639122e-01
3.017033195840346238e-02,5.988185485007726516e-01,4.116912852020301328e-01
6.505475917745173753e-02,1.399970892003565837e-02,9.498623880556908983e-01
7.027464063650146198e-02,1.657505440306328293e-01,2.213961072052492707e-01
6.633857864864010079e-01,7.155544206750249492e-01,2.082892290574571703e-01
3.674001517768799019e-01,2.555770656859762680e-01,3.872290754690130843e-01
5.048191640384305234e-01,2.208093010091899400e-01,8.545825063589301829e-01
3.746190936115925130e-01,2.132791742072142060e-01,8.622322032192409891e-01
4.954492078494505680e-01,8.548107514089298142e-01,2.727179283495166917e-01
1.697683033155069632e-01,2.337476999158202284e-01,8.907415543116863343e-01
4.904996836317175868e-01,2.302657783763641941e-01,7.731867647243224617e-01
6.749214309305990867e-01,4.907155737134053508e-01,5.537802871108821190e-01
5.806718264358634585e-01,7.538201367140459075e-01,3.852913256464250980e-01
6.614472293794912972e-01,2.152606622678502335e-01,5.989207370812852371e-01
8.779101944934833979e-01,6.354622895354252732e-01,8.776312694782305579e-01
7.848787593948590713e-01,9.586748603896066978e-01,3.720612442438361311e-01
1.886731419695941714e-01,9.691478914951289214e-01,8.476949688583356179e-01
2.264445895183124779e-01,8.122071473751600879e-01,6.943349345399295602e-01
5.343719306517145107e-01,5.367589707431792423e-01,7.201389656661879579e-01
1.809978011100999984e-01,3.960746644159016672e-01,1.241961630847705500e-01
3.465483807422902185e-01,8.156554520040393275e-01,1.442825927743172088e-01
4.692805670157182973e-01,1.806032741658454288e-01,7.109272430075342930e-01
9.412488795770400651e-01,1.902081550010596978e-01,8.503640890246921824e-02
9.057630443004048848e-01,6.571907534365225567e-01,6.948115614971968057e-01
4.703204778166085731e-01,3.584870122328064346e-01,3.402237903832141530e-01
7.530234606911084816e-01,7.371641363174985528e-01,3.730245649221163307e-01
5.358575022955041067e-01,7.752700052248382434e-01,9.653267959023872358e-01
2.616016266962039039e-01,6.740168704624445173e-01,3.191215489606535893e-01
2.018267497584117498e-01,5.841408329165491686e-01,2.274035105260852063e-01
3.179604074315675044e-01,1.636971115473395688e-02,6.037709958402350807e-01
5.422748298771109532e-01,1.291738092525750448e-01,3.806142456363076354e-01
9.918751783802648436e-02,7.900315035453499002e-01,1.835641438030283235e-01
6.063974694925557962e-01,8.340466898369982562e-01,9.578649265343580632e-01
4.375942368172990316e-01,8.446619264734356314e-02,9.251686457052775703e-01
8.708845718228220845e-01,5.688629603423974723e-01,5.178911422081318161e-01
2.943954644280259991e-01,7.987096298209083178e-01,8.926174614146692443e-01
2.565520091845298056e-01,1.052920007441437988e-01,7.854394749321260694e-01
9.970425259271175067e-01,4.325170646291551790e-01,9.239180749372210011e-01
8.229894777160206010e-01,6.446433971215825842e-02,3.206731110583898037e-01
9.126281355984879884e-01,1.151213766474156186e-01,8.486526902298135999e-01
3.774825245131618878e-03,9.479970491451161774e-01,1.665665443143542479e-01
