4.484276188790884410e-01,3.941213629187426681e-01,8.893219701555129530e-01
3.823735716899517856e-01,1.914158581013131188e-01,7.094416454509278047e-01
8.951379939358904414e-01,1.664190016621963641e-01,5.553898080264128012e-01
8.560831373329036431e-01,2.704176000959747084e-01,7.585822306979105312e-01
1.437485253170927013e-01,6.224461132395754381e-01,5.260315277961769009e-02
6.260061932844460664e-01,1.954150554469145096e-01,6.721712854231554068e-01
3.017503205876783667e-01,5.518601861794922847e-01,5.965097875213393186e-01
9.742737568247477054e-01,2.488922527867665213e-01,7.159802676606086269e-01
7.899683056959596605e-01,7.856024306680862157e-01,4.627476463317915512e-01
9.155729468798066151e-01,6.301528406588130515e-01,5.088250794571788083e-01
1.087332377327678845e-01,8.872075761847977304e-01,1.705189577819448132e-01
6.477403996453933166e-01,6.469310703839366017e-01,5.644234329196229361e-01
9.414941613525323882e-01,9.187555490473694464e-01,4.167763132369280976e-01
1.446418611622500849e-01,6.479943246571873150e-01,9.140240647690477394e-01
3.298356932592452218e-01,7.208428364601894289e-01,8.329490735935018986e-01
5.912071337473859822e-01,8.668855789038446558e-01,9.077144449522197567e-01
8.405143527017351346e-01,6.523176138946599201e-01,3.280957888421907054e-01
1.130903197582491249e-01,3.894228925730880420e-01,8.745024851211380401e-02
3.954498802045112171e-01,4.163152679507604592e-01,4.156448057403030472e-01
5.408501626141581919e-02,3.218449765513367034e-01,3.620668029637896801e-02
7.896354300803398729e-02,4.547633419327271609e-01,7.303000888759063614e-01
5.596465547530176110e-01,4.321768639669580914e-01,1.583432156039376038e-01
2.283034843059532637e-01,6.079714845249440947e-01,4.508945657762203352e-01
4.318597056616229057e-01,9.262640783936424427e-01,5.063294380954482810e-01
4.702638872070921128e-01,6.281122287327689513e-01,7.281086533854831400e-01
1.789883582653084559e-01,7.009618051672829031e-01,2.677743262775746924e-01
6.091170574300003304e-01,7.528197661022892895e-01,2.418855146830061198e-01
1.607474940195943169e-01,9.159104199958322257e-01,1.989102629905601383e-01
8.282605014626864826e-01,7.280730922183538123e-01,7.104642573568183961e-01
3.856787397836096698e-01,2.703666581502223165e-01,8.269256646914833198e-01
7.310740073937531669e-01,9.345533802057689465e-01,8.377257425111290789e-01
9.768677710203955700e-01,4.578127998571380752e-01,5.413444110987096769e-01
7.993140428061118463e-01,8.589224346448993685e-01,3.457633611113750671e-01
2.603617291262797506e-01,6.390989007492459129e-01,5.520510650583698720e-01
3.979594299058327733e-01,4.281701694803752289e-01,9.554964406862495041e-01
7.732471676097601998e-01,7.579808066460552718e-01,4.673052103060056917e-01
3.958660679982479724e-01,4.113677448324489783e-01,4.912941252778242340e-01
7.108109868754364236e-01,2.634531803546058537e-01,5.623721492559690116e-01
2.185594082096067314e-01,3.962779661796422825e-01,9.254845398625498598e-01
4.548107762212816318e-01,1.263882324820521097e-01,9.615753174994612351e-01
7.472158479189883185e-02,9.448770638129534438e-01,7.994489400882486274e-01
6.507445909661766503e-01,4.975279842053251800e-01,3.780217531023818411e-01
4.221645792138765119e-01,3.197456425420552861e-02,1.969467036565752949e-03
1.304906352854012797e-01,2.141835847875424026e-01,3.445589352449742737e-01
9.878374399949564344e-01,7.183756854923717405e-02,2.027493793271787359e-01
2.334546664174319552e-01,9.106661817775429935e-01,3.887211821355990304e-01
3.683234220774619372e-01,3.812670378872349275e-01,1.080942752180589217e-01
3.820153252261299093e-01,4.679547948345049724e-01,5.888710214516871266e-01
8.991966086907516864e-01,7.561043079363095609e-01,8.026216185944192727e-01
6.756314218571098928e-01,5.338139636201080229e-01,7.630187898984044370e-01
4.001781613041747176e-01,8.650781099500673976e-01,1.400684440551036580e-01
1.399127344501830406e-01,3.340296561494101590e-01,8.347198130169567465e-01
8.732183283274146390e-01,3.425661542553125605e-01,4.510648594007935497e-01
3.871885281857929684e-01,9.868717370220243534e-01,6.388605728504170855e-02
6.983767730658132500e-01,6.906226148342425875e-01,5.889649104302159266e-01
5.437194474263193911e-01,4.231751309348326107e-01,2.379354622645238893e-01
3.817514100984671366e-01,6.726902958946344713e-01,8.047667001230824901e-01
2.065663921275298076e-01,6.727549335481955994e-01,6.412325160951579672e-01
1.665664639976520700e-01,7.135704121171918546e-01,2.394563571757902798e-01
9.862414522610531975e-01,4.083943008788426532e-02,8.013726487313308500e-01
1.796313271630577413e-01,5.462907248015159700e-01,4.026776766168482791e-01
7.558993739894500630e-01,2.585993664213368515e-01,5.931437208704340991e-01
9.690816144666866139e-01,5.371359131628916650e-01,3.890466918919717187e-01
8.625116861693769010e-01,5.067033006317627208e-01,5.174494082634679692e-01
3.622583809288051349e-01,2.881211939563970148e-01,1.215017636622991448e-01
2.660467709156079108e-01,9.812273024873400251e-01,1.952076816960575112e-01
3.710284202633502559e-01,2.541576434577041965e-02,4.210798820739846127e-01
5.795344559833524034e-01,2.157896649565234082e-01,3.986457533016474208e-02
9.610763502416032056e-01,7.517034411033467478e-01,7.711585235157718543e-01
8.911728612342716405e-01,8.009280419049950028e-01,9.011789958318028315e-01
5.901773705182717933e-01,8.140089044934422091e-01,2.159785455354147343e-01
6.632758920981283168e-01,9.309586215003639031e-01,3.786435691715224205e-01
7.283704900135439253e-01,3.440864885016003960e-01,8.806305539229599688e-01
5.184677918987278256e-01,4.091584818241105204e-01,7.757542788498084096e-01
2.237926673679614398e-01,1.705199272830066892e-01,6.895399703131844804e-01
2.248347316472281143e-01,9.436291745825204913e-01,1.085393818641647856e-01
5.184255302625293549e-01,7.255206506149993739e-01,5.518427353469689267e-01
1.926836835182187402e-01,9.451539651744139681e-01,4.126865309723726227e-02
4.847626535285233240e-01,3.635230919741216926e-02,3.205788983973942852e-01
5.164069190215090366e-01,1.387352873619228655e-01,6.145687324920600103e-01
1.934725335373685962e-01,5.337258604855672495e-01,6.107105097217635503e-01
2.609810427353553841e-01,4.884018769659961290e-01,5.630651127124525201e-01
4.324987681861947042e-02,8.711865572392422097e-01,6.199608845541034752e-01
9.244095320045940811e-01,3.843120072078953786e-02,2.003717189308786839e-01
3.750322361700821894e-01,8.897320067652162434e-01,2.124442107501067767e-02
3.810616846374730304e-01,3.592741595018411616e-01,8.546750789060515441e-01
2.759860010604731073e-01,4.986226849525252636e-01,2.793494574715776890e-01
5.547597376600624797e-01,7.979330881083294136e-01,5.346413076898437478e-02
9.418653727101072848e-01,9.703788461466127391e-01,5.696205613985041438e-01
5.476113164584818227e-01,4.683885908463968351e-01,4.961464402695051623e-01
3.697931718633704623e-01,6.173828772490126404e-01,2.823632984789934408e-01
2.605425613279883645e-01,6.245450305450337414e-01,9.633629907838225925e-01
9.655318806833533829e-01,3.220189583162500480e-01,4.064678019282682575e-01
5.906685300360980939e-01,4.989835551567440852e-01,7.795440905671680021e-02
3.264798312569655581e-01,8.252631130305163598e-01,8.319223058204123777e-01
9.273374949317735316e-01,1.050370985765630705e-01,4.619763991081231591e-01
9.411421174429220882e-01,6.831044787398754536e-02,4.131719364420859408e-01
9.845633104260184121e-01,2.634859449519924013e-01,6.676076777967507869e-01
8.190542753245635410e-01,3.362301628822672583e-02,8.644905885741211993e-01
7.630984453034680426e-01,1.733902726595646371e-01,8.883471662702389082e-01
