8.429691878782652470e-01,8.308970565934246100e-01,5.152009953884131299e-01
3.887021670325943035e-01,3.979384552568590028e-01,4.126874838105527576e-01
6.075723379692294923e-01,1.660528477074640907e-01,8.145308390605933146e-01
2.736355402766179612e-01,6.035483917870712034e-01,8.146740019817744205e-01
5.589613605532354201e-01,7.096432523091080746e-01,8.403981043507592341e-01
8.415243605537154892e-01,5.371573013683738074e-01,2.989772384344764333e-01
1.156489262649936789e-01,3.819185132930013049e-01,5.833177809981804351e-01
8.832088793989278930e-02,1.370691133025589981e-01,3.952134958725487257e-01
8.394281038057577193e-01,6.287477179369482805e-01,1.214530053084864614e-01
8.411997965339925720e-01,6.382852235212258529e-01,4.305616322670412499e-01
9.740812910252328871e-01,1.307049681136732699e-01,9.207908989333681848e-01
6.784024673713766607e-01,3.333796809554023799e-01,2.897469492925157653e-01
9.315040682723169096e-01,2.867917909430256485e-01,9.143860889209771692e-01
1.019624152800423511e-01,4.052376343647982049e-01,2.343831910601423818e-02
6.824159395902765768e-01,6.770511059603571136e-01,7.289904176203567676e-01
7.453096392013173199e-01,5.481436721812834589e-01,2.837978601723426531e-01
8.776355794503779562e-01,4.576452379675854942e-02,4.782193172996326291e-01
9.290000253112828954e-01,7.045949094849662808e-01,5.259834824477153115e-01
4.985849909724695550e-01,4.473505730998150742e-01,2.793916960818044748e-01
6.962987487624500149e-01,4.210555788024517021e-02,3.333211978994775615e-01
9.566987817000108807e-01,3.853449525594437874e-01,8.765014820737629941e-01
2.818211455806338694e-01,2.960734644686178196e-01,3.142052280353113680e-01
7.116654959838981664e-01,3.986630275245989230e-01,5.363338139742568345e-02
7.820364127189828318e-01,7.790980923264322344e-01,2.653434898425586219e-01
3.970630758659264847e-01,2.617099137432054023e-01,8.488421474746025153e-01
5.002311865981436956e-01,6.392790058604445047e-01,7.129791239701986916e-01
5.426320458841861205e-01,6.705027219191775911e-01,4.517434380434391938e-01
3.883199599923089496e-01,5.350147828093489988e-01,2.383482169699618902e-01
6.201205684964652409e-01,8.899318709969370467e-01,9.741755256044248856e-02
2.049598973540368574e-01,1.216397505773404442e-01,7.515176828594631875e-01
9.634720873618967119e-01,6.288268436974109310e-01,7.318796677074682622e-01
1.280662312398154201e-01,3.302547858887535659e-01,1.182238206378928291e-01
2.782294872479939007e-01,3.069520599093178426e-02,7.187239033531356291e-03
7.765607829000206186e-01,3.389064267462819080e-01,7.716272671253903148e-01
7.145579629270255584e-01,2.037710351300444644e-01,2.044128077523902354e-01
1.839483149629972392e-01,6.286269385068243842e-01,9.657254751596163755e-01
6.183025597238077653e-01,3.043071364676153134e-01,4.949884824310231135e-01
3.666050929553609228e-01,4.714103805318253793e-01,6.033261570578059008e-01
9.251683509754190515e-01,4.241952508799508026e-01,4.408008705814925321e-02
4.864285343462748656e-02,1.348445693316256966e-01,3.259975069947063098e-01
3.767678965262710733e-01,7.113659968265979572e-01,2.725417244345054169e-01
9.174927789893426722e-01,7.555847523812293520e-01,5.128994822855916791e-01
6.608195568658072894e-01,3.752671250959178639e-01,3.707826842125188094e-01
6.085240139397499748e-01,5.910050250889278267e-01,1.345145319708043186e-01
5.812700205702185929e-01,1.875876471583968197e-01,4.121192363666383862e-01
7.838082684190288418e-01,7.994702113241068941e-01,2.634797226150658034e-01
4.077557966599187900e-02,9.841546178928326505e-01,7.245782250138007585e-01
1.302216302555669891e-02,9.914197658166878924e-02,6.957927539532013927e-01
7.281290842497727400e-01,9.692533398528661026e-01,4.880585373926754622e-01
2.652194673275287684e-01,7.011746963775496999e-01,2.094554759509305031e-01
8.172318315511010178e-01,4.304504441719266827e-01,4.557908015742893060e-01
3.275639789738974406e-01,9.195206455127102885e-02,5.387085227768324547e-01
9.659229488273495257e-01,8.486443591719722290e-01,7.821616314203239106e-02
8.071366645040308763e-01,6.562984550852960508e-01,4.974898454335083819e-01
9.606506366073505054e-01,7.317279145227458814e-01,6.799422641461695394e-01
9.073460653787557284e-02,2.400988832535639883e-01,2.925764627186956401e-01
7.925254814852444873e-01,5.196773596414834273e-01,2.432449514150756276e-01
3.360950221742482480e-01,5.440569246072510801e-01,5.571710570516658079e-01
3.267162051654562971e-01,2.180527390130071463e-01,1.895429711590309596e-01
4.822372127757592608e-01,3.695008266568367006e-01,8.084808975068878967e-01
2.580806437836518086e-01,1.740287741657743359e-01,5.552544294832199023e-01
1.321977963897474906e-01,6.349235490968796469e-01,5.833234908016745601e-01
7.605710914865314587e-01,7.393749028183426164e-01,9.394962296521133238e-01
3.572806979990672538e-02,8.297935526993069910e-01,6.587576861487789426e-01
8.880392654680473452e-01,7.359155499803071709e-01,8.264280357185169734e-01
4.087679103718224738e-01,3.635564880513098007e-01,4.576686967336857093e-01
4.114785676285677152e-01,9.836489005555668630e-01,4.445107232265407271e-01
3.475695725779537337e-01,1.505860962176358564e-01,5.140618841053089527e-01
3.782132786699932137e-01,5.331946798981955782e-01,9.036571378666187204e-01
6.801956234714842120e-01,3.286620555654992115e-01,5.425004578366365848e-03
8.682839665247628069e-01,1.330322689201299813e-01,7.844238590769171404e-01
7.454483411819226024e-01,3.569975789858198523e-01,5.436249862046782511e-01
2.182479478233101400e-01,6.122631603527850519e-02,7.043604005857817540e-02
2.248433495896435819e-01,7.937899023545476052e-01,9.575279821942648262e-01
8.695222021861865880e-01,1.215013332723358097e-02,9.490708577379468602e-01
8.537006468933935333e-01,2.827616746195585895e-01,3.903928420826614509e-01
3.278239046081004027e-01,3.798436376683560489e-01,1.979294350988812790e-01
2.338330352614836904e-01,4.012302903473495830e-01,2.893243734077458607e-01
9.483248527615499857e-01,4.396951577661775135e-01,1.401294981340385215e-01
2.501457828761889379e-01,4.911936948572810380e-01,4.212265110190711592e-01
4.096669589998828132e-01,9.773562387021534903e-01,8.103350044896218130e-02
1.648302908275096623e-01,2.118274067581605857e-01,9.879176692115512193e-01
6.073791538262873768e-02,9.255408357228812610e-01,9.695338567496795124e-01
1.589222100722001985e-01,3.937855450463375595e-01,2.581915917779527003e-01
1.132752516723236624e-01,1.872214559914801013e-01,6.709397466286640688e-01
7.682909799146011576e-01,6.944422812650409282e-01,8.354940854787410442e-01
6.061391201815169438e-02,7.369921381473734101e-01,4.116111861584681453e-02
6.537262696288251851e-01,2.926569573347425068e-01,7.111973985253428054e-03
8.789087555513173111e-01,8.576641719853795864e-01,9.541271999086070599e-01
5.631044923734183083e-01,1.980248091602963001e-01,8.062984838896837259e-01
4.729096363389344582e-01,6.374799639801843609e-01,1.006693831883245238e-01
4.089570845501434571e-01,1.456005141652608748e-01,8.402827114573867551e-01
6.538502869393326700e-01,5.378398922644066493e-01,3.119395073516130212e-01
5.752470306490637952e-01,1.504366588834860075e-02,7.136074219169356025e-01
6.615337755284302901e-01,7.559686112045428397e-01,2.616879623235188745e-01
9.453206786770085301e-03,5.424327184564388116e-01,8.776230084233045403e-01
8.091032822647143963e-01,9.566141189022588920e-01,8.196643220971765453e-01
4.853217016821032015e-01,5.665421056365972374e-01,4.045842287699907835e-01
3.350732415401320718e-01,5.579073823251118336e-01,2.912137320406633645e-01
2.135289089906207138e-01,7.077192795221929345e-01,9.535780310492947276e-01
6.218017573189082992e-01,3.304369339542214679e-01,1.216549026715638693e-01
5.033202737994676434e-01,6.551905350390294647e-01,5.213385390872264935e-01
6.990316022386342532e-01,9.998924651501535088e-01,3.186400526161681235e-02
2.095938968166851657e-01,5.067170764447959108e-03,4.227648132860630792e-01
5.660257741831469236e-01,3.937832896196313825e-01,1.292832916782979957e-01
9.591586974971378909e-01,2.698493897810170239e-01,2.519921314919573163e-01
6.264470241359332281e-02,2.790006510101633586e-01,4.603141866263699145e-01
2.714555524996399294e-01,7.900627109564538619e-01,9.176377691892244615e-01
3.824820356775897601e-01,7.669558512379106574e-01,5.218406411718508053e-01
8.893982774004283165e-01,3.378854828392887644e-01,2.379976752872359214e-02
2.409803239942753805e-01,8.991439321451255573e-01,1.660458343044598495e-01
9.895610947407496027e-01,8.440237761327925581e-01,1.588915856208386046e-01
4.132648967814168683e-01,2.894397801404384740e-01,4.517554069261997540e-02
1.625675599661793314e-01,6.101239359481469560e-01,5.045464272649168302e-01
5.191417624879459680e-01,6.455303434011568919e-01,3.356038141739898784e-01
5.466742685511675193e-01,5.719862930582073623e-01,3.947396933987721290e-01
4.533821976747283156e-01,6.813712390518169570e-01,4.563704374855689361e-01
1.184731566083869758e-01,8.696544046056897681e-02,5.841257135393232991e-01
8.766563387582445577e-01,5.079719264675205403e-01,5.752560497823532293e-01
6.147887994569151138e-01,4.218960462404193201e-01,5.056891314628256806e-01
4.323413376870300917e-01,8.652742381722368092e-01,8.015576920151896712e-01
4.400202441333594949e-01,2.507088628929587948e-02,7.148888301318762073e-01
5.966175319900052232e-01,9.161752079965038709e-01,6.875821068296360528e-01
8.947157473467847177e-01,3.316709618465740750e-01,8.227508589973431263e-01
5.808386135709906473e-01,2.230173486101907354e-01,9.630071903448954584e-01
8.360833603131546665e-01,7.395621056750850686e-01,8.488412109185444754e-01
9.818618278709144720e-01,6.963780942266269980e-01,6.045830638699811743e-02
8.666668101785610645e-01,2.210934068170800071e-01,7.889635868288886744e-01
8.646640862526895344e-01,4.235006659001413487e-01,3.454024883711742655e-01
1.674357351628715795e-01,6.282336078054727713e-01,5.393167683224847631e-01
6.429694103007010941e-02,2.803444401415206011e-01,8.470720614604367871e-01
9.654451383301428935e-01,8.023163236871166948e-02,1.591043813814425611e-01
1.732341876160162775e-01,1.021857272088002588e-01,9.559121072244285422e-01
3.497328713651084442e-01,1.379358056830890522e-01,2.895012046317957388e-02
1.881300539493472312e-01,1.702383179962481119e-01,6.229430736719357986e-01
1.725640716191743085e-01,7.969216612765751551e-01,4.834331818166420769e-01
6.844976184623321469e-01,4.503102725309601206e-01,3.748837451433018053e-02
8.762845511978228918e-01,3.203434829504198111e-01,1.894572270507278722e-01
7.010045745677431217e-01,3.052438504074520553e-01,7.963443234936798953e-01
1.103610806640231701e-02,1.042050031786433406e-01,6.438774155028581525e-02
1.482123488087945251e-01,5.194760734671641789e-01,7.356414018946283440e-01
7.604022218991198789e-01,9.493175018098002349e-01,8.717741846703307429e-01
5.469410335936366607e-01,1.258129822439798540e-01,6.757039231504606835e-01
3.357847222722986080e-01,9.477638495026478038e-01,1.601466568486928921e-01
6.006733179300554060e-01,1.315239057929192823e-01,2.135455613150538667e-02
7.821570602979206477e-01,9.094672231783912375e-01,5.580928886187996874e-03
8.462655601408211048e-01,3.773619036627866574e-01,1.260300559746829752e-01
3.181871969098643005e-01,2.445332055352675837e-01,3.556872375474393611e-01
8.514626363619737237e-01,1.695141416668766166e-02,1.981397192891963810e-01
8.608045083762559946e-01,5.312684967911528444e-01,8.964648333121257862e-01
7.640067237830864277e-01,9.048843889781887917e-01,5.322774979841864429e-01
7.113815011347996986e-01,1.338660844952556106e-01,2.285561301446263904e-01
8.600175690019978836e-01,1.490216921563074504e-01,4.009452261295413100e-01
2.644788957706825094e-01,5.852211789130187247e-01,6.262360047533266361e-01
3.929186682159010457e-01,5.471141288891101517e-02,1.537722425844688656e-01
7.646546576970989495e-01,1.470198764155297155e-01,3.857432093173240872e-02
6.899922218838445698e-01,7.596445117562726779e-01,6.881606821697123788e-01
5.039194833267314211e-01,2.344051423306062754e-01,8.854162734670881774e-01
5.203827538318270829e-01,2.305726925598959864e-01,2.200239420495185838e-01
3.800093436262595992e-01,5.574152892851487184e-01,9.466036033336452382e-01
7.913736225350767040e-01,7.232847995260089924e-01,5.399697958729707814e-01
6.782116281263836921e-01,1.698946495697266634e-01,5.250920288146901926e-01
2.650226905301138469e-01,5.814002442910067847e-01,6.928468326164914926e-01
2.044423239495669620e-01,4.600679857279293961e-01,1.539107924098238600e-01
8.299235513136381526e-01,5.603528549618982391e-01,6.167823690107009371e-01
4.353360316091451354e-01,7.636648787270228222e-02,6.180374797552929955e-01
3.436959703162959512e-01,3.313042642123985582e-01,4.965733032269036284e-01
1.292081786984373704e-01,9.589961655632439630e-01,9.967299721293196857e-01
5.846082662772518201e-01,6.235075220094195014e-01,7.058050573767484792e-01
2.293212347576407684e-01,8.204578124757903046e-01,8.535312314816940749e-01
1.168707607328047793e-01,9.849800971133076954e-01,6.423329631978268450e-01
9.117922750266249654e-02,6.387577170530854831e-01,1.600731400188035725e-01
2.943351522383429453e-01,5.038571687941425514e-01,7.704695646224475336e-01
9.264525268472335595e-01,2.518338045145352977e-01,3.291450015075265689e-01
1.953645166325802540e-01,2.591624595581687451e-02,4.815459780974394866e-01
5.133622246301603465e-01,3.630902757898103461e-01,1.714986107773517343e-01
5.615448956584958573e-01,4.801413510433850673e-01,3.975853477915616274e-01
8.883556159060898016e-01,4.497399662409365950e-01,6.069939746584264162e-01
7.274539116805567307e-02,7.542198037383794906e-01,5.077251790677750343e-02
8.140225245743312188e-01,8.833389033128963286e-01,4.325751249510173535e-01
7.193152605830532842e-03,3.317471911395644124e-01,9.274561029799918144e-01
4.826921714202472291e-01,3.994568072719599794e-01,4.875311677136735522e-01
3.924296654724236388e-01,4.267446900108117225e-01,5.399827050610822576e-01
6.614550349937562412e-01,7.822547740506738956e-01,2.963511775275992077e-01
6.707250489304329433e-01,5.834604401389288375e-01,5.318709717698661965e-01
1.071425734024573639e-01,9.066103245101971853e-01,4.727809689630911860e-01
6.965374374148693981e-01,5.775433739724389337e-02,7.438834049554600147e-01
8.844292861515918869e-01,9.762409180397123576e-01,5.359622749674751718e-01
8.389828114996161768e-01,9.692976068090166653e-01,9.667093567993930714e-01
7.131916680010278453e-01,5.420403028836653370e-01,8.014915870870180648e-01
4.402114406118476930e-01,9.828926766893512079e-01,2.727627705070482245e-01
4.236512283627268394e-01,1.274078329197916304e-01,6.493155613676117044e-01
5.531270080049600635e-01,7.256489370847779563e-01,9.766899605467576073e-01
3.125385466142819313e-01,5.864597485100475627e-01,4.866328269144408747e-01
3.054801095691250801e-01,3.670807012958354765e-02,7.940215151757211709e-01
8.233956637889104924e-01,9.569726828213730441e-01,6.681576543873699592e-01
1.383760674543883518e-01,4.110352782917853220e-01,9.708420189099954412e-01
2.051640637639700060e-01,1.052282711986318731e-02,8.872064726728964290e-01
9.919492167189802867e-02,7.154006559749384042e-01,7.519510304914189813e-01
8.853402039434824511e-01,3.417031838034330082e-01,2.807049312428295806e-01
1.858576231963791070e-01,6.273437969583760543e-01,5.791361236200095464e-01
8.404864900477415635e-02,7.555409305721574320e-01,8.830035303476224673e-01
6.268396335802343122e-01,5.742459351029775005e-01,8.492022846778209955e-01
7.950638126932583205e-01,1.412653072091054618e-01,5.131136421757154231e-02
2.953253601390716243e-01,8.479135422968853142e-03,5.543308007600131759e-01
5.524041705288870174e-01,2.798831536228758576e-01,1.550687798008124618e-01
6.508782699696308294e-01,5.526844833738864260e-02,9.722383064383821605e-02
3.068114752329120787e-02,7.876586749174810942e-01,5.491944094576083346e-01
9.103790947241408027e-01,5.051878241781838641e-01,5.115865728801471946e-02
1.060500138827429328e-01,1.626040583725980593e-01,5.216993591297297561e-01
1.360921538612326342e-01,9.885286437117514202e-01,2.232980596117520866e-01
8.280508564199884347e-02,3.497014820186962192e-01,5.153079255266193037e-01
4.819798724267708723e-01,5.923613378849048594e-01,1.522114687959650325e-01
9.925304124820424345e-01,5.624508452774965583e-01,5.105752572955769564e-01
5.021369785153371179e-01,1.845366777631686217e-01,7.503507346834858982e-01
5.268988337314861603e-02,1.581006722468921710e-01,4.117175491789386577e-01
2.770576461379861133e-01,1.255794533945465696e-01,9.725889476754083773e-01
7.513214935224933333e-01,9.744532315197614869e-01,8.651782891601298431e-01
2.196836204386374281e-01,5.014542434994114783e-01,1.509361910489079861e-01
5.641283085066429726e-01,6.581078043723307403e-01,6.500009052266350063e-01
3.660970326572723366e-01,1.004926738008615761e-01,5.636087739910872196e-01
2.558374556464680927e-01,6.446142506264314065e-01,5.625107968612749199e-01
7.211376910571827281e-01,4.661154092790578130e-01,7.255854514346865569e-01
5.609412044960034871e-01,7.499586979238725970e-02,2.636360642736728099e-01
1.569772614766598018e-01,8.190318106401210940e-01,5.981839838370504037e-01
4.300631297910875173e-01,3.659426510042703695e-01,5.698805277990046658e-01
9.874259337821766902e-01,2.407863118807416214e-01,2.362530531831509295e-01
6.249355440266401995e-02,9.582961193674510714e-02,5.536810856120916169e-01
4.216152587103856320e-01,8.713109233327632763e-01,1.686273820645856070e-01
5.898102964714601049e-01,2.490785708564948742e-01,2.765684954629571424e-01
1.524456649155508936e-01,2.684240424218889975e-01,3.705008003756572466e-01
4.035301193378804108e-03,3.407133119674023991e-01,4.598465757927726605e-01
3.642793909352154413e-01,2.676739423006825325e-01,2.163642854722127584e-01
8.705819135968652089e-01,7.481199503079624114e-01,4.229061335170128944e-01
4.843447857129162815e-01,9.282388825665618404e-01,6.685152626315340463e-01
9.355030096964203068e-01,3.183851121780736371e-01,6.290919254476579070e-01
8.757325098677726238e-02,2.224938452052963589e-01,8.808489891178132858e-01
3.729600085621203043e-01,3.765342089102926559e-01,1.392262238361929860e-01
5.807008762820535797e-01,9.065123938388121028e-01,7.783446760859200619e-01
7.973106565715160077e-01,9.246747036304049372e-01,7.324601560688597246e-01
1.166614968043319100e-01,3.557016129981336316e-01,4.644483697548839052e-01
6.785165024669205236e-01,1.067900611613261663e-01,6.824617885606181211e-01
7.475125570497052063e-01,4.314785032331569514e-02,3.496055973495799662e-01
8.221700930337947355e-01,7.303015231078531233e-01,8.936714543048953630e-01
7.830832517462861242e-01,3.614650427121447462e-01,2.274686042241713668e-01
2.698166361280799341e-01,1.032066842434853360e-01,4.235894126166340756e-01
9.576106831776873829e-01,4.059934678196546187e-01,2.248529591459765831e-01
4.660661287503954364e-01,2.258705371052760480e-01,1.586975234856434769e-01
1.412754264168891716e-01,5.494801840836930351e-01,6.239551539284451387e-01
4.318679095233145526e-01,7.136760685987342256e-04,2.973173903929293704e-02
3.173524678961423540e-01,5.367219593888477025e-01,6.142261406157000225e-01
1.204864912278497124e-01,3.479979565288841004e-01,9.321541651536018325e-01
6.132366504104476146e-01,6.912108902201230531e-01,9.719922900178589176e-01
6.275189303480807057e-01,9.016592903577391738e-02,6.055756161834536799e-01
4.387178363177564044e-01,4.131446622325305462e-01,6.868797130218640135e-01
8.001729981517160528e-01,8.483584517324954666e-01,2.160037501631134615e-01
8.383738710326388288e-01,2.469596609707285229e-01,7.431528197422148097e-01
8.497383812893862798e-01,3.519697354683797297e-01,8.929425678931771637e-01
6.729405221844798612e-01,3.178157391074768467e-01,2.996020946559085907e-01
8.629773750833065193e-01,4.391672797867374189e-01,6.865936504582355049e-01
2.644787140700908257e-01,9.888387661478232893e-01,4.452137340120466691e-01
3.338302186064019406e-01,2.800057072377142298e-01,9.512227746453572053e-01
6.362340560756500896e-01,8.945465958034086729e-01,9.014349797515364138e-03
8.805874540501398284e-01,2.421095649791004112e-01,5.744321198955137930e-02
4.273635912583351182e-01,7.647633795568224979e-01,7.167574814702034613e-01
5.203014885370436104e-01,9.854419513563432709e-01,7.142811631560719299e-01
5.145962117507729694e-02,8.873100846726600377e-01,5.286313726185127848e-01
1.360576602179386363e-02,7.964245257424854563e-01,5.427299145923064616e-01
8.693079032952633067e-02,6.112589207335872299e-02,2.713682614318260189e-01
8.569902147102105294e-01,5.450567065953071388e-02,7.430748302124839944e-01
7.076746574526117106e-01,1.515959474772732296e-01,5.206137791631071376e-02
1.070521488005962141e-01,7.007478295425830783e-01,3.939397125235908348e-01
6.334293685431746646e-02,7.456577109734097153e-01,1.345235708602292579e-01
7.287319777147078792e-01,7.840198385248260404e-01,5.462123280151967020e-01
7.443643819350790336e-01,6.431559867207752301e-01,2.972117069050080884e-01
4.497870398693880611e-01,6.399856334758904364e-01,6.084751732275684999e-01
6.568230070758261929e-01,9.652867920119001521e-01,3.971014913120063383e-02
2.553908048881187165e-01,4.817177882926481081e-01,2.912032799299727470e-01
7.261627355808205619e-01,1.114337994716323443e-01,5.854056961817710736e-02
5.288361004450097269e-01,9.952174516364469259e-01,9.641241987784227030e-01
9.252114859594603447e-01,8.269745406453223868e-01,8.429700965822628511e-03
4.024293831065242077e-01,7.593003536748114124e-01,3.015949509595461375e-02
3.906391311655454945e-02,7.672738543431976144e-01,8.417528750188522091e-01
7.035550298210720976e-01,2.801454862937617918e-01,8.023456639011967706e-01
7.880425353530161603e-01,1.226320861170272503e-01,7.154674867532372362e-01
4.197913888460991227e-02,2.108203432315203241e-02,4.738956924790516112e-01
7.113000184407657356e-01,6.427309895821435859e-01,1.618518040299802285e-01
4.857855680077820537e-01,2.457114761089030930e-01,8.774622308035137097e-01
5.658874510565640170e-01,9.708804235271686345e-01,7.964725842958845226e-01
1.507100891814002752e-01,5.635198344659475556e-01,9.395484647067909867e-01
3.280397443995530793e-02,9.600746571066424151e-01,5.387675361504596916e-01
3.136950319109932384e-02,9.902806753966945097e-01,5.457141216779868298e-01
2.162408935023744094e-01,6.134972566641871961e-01,2.194103880813539353e-01
6.109039746147337802e-01,6.161375855554396264e-01,3.781270950410859921e-01
5.031687288219433007e-01,4.831716861686369269e-01,7.984582854320307899e-01
6.615933623623434512e-01,1.601497427910508753e-01,6.085272090560926994e-01
9.483289274382183942e-01,7.660575988855509166e-01,8.014887096483439555e-01
7.922188195568211633e-01,2.278660131182562720e-01,2.476452107610793707e-01
3.306917645367114522e-01,8.704023621916242570e-01,9.282689015053352533e-01
6.581736758163606593e-01,7.073310541203636781e-01,9.334627473879065773e-01
7.870894936817692811e-01,4.641141704645794785e-01,8.234692073519954691e-01
4.471489591106007078e-01,5.267194051797916554e-01,9.185958830016349719e-02
3.073448735501963514e-01,7.469875979976849933e-01,2.549622961191649884e-01
9.549645310005736576e-01,5.953785759731120564e-01,5.925450203897419943e-01
7.809273969326172571e-01,2.467355086799507546e-01,8.350538565057250562e-01
1.183852319598620584e-01,9.264555721834011326e-01,9.994785459393688010e-01
8.019997923307720100e-01,7.800055364935774005e-01,2.791751468107126488e-01
3.539304755437836514e-01,2.244247373522021416e-01,2.612571237452154804e-02
3.815559600436484455e-01,4.212431576067399153e-01,2.230968550295939767e-01
8.505629689417830708e-01,4.863446240872105752e-01,5.445371471355660020e-01
7.380590263268066442e-01,7.785730553412822941e-01,1.981840348571225485e-01
6.589712483012235555e-01,6.297185400638337649e-01,2.594630356487858114e-01
9.509867154037380255e-01,6.520989884752051990e-01,3.120997091536231727e-01
2.404958031283198627e-01,2.865674596229802473e-01,7.154245577486890717e-01
1.107056144433835598e-01,1.059258829107467825e-02,9.901441500179897215e-01
2.356613025867193567e-02,4.774227549520675407e-01,8.574896548130157559e-01
4.647692052772354199e-01,8.942097517738594181e-01,7.833549624515588894e-01
1.844732005836486888e-01,2.595145328217272063e-01,4.146983812149180881e-01
1.969789742089168572e-01,1.985167114689950774e-01,3.838270413332480757e-01
5.669883530822146245e-01,4.953425251326630807e-01,2.304751799077165986e-01
5.387939011463213079e-01,6.844120479072521857e-01,5.515496307336169579e-01
2.319582592090965178e-01,4.911718804832453378e-01,4.223561888007004717e-01
9.263430288431999671e-01,3.610632371693215381e-01,8.251349076293125195e-01
8.322024698073394733e-01,6.416346200549227774e-01,4.356629780485484771e-01
1.571809028297707078e-01,9.060679907059310256e-02,1.400818101349290412e-01
2.109685931730165276e-01,4.657574088212884655e-01,4.005535038351230037e-01
9.230925563884255780e-01,4.716243813956191300e-01,4.369102102541355670e-01
6.561054521873879164e-01,6.622320397480506715e-01,7.300031890876271801e-01
6.074263812245992433e-01,1.407073251318172735e-01,3.673960010131586129e-01
2.548463959962571357e-01,4.824112388921379946e-01,2.691298207510960383e-01
3.675540212193261214e-01,2.487139666832995921e-01,2.053273038150165153e-01
6.887285129996485455e-01,3.913529932705166470e-01,3.407346247329157141e-01
3.885474417961906068e-01,8.842569026407542943e-01,1.913243331753902154e-01
6.655574941594215588e-01,1.903975327254657790e-01,4.290349115731498797e-01
9.360062434881750715e-01,3.897273469953231873e-01,3.153892122387950137e-01
1.191586119787743092e-01,7.665882242085849674e-01,4.995814368545697937e-01
4.180198143531033139e-02,4.206404062891174744e-01,3.446423405131719964e-01
8.963051471853822338e-02,1.766179177097096931e-01,4.924387012107501738e-01
8.283686797184210970e-01,9.076278982092930159e-01,4.762499996555370485e-01
4.645915957383333073e-01,9.997120996780933799e-01,5.924304423644248807e-01
6.383120060130049733e-01,7.520533367295635374e-01,8.773373231041157183e-01
3.399998396210337503e-01,1.139769421573449959e-01,5.908865031023988745e-01
1.745534274585079926e-01,5.003044181299450832e-01,7.061743211654891716e-01
2.509245142406755225e-01,9.642947486805052426e-01,1.119356370290722769e-01
2.956752011374139677e-01,4.670647983077008680e-01,6.004557905592364797e-01
9.498960727618274147e-01,9.599099576669775091e-01,9.361222568299967239e-01
3.375119462488811450e-01,2.521967350674014785e-01,6.525983648827992090e-01
3.349613483232639632e-01,3.319677591987575394e-01,5.210816289674558011e-01
9.322242033287190255e-01,3.074926465537967113e-01,3.512302419329835779e-01
9.568763478792838839e-01,5.889992841786210187e-01,4.362649794439997786e-01
1.743657164390638448e-01,4.341872478015410541e-01,8.136508942120894705e-01
1.859813107080254824e-02,1.299696111269742493e-01,7.757020635820889298e-01
2.820325107742764903e-01,7.900477643676661055e-01,2.826425993703080009e-01
8.048574435322319864e-02,2.122876400988551460e-01,1.892411294482981843e-01
4.018863994199993739e-01,6.294123579089760945e-02,5.153794397485400580e-01
7.053167493098130292e-01,5.681933059025133792e-01,4.232688821325240047e-01
2.271584444584434648e-01,5.095686097416114446e-01,9.310799360186617912e-01
8.699424648797818849e-01,8.136728257745793336e-01,8.251079882398860699e-01
5.347090013586908164e-01,9.357316250015175196e-01,4.230973239787770845e-01
4.538020525953437856e-01,3.267981565791687748e-01,6.402080283329536492e-01
2.455721719325308916e-01,5.844340264233437443e-01,8.218495672807715202e-01
7.899895377050311085e-01,9.264629226172937937e-02,8.631330475370239119e-01
4.808090973244504296e-01,2.362544093105137799e-01,8.494652036397334349e-01
9.106306081629683691e-01,4.700731740183330398e-01,7.731732882290982545e-01
9.211169169987010186e-01,1.152039586857728226e-01,5.922469078663548103e-01
8.458817458346977736e-01,3.958114443640026181e-01,5.527663451214882562e-01
8.779269261167212957e-01,6.015159895412901525e-01,5.608324340859004442e-01
9.083588920110223786e-01,2.946280496664869242e-01,7.683555107512339832e-01
2.370952902725327327e-01,9.636834472913787808e-01,7.210256291449302912e-01
7.461454201734101233e-01,4.385816958876905813e-01,1.209436222844635367e-01
5.850334692955161398e-02,8.887597948668251036e-01,5.852299198871860897e-01
9.956964554133670431e-01,5.030072289256090068e-01,7.515985896672985334e-01
9.006823241002726022e-01,3.775300950307414194e-02,9.410332998971198126e-01
4.039278956215432981e-01,1.764503864001459865e-01,7.519548697026521289e-01
3.199424892132457510e-01,9.546206584086814884e-01,3.106271333835337600e-01
4.925673340332410444e-01,1.494590025025743785e-02,8.910949848457128120e-02
7.315650654201611980e-01,4.087049065627772482e-01,9.169548658079560433e-01
7.989882616995184206e-01,2.431152318708654780e-01,2.344503237598565271e-01
6.356693241264208538e-01,2.844128068935707354e-01,4.584748220714248701e-01
9.886109424984599325e-01,5.589976792642366021e-01,6.170448093642882936e-01
9.026006881815039629e-01,3.380149469741657864e-01,9.979282654892228654e-01
7.210561466427689581e-02,2.062091495099680483e-01,7.469298507094307427e-01
8.019767775403618959e-02,7.425931003158526833e-01,7.197147519400893811e-01
9.900635696568256261e-01,6.590542898399013305e-01,8.514263967692985435e-01
1.409933553014000029e-01,1.501691457123635054e-01,3.579757955928077884e-01
9.814333693157998306e-01,7.856700566161043398e-01,3.214155041910775612e-01
6.760047659132719655e-01,5.701345993311883742e-01,7.211069939029072229e-01
4.468431740841298794e-01,9.102533883066236120e-01,6.498682963234601040e-01
9.780271202904476935e-01,3.505242760687277137e-02,5.169127172980678697e-01
7.329174386085609560e-01,8.280824375667656945e-01,1.903099233295633130e-01
4.669628897531924450e-01,6.846139257251693255e-02,3.815949310631704394e-01
5.059546417354205960e-01,9.482396929593018831e-01,3.450847317978371631e-01
4.683256295862817664e-01,1.193219984105453602e-01,3.990718907358408174e-01
8.746914253606504763e-01,6.815951827582905631e-01,4.292316516867468179e-01
9.118183409129179129e-01,3.300691032139247971e-01,5.334020225035855933e-01
5.163545324074626519e-01,3.633629189649777436e-01,3.134457135823609519e-01
5.631504361135120096e-02,2.076579861782090752e-02,8.766874089018842353e-01
1.662408858720221261e-02,2.962140060489789617e-01,9.290103722298836963e-02
9.780105478368331662e-01,5.004111675942123361e-01,7.073998278325559497e-01
6.502229456238628469e-01,5.951399411333870848e-01,6.785816954049982419e-01
3.263133866964587071e-01,3.100386051058591219e-01,1.019004685198680038e-01
4.456785986220256346e-01,7.901518690564064418e-01,2.882043771993084702e-01
8.649962289280377359e-02,1.609976047764989371e-01,5.795795215477790308e-01
3.064720709958124178e-01,5.744621718797381371e-01,7.854189793351120663e-01
1.850819680190497474e-01,3.134937608155199396e-01,1.235112573398374769e-01
5.928729212160960271e-01,9.393254625986900974e-01,8.891239233348191551e-02
3.538419578760776396e-01,4.279016423683852377e-01,2.370648270669323265e-01
2.995736342402871566e-01,5.696871532319794929e-01,7.170216434738305722e-01
4.638894732951611699e-01,4.347707920907449841e-01,9.342749276645139211e-01
9.021759740221656498e-01,2.098169648026870782e-02,9.826199772342064653e-01
2.706006163430457745e-01,5.558962471562347574e-01,3.979104882537890520e-01
8.937614673903838680e-01,1.794392106395747977e-02,3.360461591927442759e-01
9.531023623072686357e-01,6.319388654059997501e-01,6.793164173989308940e-01
7.937568037278540656e-01,7.803007458053445866e-02,1.753196023150136451e-01
7.715654343444501295e-01,6.104584268862707219e-01,3.075630214454116995e-03
2.901177713590665785e-01,6.354308985995040793e-01,6.282744593594954408e-01
7.061376151113595290e-01,2.409161017612685418e-01,1.228748394572098945e-01
8.267286525486303717e-01,2.312800569361834757e-01,8.012394017331522234e-01
7.715983740337098995e-01,2.800851799984818147e-01,5.852867439922581072e-01
5.014323045943306356e-01,2.015621123798994052e-01,6.855806864483158236e-01
5.819443301313018679e-01,5.061759007444686098e-01,1.537302643072758768e-01
7.089210979622219133e-01,2.548492421096909544e-01,6.881915299725785973e-01
1.536266491886920660e-01,3.555025949073213898e-01,3.198814614771814391e-01
2.724853556130333310e-01,9.122676083021658000e-01,7.602446445261052954e-01
6.691747597094418465e-01,3.733730137844973873e-01,9.676695699494182179e-01
7.025759309761564486e-01,5.920822167956805160e-01,5.128950111664497546e-01
3.581122823265365795e-01,9.216135455814526978e-01,2.368030374344087807e-02
2.796306322389252585e-01,7.414735294606796812e-01,6.260422721730842799e-01
3.228581469513547297e-03,5.463223380590050970e-01,9.776752081172516151e-01
2.559106428267621247e-02,9.597409202235972492e-01,4.490556229325286530e-01
9.221582525666620622e-01,2.151633777404396985e-01,6.150413908348217884e-02
3.033579010250969654e-01,8.563081974130178908e-01,3.150556783347785439e-01
7.452321119691512896e-01,1.209757633292374290e-01,1.866350618375440806e-01
6.845210600500291065e-01,3.372512657718054196e-01,1.919842832300315827e-01
3.867873685446883147e-01,8.323623939808187933e-01,9.016084679984278649e-01
2.721598290186753033e-01,1.639792485269514488e-01,5.046770917519743938e-01
7.601757112399576410e-01,8.091312928571798846e-01,4.164737302963323895e-01
2.672960164571727137e-01,5.303132533376632152e-01,4.712130125569511385e-01
6.825798396218141217e-01,3.341746887653787024e-01,2.367651781404089828e-01
4.606262720298344160e-01,4.766334643739649213e-01,2.712821522303756616e-01
4.533051542453288008e-01,6.043939032864109606e-01,4.836059601099708116e-01
8.273649802013182120e-01,7.619087236888021364e-01,7.347007727303275226e-01
7.384666948168734368e-01,3.318632608656124638e-01,5.206628374785168267e-01
9.524225360085358805e-02,8.460915983404374563e-01,4.057818062802285297e-01
5.478087670237605789e-01,9.529029077479537202e-01,4.646915682805601300e-01
1.729398930926671074e-01,6.675650907070532769e-01,7.702489930110020255e-01
6.173975778874004616e-01,9.631809611018458117e-01,5.233051579165803879e-01
9.127888379474834446e-01,2.203194085128197255e-01,8.186046947555647435e-02
3.544948505745938450e-01,3.797211816715851951e-01,6.572411944679469320e-01
5.077941844878336441e-01,1.015649322061851212e-02,5.009270565436075850e-01
8.669919205626596126e-01,7.998600939831246315e-02,4.639826229076867703e-01
7.668275907211147269e-01,3.507271613484955752e-01,1.671864885013262247e-01
8.943169914249811114e-01,1.778169521010987131e-01,8.615153098600375481e-01
3.760287719854168431e-01,4.252190975243804738e-01,6.868026117759644666e-01
5.685751342533897912e-01,7.831844085279978662e-01,8.012771878891656874e-01
9.863319826893243158e-01,7.950959640422688990e-01,6.550298424849632095e-02
7.420306927057602753e-01,8.864524945112876031e-01,3.931156804193253196e-01
9.405979502542167747e-01,7.776167757876140119e-02,8.131054609548371559e-01
1.029094493158221324e-01,6.239245064240561689e-02,7.317660851115175280e-01
5.589535098957908454e-01,2.192439757578711346e-01,5.607081290490341097e-01
5.589961076516034577e-01,9.223465434475307534e-01,5.562081223886671255e-01
4.747286073323966349e-01,9.182529471965529266e-01,8.050708506723683877e-01
8.764055677083404383e-02,7.272246045252898083e-01,3.734377743772751002e-01
5.524867570554061746e-01,3.475298254033349910e-01,4.085615434107517929e-01
1.700836710033931665e-01,1.058819431958486490e-01,2.874474637426527313e-02
7.451838245248827430e-01,6.422307478066383579e-01,9.141414579757435321e-01
6.059155015310071501e-01,1.936192614624803188e-01,7.377503009793799915e-01
6.330350092755011593e-01,8.787258753042339610e-01,4.827705910080450913e-01
2.356493980501008778e-01,1.337080326513403472e-01,8.511982299660051376e-01
9.502536837430225480e-01,3.181102664958749271e-01,8.567134219163774489e-02
9.105535658250818454e-01,6.247126233111653937e-01,1.583462259922865378e-01
7.173321695127734543e-01,5.971863971142067351e-01,7.845068579106525553e-01
8.142305508736776831e-01,2.069395227368433510e-01,4.516823279665633795e-01
8.648513416487331185e-01,4.514819144281538854e-01,1.145822054626213227e-01
8.905780235139115764e-02,4.500980295885836924e-02,1.204814685206290203e-02
8.572324830846489441e-01,5.870757145197152971e-01,7.080105850245848043e-01
6.547944331570609844e-02,5.541590732886411130e-01,3.212105310937732883e-01
9.515604679804753330e-01,1.943629813655388672e-01,1.134148587261547547e-01
7.742729017276528403e-02,1.665731696519322513e-01,3.410155841024584689e-01
5.081851016716685265e-01,4.717410962901673610e-01,6.961926420308782726e-01
7.562728863060154127e-01,1.018015842198133347e-01,9.475160874095989172e-02
2.335426360502321774e-01,8.385150025852553535e-01,4.653146600651105746e-01
8.465255997242181474e-01,5.866200116919993990e-01,2.217530673490116788e-01
4.833551857703757282e-01,6.872578781737087583e-01,1.355593605076143016e-01
5.123521212695875127e-01,5.281552082581147944e-01,1.734529476818955640e-01
8.621074354468934997e-01,6.927818877795156594e-01,7.883035959913595736e-01
9.426738237968453893e-01,9.070378017919145108e-02,5.693448464888395399e-02
7.829667228196512951e-02,8.731810799643410226e-01,5.005746733954924421e-01
7.454419379323276029e-01,8.264561763785650550e-01,4.672613678713903873e-01
2.021252545576704973e-01,4.648328534557126801e-01,5.354588095258798752e-01
8.943793528798006376e-01,7.268934242945412905e-01,1.101493725512258104e-01
1.339276955748889275e-01,5.513026182819612542e-01,5.349562835874531741e-01
4.623686341317847504e-01,5.872560451988334540e-01,9.984168377903395175e-01
5.580052849951042671e-01,9.055753680118043825e-01,4.721737303687908449e-01
7.578980523462923724e-01,1.412298791693932243e-01,1.906534839021106764e-01
6.044050799676143892e-01,5.933628106681108072e-01,6.100038177395289418e-01
5.501176942055557850e-01,1.343899462014974677e-02,1.175427534334680946e-01
9.829417806935297763e-01,4.990718517799416221e-01,2.970237052950037704e-01
4.237196483911682687e-01,4.095792120879715448e-02,1.218449793183250529e-01
1.437481420381013786e-01,4.529033728286772087e-01,5.221327696914118688e-01
