2.543831315766997836e-01,5.677661851689365102e-01,3.374142116272671466e-02
3.544550201247609333e-01,5.052287842486762326e-01,3.050347035064232548e-01
9.787748875378465829e-02,3.726611126150718434e-01,4.097436931131056559e-01
2.931301620976574096e-01,2.115750897819493881e-01,1.294357893360674749e-01
5.781499428688531284e-01,5.071352706476837113e-01,5.924200369076405570e-01
1.545684402882080422e-01,9.945586990263568516e-01,7.084933012680819653e-01
9.693668611636321319e-01,5.890855472437749318e-01,9.714606245844397137e-01
7.554669687164119463e-01,3.978818555505004850e-01,7.032515537068765310e-01
2.714626585257837732e-01,5.193275632879131853e-01,3.787438858228964200e-03
3.450261675131719441e-01,2.782072744254242558e-01,8.339901403498466426e-01
4.245365000897396435e-01,7.535117590540829635e-02,4.432537117317467690e-01
2.173058953128373938e-01,9.601216987130937186e-01,1.705642312582050790e-01
3.872735823912782926e-01,1.079489916084926948e-01,7.918410151756498649e-01
8.961702610604660446e-02,3.799712653100861814e-04,9.075321132641260835e-01
7.001987715843067672e-01,5.592393296521768198e-01,6.136576537933128295e-01
4.294401061863829527e-01,9.646945374573642207e-01,9.185313330470935567e-01
5.047403190686453600e-01,2.051813421021252415e-01,3.366029420572039799e-01
5.166890155624486169e-01,3.587302214504756170e-01,9.991758017392126101e-01
9.806506868792010945e-01,9.715872451043211511e-01,8.052986804288244649e-01
2.738395765430214901e-01,8.720391595520115002e-01,3.595908445352787863e-01
2.514308993802819581e-01,9.338933776747992965e-02,9.677226934506075740e-01
5.539503004501595829e-01,8.733266247046803654e-01,9.165964778641134680e-01
9.302194958932941127e-01,1.492602455189775412e-01,8.224918504453402335e-01
6.317966058542522356e-01,1.413750864896836656e-01,2.657594923715197455e-01
1.385543885937251529e-01,6.789231423685653244e-01,5.170899587200081804e-01
3.715327447588182563e-01,3.315788716701661976e-01,1.023604147278991405e-01
6.357503223613676369e-01,5.602992838271944054e-01,7.774858109346266533e-01
3.967048864837192657e-01,4.897195228451790561e-01,2.666103778674618896e-01
3.930862444682627910e-01,4.542006313422569663e-01,7.914251440489851186e-01
8.581340565267888687e-01,4.068849821826244773e-01,8.546552657914642248e-01
7.079522030181897296e-01,7.501637464963530899e-01,8.209619924415625380e-01
4.985578442209721572e-01,2.465013622320344489e-01,2.833353314105047094e-01
8.432084439355314043e-01,8.332242853571423247e-01,9.200756780956831360e-01
4.223183754985327942e-01,3.440098977961556503e-01,5.937545280355197574e-01
1.893221273370324642e-01,9.362349984819724469e-01,1.481428578672046026e-01
8.579704744626091006e-01,8.815292643288659136e-01,8.263420521348094905e-01
9.856421683542415657e-01,2.829342368428795496e-01,2.780663458647643083e-01
4.598449347667191711e-01,2.566505614566113591e-01,7.018284522544004922e-01
9.682273648180464987e-01,2.019801064432743543e-01,5.051500956673155018e-01
1.005416413402426823e-01,1.905394284752263134e-01,5.726372666534251810e-01
1.278908537941846335e-01,4.923049846718420275e-01,4.051085372057128264e-01
5.430162197081678244e-02,9.995696674408718341e-01,2.322220458246530006e-01
2.267886855307945648e-01,7.642775939853803102e-01,6.886644626000892888e-01
8.602081804456382930e-01,6.475663245174183569e-01,2.491538625920692862e-01
3.008123395208635031e-01,6.176581995131162905e-01,2.334594329109966893e-01
6.986862091392873619e-01,6.174868697400908157e-01,6.191038115368717731e-01
1.840797553504089912e-01,5.963696016522102017e-01,5.488574306214458742e-01
3.737023555112886086e-01,5.211409946953609040e-01,4.893416385252002954e-01
7.167509109692137281e-01,6.953363857421608341e-01,2.221901541711031047e-01
1.708449531268736443e-01,1.011310409528606291e-01,1.853360321586313697e-01
3.870259996706795214e-01,8.503671924781657232e-01,2.349069890115831338e-01
2.929723896109753811e-01,5.717331595752972451e-02,8.857379474949558240e-01
6.358240234716012740e-01,7.868763783369636666e-02,3.944091292407561067e-01
8.377820044151134127e-01,3.714596149506673717e-01,5.369259669363480869e-01
9.980223541677617494e-01,5.149711221536442673e-01,8.581064216384430843e-01
8.509290573553710546e-01,8.810942446673446504e-01,7.483108328356720129e-01
8.826870808251023881e-01,4.011754443121662295e-02,9.935767488666099601e-01
2.456758631239627233e-01,8.402276175513556655e-01,6.816972195147995572e-01
3.322525299311551716e-02,6.412578998990398071e-01,6.107574501941215317e-04
7.097554818763687212e-01,4.894249801506875830e-01,6.864508933420533365e-01
8.421822472356154110e-01,3.305818764582748592e-01,6.736225296916690253e-01
5.301127614500943386e-01,3.514793282632552307e-01,9.016117135971523089e-01
9.064061936771693473e-01,6.645178585731892351e-01,8.665028220826086480e-01
3.763980048111689181e-01,9.238341623301338235e-01,1.963597502547899110e-01
9.289767889826248126e-01,6.145836795235074534e-01,5.592631219059679415e-01
8.888994746085860932e-01,1.607045989322333224e-01,6.092740145506658767e-02
7.602925054266407301e-04,7.557422810841855076e-01,6.623073211226436774e-01
4.487760395252397005e-01,2.102434150040410898e-02,2.862974549823534831e-01
7.040726268306016777e-01,9.133755581251573608e-01,7.300097528528119994e-01
6.528656331005593394e-01,3.711619107759981384e-01,1.541728924116823052e-01
6.021042863212118235e-01,8.471832029790069551e-01,2.996519196370341920e-01
1.514531098281725052e-01,8.849442704555782191e-01,3.960037386793661129e-01
8.277416768582047668e-01,7.081717842148065323e-01,7.389927453612356034e-01
7.116270994589541932e-01,8.551128881843886864e-01,5.606726224268889780e-01
5.490935411038531111e-01,9.935068627717977829e-01,7.367968160988461745e-01
9.444140186281380078e-02,6.904625897011185121e-02,8.135214535793485746e-01
4.398281611334249330e-01,2.839226713820349746e-01,3.141213308797679016e-01
5.957806588640612855e-02,7.206496422925412482e-02,6.073043224614338431e-02
3.338280671802020816e-01,3.269708435591719420e-01,7.945993320878539379e-01
5.252458790548011347e-01,7.473496718488206181e-01,7.075364808962631979e-01
9.243301296491179819e-02,2.278436882425390886e-01,9.765871367800016412e-01
8.887804210928345050e-01,6.030486842187789964e-01,9.800845761641147069e-01
4.468542310548698770e-01,5.795723180588331358e-01,8.724913970622609760e-01
5.957087077910153683e-01,9.306788823873104466e-01,5.994316906704764136e-01
9.120680489377275268e-01,5.551473240015406541e-01,1.449681556632556045e-01
8.865800164549060280e-01,1.529505649408283707e-01,4.056601044216017193e-01
4.108884088787402300e-01,5.723675253210117608e-01,9.773312794398403280e-01
1.928653180273328660e-01,2.708721137786183064e-01,2.895773371578947986e-01
7.186370411427102090e-01,3.623572820485954082e-01,5.186538206839801379e-01
2.542117238139911528e-01,8.562922921240703200e-01,4.633073901174639131e-01
3.801329063227878446e-01,2.230551875627762026e-01,2.569830962791712636e-01
6.935480486374702158e-01,1.207695922733089677e-01,5.392185908873741162e-01
8.749035452336701990e-01,2.123897341548344198e-01,4.118446373140294270e-01
3.691289316231861628e-01,1.495195773704894870e-01,6.435642612167868926e-01
4.739493779902035353e-01,1.804795693637737397e-01,7.403382663302945366e-01
4.841044522694968322e-01,3.662992896048471447e-01,2.670832776391532937e-01
3.642279054982933140e-03,2.943553439997881327e-02,4.186305072362113133e-01
9.656821568276612311e-01,8.006063665458926781e-01,6.414065460455741219e-01
7.936122566759572505e-01,3.405717804600285614e-01,7.607406051136524905e-01
9.903805148212948550e-01,5.123105137559236244e-01,9.048827075663923303e-01
