2.090380341149357113e-01,9.493632386274866164e-01,5.701721595471130888e-01
8.049390525378116168e-01,1.621767897425280269e-01,5.771665690036802410e-01
1.696787622878148660e-01,7.433875846654341979e-01,8.044849097807570404e-01
4.485857504844544819e-01,9.848480017144758403e-01,9.913243623216989597e-01
7.270547782136437265e-01,7.389382591475981421e-01,2.382210081182298822e-01
5.814157352237667720e-01,5.686966824151040711e-02,6.223609455107256272e-01
9.124040958117685118e-01,3.930722342082011433e-01,3.374496162302873525e-01
5.043645501623351679e-01,2.188695924279518978e-01,6.107589007241382983e-01
5.081962634928163247e-01,4.461504417269303024e-01,4.438786607480996738e-01
5.097558041162572051e-01,9.690141862948743467e-01,4.700929795940318456e-01
2.274181940958402981e-01,3.759823906750628941e-01,9.251439446415457013e-01
9.191040258008783548e-01,4.663414373253057521e-01,9.252583259625635215e-02
5.259992047377615165e-02,1.882731467349101351e-01,6.036370494741873927e-01
1.984649274980618827e-01,5.095923538970089650e-01,5.077683538509405459e-01
4.821866650005179888e-02,8.412113910818174167e-01,9.331585587170718732e-01
4.276202079197701789e-01,2.331102235936939326e-01,6.678335829191774931e-01
6.278401363794750001e-01,1.125372392526559073e-01,7.361416733459225092e-01
1.172829227056795265e-01,9.153056748048263858e-01,4.351778593211632629e-01
4.557458920033202743e-01,2.182080678038045285e-02,2.643774871432820195e-01
4.658966543444941211e-01,2.708552735204361461e-02,6.556643610563092084e-01
6.587997274652854784e-01,7.205398260773344665e-01,8.139185928834548056e-01
6.445363591665399516e-01,4.423772395031826399e-01,9.777911050144806326e-01
2.833581352405699638e-01,1.619734347009509356e-01,5.670354612837366082e-01
3.947521894479788518e-02,2.769243980489999313e-01,6.358472166882026544e-01
5.178747219200537932e-01,3.262847407006772560e-01,3.626310147712364929e-01
1.406717196671412040e-01,8.341492685805261820e-01,9.443447856208768698e-01
1.446598094520843425e-01,1.312386639739596683e-01,9.070830876196643855e-01
3.393528101902106853e-01,3.609778741033029537e-01,9.012162721868663962e-01
1.635199108221607744e-02,8.546081828933608238e-01,6.885109576140382437e-01
9.604880992041187060e-02,7.527057207989149568e-01,6.596938803803060747e-01
4.028298057454740011e-01,1.725922571474058920e-01,1.530514071711628343e-01
8.022772998306527681e-01,2.964476944005413062e-01,8.150491587277171046e-01
5.696197398353057828e-01,4.652118429376883579e-01,3.991774213039105401e-01
8.802047495849549819e-01,6.929122504583787867e-01,8.535788677007772884e-01
4.562273493513389067e-01,5.589884892430970753e-01,3.625090045218892776e-01
4.031200448669939318e-01,4.934267195272837858e-01,6.773020843549831804e-01
8.638714438637253856e-01,1.994002820380970098e-01,9.453358213316519487e-01
4.899992768317168457e-01,6.794644170511416892e-01,7.114310840036452976e-01
6.907517841221673116e-01,6.798088046131790518e-01,4.739617417861728965e-01
5.778720849007571436e-01,9.959071750749854957e-01,5.894546660286876794e-01
3.174057767513788209e-01,3.504246053921734605e-01,3.424790850406662646e-01
7.962720103934598503e-01,1.096540698159206295e-01,8.037373686348706636e-01
2.598820395750867096e-01,1.329651080200962010e-01,5.598974555919068452e-01
7.846407522945778590e-01,5.336125921264370797e-01,1.074926336222836731e-02
6.686792375589485360e-01,1.903117725283520745e-02,5.354631812214459829e-01
3.068383542313533052e-01,6.384570751391540622e-01,1.550620664484181344e-01
3.253280995851760560e-01,3.032431334457894589e-01,8.138973914141409693e-01
4.630395153338715541e-01,5.484731500574357987e-01,6.762994898127661081e-01
4.085238501169864422e-01,2.204509896004684943e-01,1.000348006612110652e-01
7.519428751739303252e-01,6.312043209086031226e-01,7.723408663517289385e-01
5.752143937883569258e-02,8.474254519098423089e-02,1.796744853796894414e-02
9.376306443931318180e-01,2.720426633503597591e-01,8.386318995845227775e-01
4.933049495739076917e-01,7.339924221892446532e-02,9.385857019789043409e-01
4.484289895651842883e-01,3.900435583739664258e-01,5.434638354641477820e-01
2.300779075391469197e-01,3.997436494780272076e-01,7.030443018003049716e-01
5.935079422486855272e-02,5.799444385837146942e-01,4.047752606004906273e-01
9.437034976099762940e-01,1.363867067989420478e-01,1.439989514798935000e-01
4.258746895295794088e-01,4.715044512350418104e-01,5.903391366375412286e-01
8.028130061928641092e-01,2.306640183716213155e-02,6.537846206579460695e-01
1.660317277529721469e-02,4.763417930254341126e-01,7.203902510687879568e-01
6.893299092690294838e-01,6.599586584184665705e-01,8.619210918398130250e-01
5.614941301036274757e-01,2.616922249334231454e-01,7.441159641545025405e-02
3.866584358361492280e-01,2.544786790670113819e-01,9.836323193288406541e-01
8.660217549469073628e-01,8.534980401093933411e-01,2.571076978564577065e-01
7.657424172048593602e-01,6.217238155730816507e-01,3.950517877981980508e-01
8.615270177905085536e-01,5.831536777859844811e-01,3.558739773650050342e-01
8.399524880372305491e-01,2.602903836452027386e-01,8.739305262653457307e-01
8.817028747939520406e-01,6.563495548520688061e-01,1.098489729321716624e-02
8.198008034933038646e-01,6.166032849681840622e-01,9.659973560803174486e-01
3.988631464490904888e-01,7.640783121124642419e-01,7.828329721322944135e-01
3.619287691229274850e-01,2.708744100281742506e-01,3.613059268115085265e-01
8.798819149605375811e-01,9.999914832774892126e-02,9.828260215179261960e-01
9.476746935829166718e-01,4.637064900449361371e-02,8.297661917088761108e-01
2.134460423577050348e-01,3.684783034738129404e-01,3.331220592646538803e-01
7.279922098026592181e-01,5.631919951854331696e-01,6.955898326972133061e-01
6.718808437252196120e-01,1.885288251865447906e-01,5.925052214059253197e-01
1.098332773230759063e-02,6.002891094433702168e-01,1.241838752150145053e-01
5.105339538964758228e-01,4.168326378478943717e-01,2.566255057289388297e-01
6.085706748086112672e-01,1.932710076797026222e-01,3.533828610824180094e-01
5.010070420387863210e-01,9.461243333285876966e-01,6.027079064001038544e-01
6.382578833049701306e-02,2.224125853462515234e-01,2.870886819636951914e-01
2.855707174761316081e-01,4.176787635423765410e-01,5.689704050142959657e-01
6.729190703600469448e-01,2.196530407103224336e-01,6.654984780583815818e-01
3.584612526746480121e-01,8.570507622001947157e-01,3.485805586244061782e-02
9.676783770487374925e-01,1.037970723851305843e-01,1.495602158826739858e-01
5.389035397997031795e-01,7.859671646033118408e-01,8.475798551930314728e-01
2.958762470939646505e-01,9.616038122915723241e-01,9.693225536153694533e-01
2.550691380210877712e-01,8.654074625156938927e-01,1.791331042942055918e-01
5.399539953510542611e-01,1.561399824667877301e-01,9.950329266044056764e-01
3.749187257285687691e-01,3.255997583515347626e-01,8.190793082200562569e-01
8.359940935398496586e-01,4.666878063999855275e-01,3.011723341945645727e-01
2.712272547397450717e-01,9.452198910737010795e-01,6.749822645552766565e-01
5.932248874423585727e-01,7.124627038094049070e-01,4.065329394350326586e-01
6.076581405104649614e-01,6.130601481702494526e-01,3.453396750930616266e-01
3.952856641379098868e-01,5.830197661000330323e-01,7.403865041334360964e-01
3.748023051460342980e-01,5.320409214296195621e-01,2.385265568564087779e-01
3.934616874486499549e-01,1.013061816927021130e-01,4.438711957368879357e-01
7.633409800490121855e-01,2.889435694442734626e-01,9.892665911075637641e-02
1.593506041384301630e-01,8.120883817533841587e-01,7.977065392997939597e-01
2.794242458679725427e-01,5.653667706481705357e-01,3.871905544345117800e-01
7.709647605219627220e-01,1.552644701628805857e-01,8.211724757487646187e-01
9.347933889993400580e-01,9.021204496515710103e-01,9.751344877076629780e-01
4.543817268927607955e-02,8.199005131716842198e-01,2.203956232033124074e-01
4.918414603099869886e-01,6.321089842454192809e-01,2.273174772474643168e-01
6.157484460007780491e-01,2.728422766941726030e-01,6.057406856589284683e-01
4.154032565659034892e-01,1.847176124964903243e-01,8.608900935505555685e-01
4.711092401978863586e-01,6.439094769699506005e-01,1.204660151838151672e-01
2.416230066752139694e-01,7.827144078886104639e-01,2.766225425249413394e-01
1.680763857773325265e-01,2.950869228257849697e-01,6.008591358320160003e-01
6.599542592767492222e-01,2.241807934698958338e-02,9.059867068511096022e-02
8.555215075946327463e-01,5.800392030720362690e-01,2.934055861900281004e-01
7.751368202297693744e-01,3.366887544865911908e-01,7.589043405517800212e-01
8.634259303984460621e-01,4.776849878338872424e-01,9.549818647795131898e-01
1.452180324270164746e-01,5.509470603155655066e-01,1.948315896416916715e-01
1.326174560363263533e-01,6.110998514656748037e-01,9.386604115218882827e-01
7.943671798473809220e-01,4.671074625459642471e-01,3.021254898675704847e-01
8.986410589729808551e-01,2.501351856165092702e-01,8.353253377533084167e-01
7.150902890488491925e-01,7.091769174500319739e-01,2.597885074817098960e-01
5.008483669820650297e-01,6.455202686784311528e-02,6.266593324800264764e-01
1.215396372493038335e-01,9.823584814716201929e-01,4.389662907467278830e-01
9.146426599832532256e-01,9.794502396391735477e-01,9.549598985271708917e-01
6.476794653741846375e-02,1.312255104390857019e-01,9.975745590070468349e-01
6.576886011476784644e-01,4.914337240887151070e-01,9.392508045803520389e-01
7.178634433034472018e-01,8.302474750563170192e-01,9.519010111956366371e-01
6.113479664962708782e-01,3.042190386835441629e-01,2.660956489323540453e-01
3.986725623845300825e-01,3.401600219032087091e-01,9.176041432455764868e-01
6.391855308623715093e-01,2.592448159264133523e-01,1.284998616550755424e-01
7.270028209813270692e-01,3.404075117748860402e-01,3.549442578320894937e-01
8.766853003302427227e-01,3.439246019576880364e-01,6.615943718366318338e-01
5.538797889345268288e-01,2.881967217706622453e-01,4.453881574920703912e-01
2.145882690403196902e-01,1.315330095902710328e-01,3.481347815955549985e-01
1.359780801542459505e-01,1.951651958330120618e-01,9.141577134913589919e-01
1.090210672896371191e-01,5.403155626260457423e-01,7.408853755913240580e-01
9.065822008486020822e-01,8.421769296665094773e-01,4.367938530715023138e-01
6.633761721837229119e-01,6.485436645509906617e-01,3.452711823402148106e-01
4.954999900752764530e-01,4.821723644258442132e-01,7.150962113609182769e-02
6.494154946746197865e-01,2.564981287493539597e-01,1.469771154656314138e-01
1.081331642249809821e-01,1.064031739578384927e-01,1.429789143006973129e-01
5.085424550595871729e-01,2.985814069563552664e-03,5.297166034103595322e-01
4.246722693096335322e-01,4.222438613263187479e-01,6.558315341428220258e-01
5.995244254301405062e-01,6.902430322574737431e-01,7.212110350694954652e-01
7.987893201774678431e-01,4.956042959379615143e-01,2.071944464169894751e-01
3.553654386903892792e-02,8.756347720594872541e-01,4.727392334595684753e-01
3.054745315106885961e-01,1.577796000210914817e-01,3.241614859224620782e-01
9.565677031875448044e-01,8.778731222310723892e-01,2.529153987175617457e-01
4.394133318673419941e-01,6.463927649479677129e-01,5.873320826078437529e-01
8.416244760298883243e-01,1.679165789244269069e-01,5.836866091575854121e-01
2.627275730307253587e-01,3.185084191121945185e-02,2.440470560552976398e-02
2.437426947591292414e-02,7.462452638794760951e-01,7.686162153257733998e-01
8.304829846044314845e-02,4.743513864232883348e-01,1.629256982651523522e-01
8.153874135064376194e-01,8.544272423940317829e-01,5.020930655308507573e-01
2.788726357674864431e-01,5.775742142940171187e-01,4.194363967486014477e-01
1.129379107769782342e-01,3.089340945653674675e-01,9.336600482316854688e-01
7.659193558419584713e-01,6.631045189834753328e-01,3.061204428637982478e-01
5.602598687489607210e-01,3.435771369074505088e-01,4.047802182345792144e-01
3.698981726429657613e-01,2.109010705232005067e-01,5.689747844446368941e-01
1.268891233332272162e-01,9.534717004080157654e-01,8.579193440384700331e-01
1.340759901290220490e-01,7.870571462117416095e-01,1.014547641550703760e-01
4.688573528292474535e-01,4.901573311591158610e-01,2.210391351745200073e-02
9.102100209458465763e-01,7.421223679047639354e-01,3.632100263196924583e-01
4.947261160494812460e-01,1.294950703777640877e-01,2.989982766343657339e-01
4.545638816382878700e-01,4.502341043989960268e-01,7.841762299943635384e-01
3.409427217539826582e-01,7.628747479673327891e-01,7.690351638049626182e-01
9.932715450664848511e-01,9.103636884597691159e-01,1.068421796032351656e-01
9.598214340838456815e-01,9.035458622850701671e-01,4.242235088934789289e-01
5.510298220129048463e-01,7.866715199444737072e-01,4.503340027270839041e-01
9.214069038665766431e-01,8.622203843743901919e-01,1.780869085816387809e-01
4.879733331265224683e-01,2.520628511228203417e-01,4.773245133886010461e-01
9.152283829080379851e-01,2.644847591872268033e-02,2.338356246823984907e-01
4.450760272503176962e-01,7.668806001744653544e-01,5.463413839977516728e-01
8.436365342665337330e-01,6.303207977616339663e-01,9.664999487910349574e-01
7.578128183175902866e-02,9.729705345191630439e-02,6.768242516903477668e-01
5.580990861812312742e-01,5.249182335270213828e-01,4.446369986062583823e-01
3.645354951820722889e-02,7.492319356957886090e-01,1.722185881477104052e-01
7.697543385104670399e-01,2.497481344821828042e-02,7.188478173108696634e-01
8.590334862821391582e-01,4.007553784157930066e-01,2.954195248077186031e-01
6.996939992940536257e-01,3.212954701789616507e-01,9.461507373650950292e-01
8.544525608154089902e-01,9.442545585391728391e-01,4.835057501572814775e-02
4.394163221088314142e-01,4.375122353334304215e-02,4.006411384681196619e-02
9.981148282768852464e-01,4.041512446841367678e-01,8.726461944465421228e-01
3.464890135743161625e-01,5.928202390167375269e-01,1.543232670747552993e-01
3.771580227315222134e-01,4.109027271715105512e-01,5.180791624755191060e-01
5.724981685941425980e-01,8.002642312312203687e-01,7.130738951726416364e-01
5.730610733173138183e-01,5.395064279926997663e-01,4.299191501483248246e-01
9.902896592001071419e-01,9.567093216689913637e-01,6.942359494057460667e-01
4.412683830697405885e-02,8.836194358649305247e-01,7.010114054562770480e-01
1.088547277527555091e-01,3.666743437275568063e-01,7.501572392839052084e-01
9.754778787602549350e-01,9.185094572390845036e-01,9.665538980084178444e-01
8.141718360081906525e-02,3.228563300722320228e-02,9.975372299748475058e-02
8.267746500404991039e-01,5.010338153559878993e-02,9.589570195037916411e-01
8.219563932770933556e-01,7.730040523461984003e-01,7.814783085604708468e-01
1.933667122491007362e-01,2.661667712863670099e-01,8.055509306576924544e-02
1.709568017911893278e-01,1.311971541857644974e-01,5.739787322398477443e-01
5.667185410143853463e-01,7.567110045176943522e-01,3.133407148633500228e-01
1.266588292025374596e-01,5.552230995458878882e-01,7.915871083520373830e-01
9.486355449519915384e-01,8.598129462030545955e-01,6.253225566462685681e-01
8.911383914005128748e-01,1.884959439533058223e-01,3.224949886950589928e-01
1.523845407885003889e-01,6.061099108420948678e-01,9.441707088945463511e-01
1.883295635074399010e-01,9.771654075365953096e-01,7.081491877403086610e-01
1.046249259218212657e-02,5.087281207466861632e-01,6.610725677334393646e-01
8.636718919378753023e-01,5.863516902989744928e-01,1.590830449192737195e-01
1.431825666664637842e-01,6.589921403456210358e-01,7.239023610600030523e-01
5.207371607042190487e-01,8.633829623544763132e-01,2.438643786771425015e-01
8.426584295312141704e-01,8.679012223285746952e-01,6.133221138953737217e-02
4.636484076033654533e-01,5.214574086009782228e-03,4.931987190273323662e-01
2.823971770630667733e-01,7.021393503694514093e-01,3.835963132965540812e-01
8.415611570356895665e-01,5.570849926929828388e-01,6.865190708297480571e-01
8.329489770224406398e-01,9.976513901046133448e-01,2.264962504314340652e-01
1.196352701049504530e-01,6.376813069211114682e-01,3.809345453856430863e-01
9.005724211827675907e-01,1.464878465741353830e-01,6.532948195643717426e-02
2.842134885392966215e-01,2.275484483012958359e-01,4.800818039135790194e-01
3.921512591328374375e-01,6.967320282041500334e-01,3.182104617382482958e-01
4.638534260150545263e-01,5.668661813947523109e-01,1.817053937307302469e-01
4.745749861085408750e-01,4.599381968240741081e-01,8.860137942592617444e-01
5.228697685619970725e-01,5.378316705420846944e-01,1.210535318130058213e-01
7.980728008466516643e-01,5.637082206236831983e-01,5.536522830574518439e-01
3.036051966215216336e-01,6.457366310684320432e-02,6.244109313493649838e-01
2.585507493463090611e-02,5.794528216049215086e-01,4.268562129985499221e-01
9.284342741077776795e-01,1.949139371780153063e-01,1.399283311503661809e-01
2.967107509358996031e-01,6.735099941690075864e-01,7.130783268343902082e-01
5.447065236351816830e-01,2.558009290569158711e-01,9.566722955005848572e-01
7.575695087794827032e-01,7.738028989341513286e-01,1.134884482273499362e-01
6.599929255577685616e-01,7.742595751799244974e-01,5.204408905590551804e-01
5.063924358000615467e-02,3.937295495811958812e-01,9.994100899558187034e-01
5.741103062432468818e-01,8.996689551691045006e-01,8.892713373420755296e-01
9.301517065899239656e-01,8.687620509906868183e-01,6.794825941041723327e-01
6.126360483304673643e-01,1.972694655969109423e-01,4.042624368908936949e-01
5.401404847294831724e-01,4.050072649140747938e-01,8.044515048616931452e-01
8.133022602620021413e-02,2.486240838015948418e-01,8.972133334830356688e-01
1.829205777894091778e-01,3.128903213788097881e-01,9.809941617844999406e-01
6.368375692519545606e-01,8.658267111787029124e-01,1.629556106277874061e-01
6.874337434986854678e-02,7.630066087965575727e-01,9.860135893217487624e-01
2.448350203182068086e-01,9.204645457632240069e-01,7.617519955182326941e-01
4.720722414253752941e-02,4.098414163545550659e-01,4.493312313790059909e-01
3.988167432956762903e-01,9.777033193258402033e-01,2.571532698986582766e-01
8.166494508105940353e-01,4.408203230798648509e-01,2.030585341196304849e-01
1.978566155740563159e-01,7.774630522214008854e-01,9.106688944748253522e-01
2.033120098566456591e-01,2.364208335544146777e-01,9.264832254835538849e-01
1.056819742389804029e-01,9.877731595696555011e-01,4.123135634487626877e-01
5.785514530763128382e-01,3.669667457680033662e-01,6.652065457709923635e-01
5.296673157678719601e-01,5.368578784116799785e-01,9.417882854087701316e-01
9.705300193384212015e-01,6.786039122665469270e-01,3.002736854783212284e-01
4.005188266368221450e-01,2.894496510757924579e-01,6.711631194589144922e-01
1.171986672912674887e-01,4.132817815056155641e-01,4.962272628107126105e-01
8.132449127701978364e-01,4.655247546152141425e-02,9.705544564397750040e-01
4.532988528088133240e-02,7.177556881990747595e-01,5.298731457370285947e-01
1.761770011113862333e-01,2.481516298297150591e-01,4.143247880301075270e-01
3.888025400896666373e-02,7.736852362764927715e-01,1.791657873583641924e-01
5.885053037240542961e-01,1.639649709898427510e-02,7.944213458191279331e-01
1.671832739318686034e-01,7.124878861936504437e-01,8.208370229473791468e-01
8.619670333867451850e-01,3.772512526812018541e-01,9.903656948144866634e-01
8.793666930209719235e-01,6.735033342258294198e-01,2.574986580351331655e-01
9.749998711005725127e-01,4.898994494175342718e-01,6.422516598279368605e-01
9.575895761684910523e-01,3.234430850079778041e-01,3.017608635454309685e-01
2.007813281704118324e-02,6.411017301633811227e-01,2.240775093341605961e-01
1.434723908525147307e-01,5.124213470129712622e-01,1.381658820720982339e-01
3.370575986018620185e-02,7.183212658537501127e-01,6.024672451966200937e-01
8.270593111271918874e-01,4.301326053703458108e-01,9.460191837814836413e-01
1.519407148934702745e-01,9.695956234987002098e-01,7.608123820475700683e-01
7.770576348264658373e-01,5.314062041772676936e-01,5.414821951167784198e-01
3.361173611177703524e-01,3.098797518683583663e-01,9.754107684778611231e-01
1.640312847352616288e-01,5.145220589700955083e-01,3.415753322831334149e-01
6.468247243484758213e-01,6.926418750155668436e-01,1.878279170744312498e-02
5.066248108750975865e-01,1.028315533095902623e-02,7.544111021006646434e-01
8.799540508340704115e-01,5.998958741000252060e-01,5.214209138406713517e-01
5.808575101181000511e-01,9.036128244899859219e-01,6.717523217424917759e-01
4.876262229969621220e-01,5.797766929278764803e-01,1.388539853082492170e-01
6.016163443692386092e-01,9.930790453644811056e-01,8.154376774190711386e-01
4.921706684111943897e-01,3.148320090563595519e-01,3.861323683262800621e-01
4.382701338028216487e-01,6.521721582264266015e-01,9.548956234664468523e-01
8.931374369656319701e-02,6.334418667576954265e-01,5.532860518905351466e-01
6.881987963653203311e-01,2.039206639628269313e-01,8.237880744222847440e-01
8.661904766540453604e-01,9.578578751123085766e-01,1.397388047172003489e-01
3.997660365618421752e-01,4.403637975237530977e-01,7.378459947795475982e-01
9.190369432050571330e-01,7.125124968527579705e-01,5.578462987828727293e-01
4.729928780971771607e-01,5.933866796562248247e-02,2.215575551043093006e-01
2.936968711052720948e-01,7.949938263985200093e-01,2.359148480645810730e-01
6.067752248138537086e-01,2.939060232366975667e-01,7.784619283775396914e-01
1.779421053787395568e-01,1.303563185288804105e-01,7.036708882957931621e-01
8.142268190734820443e-01,4.438236716398088477e-01,6.461840527398821088e-02
7.562968633916308248e-01,9.437578378597841766e-01,3.541027057273515855e-02
7.620407636671129303e-01,5.248893888655603579e-01,2.211422870400099328e-01
9.498599521729200745e-01,2.572988233891380094e-01,8.351571036430249784e-02
9.070781886203208577e-01,7.957468756121743869e-01,2.791264160383072346e-01
7.561439298757026695e-01,5.883862943235862453e-02,3.612686456625405773e-01
2.507517998633405076e-01,9.554645425738442777e-01,7.792289976020719822e-01
4.135187278733992722e-01,6.360743942642116400e-01,4.477558928830384088e-01
9.783708316650228110e-01,4.386025182785746601e-03,2.360178553334185692e-01
1.155092801925142743e-01,2.936182397698829938e-01,1.854086043522712446e-01
5.951475157267174243e-01,9.002551343101695691e-01,3.681400490087270994e-01
5.410379682090049602e-02,3.339011847618015283e-01,3.019567768509767713e-01
3.169092266483815035e-01,3.858619936346279200e-01,2.694659690904374072e-01
9.424897411961867810e-01,6.589242843017226736e-01,9.786374045442594038e-01
6.778767119241314587e-01,7.925261443574674880e-01,7.172070845768439007e-01
3.425375305459088526e-01,6.925256557665183665e-01,7.638896445548748471e-02
8.874691368881851838e-01,4.220686822273755912e-02,4.685691588600549018e-02
3.577274665228326045e-01,8.736452705741279967e-01,1.269191486928359369e-01
6.921735907850864455e-01,5.096661318303726818e-01,1.435592028572614254e-01
8.601387456980111867e-01,8.938394085991602234e-01,6.249969594581935572e-01
4.460466148941415465e-01,6.366108771046975479e-01,6.312678839747579707e-01
9.892392434086216824e-01,6.153220740668032818e-01,8.906226100066261253e-02
2.949942109405309099e-01,6.756483442823296715e-01,8.929770874072877618e-01
5.880705108314041585e-01,1.485795973401907721e-01,4.418683714382797278e-01
8.442279625820965361e-01,5.347193951058213379e-01,1.141433439996593080e-01
5.311048678311091065e-01,6.686233603779639934e-01,7.864621638240056889e-01
8.173408137769128112e-01,6.946354645862587995e-01,6.985100429056335658e-01
8.200693829029478410e-01,8.931472667824589262e-01,2.423119357512314442e-01
7.447360952351022023e-01,9.033448628251152801e-01,3.227910282732615599e-04
2.058028191506880988e-01,1.956364390138531917e-02,2.543632631586046910e-01
9.354117600281662837e-01,7.466309228987392244e-01,3.437352736476784187e-02
9.681443338864091919e-01,4.807610631656268341e-01,2.261551657914645519e-01
6.413471347191266325e-01,4.275724786505825659e-01,9.280800378696796304e-02
5.851691303992103688e-01,4.125660995349389459e-02,3.895828171894637482e-01
5.151418837991244004e-01,9.360851944197146057e-02,1.745964879252235313e-01
1.425671913747686981e-01,6.395403970629690571e-01,8.710201396219267034e-01
5.255409652770894890e-01,4.244609340847500523e-01,3.598015233566033144e-01
9.765796683781247101e-02,5.071753203999700421e-01,9.496698834335258743e-01
9.948847378727576629e-02,8.494540724654174868e-01,5.015835560457604370e-02
6.495728464605383667e-01,8.331947205098231279e-01,6.125306784383787173e-01
6.317593626693640552e-01,6.031671879063790209e-01,8.644002488683010244e-01
7.327998999075409081e-01,5.163794924415885390e-01,8.393025975387736759e-01
5.323821974279130398e-02,5.563445467974740266e-01,1.547123339250764396e-01
9.003329626744410730e-01,9.953589712389732114e-01,5.856560201470789595e-01
1.392990050526823342e-01,7.731329042911516680e-02,7.776531788514260413e-01
6.173567564738635660e-01,3.469830965254951938e-01,8.854886245482193052e-01
5.421353650175433359e-01,4.852426602746919837e-01,6.409056110003277240e-01
5.616462095538898858e-03,9.950476779652930315e-01,8.283986641606453372e-01
6.324515301434402437e-01,2.098342612090092763e-01,8.551990539855233164e-01
2.797082654679905467e-02,5.286491686837263559e-01,6.454525134373145789e-02
2.926652765715115345e-01,2.715904552722353538e-01,8.987333170391526016e-01
4.775224998158212886e-01,1.516738845426036653e-01,2.642210042269634851e-01
8.990036244924823894e-01,6.276743837917064806e-01,7.654000021193643200e-01
6.180032586696999619e-01,8.016274855499596619e-01,5.457646701706478920e-01
6.679634597030503773e-01,8.573879014785745767e-02,1.591745131141175662e-02
4.940320179502510900e-01,5.577319931949037413e-01,1.385250218711439052e-01
4.312541286158945164e-01,7.327986515744283613e-01,4.176376459207248315e-01
2.026604382464648468e-01,6.245930355037750958e-01,4.335203559935492112e-01
5.219151857063530908e-01,3.829736128659626537e-01,1.682229580768322963e-01
6.599828780875738321e-02,8.114970196685310500e-01,2.691591512835389555e-01
7.737672273362059538e-01,7.218341763883433515e-01,2.531723879326213122e-01
6.561904898142911780e-02,9.616117975413196461e-02,5.315315668194058318e-01
7.025165286176295876e-01,2.911513142895958417e-01,9.914075277182510249e-01
6.075749168609555495e-01,2.491386880062285147e-02,5.239525474214241640e-01
7.873318972202789645e-01,1.920085898780623523e-01,6.438883984642900238e-01
5.351917046581015081e-01,1.401869903001077278e-01,7.954818433089619889e-01
1.645202392382960621e-02,8.751079949967180971e-01,1.113806066255218497e-01
9.492493939959576466e-01,1.888836318525642932e-01,7.657075075036212652e-02
6.132483560675011658e-01,8.948584386355656894e-01,2.653661609179248648e-01
3.586829415673109533e-01,5.774738941594073083e-01,9.056874298021621028e-01
3.500648221061557486e-01,2.115766633012382547e-01,6.042211206242181776e-01
4.913776025744376330e-01,7.092178707112083424e-01,7.541391521037130730e-01
7.824014745871015197e-01,5.400328967136341918e-01,9.861144689894247861e-01
6.738005470817216569e-01,8.914151203291167391e-01,6.579255971095311351e-01
5.285909289669065148e-01,2.293623038041429085e-01,7.199104849782896887e-01
8.748400486324856562e-01,4.289993815461882187e-01,9.377957211870467935e-01
2.141684938340939759e-01,1.427011415387926530e-01,9.966987896244804412e-01
5.655780604867544081e-01,3.126944196888034044e-01,7.472104922160963669e-01
3.214267299059090366e-01,2.412376510310781930e-01,9.905908898863097223e-01
7.624985561188101224e-01,2.848215221776084771e-02,9.108976585434511719e-01
9.900849884472742168e-01,5.733486678519221780e-01,6.724920243053357227e-01
9.906334953393430842e-01,2.302208353092287663e-01,6.540662181694327781e-01
8.557971368736320139e-01,2.512225307418202158e-01,4.453944577320168019e-01
6.142766582742038572e-01,1.065614038212299164e-01,2.100839723926557490e-01
7.696597377949961905e-01,2.523904289841544246e-01,5.406124277238982812e-01
7.628444260216774575e-01,3.312535271031435968e-01,4.976328478997528171e-01
7.175517089637144519e-01,3.209616216300787972e-01,2.217122215505888949e-01
1.869301486827696923e-01,2.758137760082375323e-01,4.772229623133262821e-01
1.350696785003886458e-01,7.882015053914738223e-01,5.420884680469374439e-01
2.783728271694030365e-02,1.438804917695415408e-01,4.404980334181394230e-01
6.900491859228279345e-01,7.270602922725403205e-01,9.598342094137353175e-01
8.129918246029081974e-01,7.780696511078293298e-01,2.588777113831197685e-02
4.973513407806985365e-01,8.335372392324732482e-01,9.093519703267766152e-01
7.196063630131271927e-01,9.598431038758203915e-02,3.526266338608737838e-01
2.243166432291332502e-01,6.647605107210944331e-01,2.272138050914499496e-01
8.032446633680583314e-01,5.033700016512113740e-01,9.532936009516896902e-01
6.645529899704718524e-01,8.966784352061831775e-01,8.633437341821462718e-01
2.732395617394786091e-01,5.508467981274650649e-01,2.037395521282282518e-01
1.982484116689479103e-01,7.433466411046575351e-01,9.216377292106257002e-01
2.946775061675497298e-01,9.287072319547320376e-01,9.409194965321109327e-01
5.422265187566409628e-01,4.693483829251933193e-01,5.198825665418632669e-01
1.991430606399473557e-01,9.233662469114429783e-01,7.504429376217391923e-02
2.092199190648313945e-01,1.234605725677827559e-01,7.645965298108770014e-02
1.326076191925007475e-02,2.493968371887592683e-01,2.016449878723314271e-01
2.597390117583391334e-01,7.931474271932572595e-01,9.061019354364732159e-01
5.733210356803696284e-01,5.869355586859477114e-01,9.223541553439315033e-01
4.294813691494154817e-01,9.574237315710110163e-02,4.848301539702791763e-01
9.319437780025137119e-01,3.285738555045198961e-01,5.322954700585637022e-01
5.915038373818348738e-02,8.881880117645314376e-01,9.169583755627360722e-01
3.726431486203671817e-01,3.542791185381188868e-01,2.122214778799562662e-01
7.754316492129398330e-01,2.401105325699269821e-01,8.225311659437731793e-01
2.747969989558767256e-01,7.152694080956811806e-01,3.258153158181809061e-01
8.662950451369303417e-01,3.682745151867603539e-01,7.095232902713463075e-01
3.234546018546308188e-01,4.255978086649401249e-01,2.152829372863307444e-02
3.546733792876382019e-01,2.432396926183499897e-01,9.270365105628167735e-01
6.086946394388528248e-01,5.739955201687555464e-01,6.605427787016558971e-01
4.591273841267686784e-01,4.557911044809042078e-01,1.337574112390760295e-02
9.564374493955212220e-01,4.051274138453139217e-01,7.756855701074960585e-01
5.100577729510571423e-01,5.468423787579648199e-01,1.418900104061899814e-01
9.141344964195116107e-01,5.005391111693779926e-02,9.545440534034773661e-01
1.576754863891309810e-01,1.066807544650661965e-01,9.823904004598211781e-01
3.922489388697458779e-02,3.769837478807142039e-01,2.770395436981898385e-02
1.611171870888712387e-01,4.253756186956336727e-03,9.891436122816423815e-01
7.244371961633100376e-01,9.737850904247812300e-01,9.307780738023848643e-01
4.850693247227596538e-01,3.380774964248022263e-01,9.402131314699863074e-01
4.275574735848494123e-01,7.809671117858574263e-01,8.180255079256794071e-01
4.035484533150838216e-01,6.460203643240458593e-02,5.333330623472333221e-01
2.042571460782608428e-01,6.665995601173336782e-01,3.917240360203300131e-01
1.742512365564021781e-01,8.734445517914509738e-01,4.223093560473428765e-01
1.324973258702982770e-01,8.148771861481339807e-01,6.472900048058101152e-01
5.889498793232218476e-01,2.037892155593667987e-01,5.197335937808277295e-01
3.447922505205799348e-01,6.357831064122552167e-01,4.568214311375494718e-01
3.784825130199639398e-01,6.221154534876696118e-01,5.033963311185961631e-01
1.225599871771514415e-01,1.898448136770822803e-01,8.676777587010573445e-01
5.488662473041755474e-01,5.311397369607119279e-01,9.099619865756644055e-01
5.919079324132963116e-01,8.467463412403194445e-01,1.994771617484012438e-01
8.528532007855654795e-01,3.430727654585695729e-01,4.458304040545569835e-01
4.555640339648703296e-02,6.227076609760119341e-01,4.291964921633800722e-01
1.358137549997175952e-01,2.626390456197645884e-01,1.236402081382206308e-01
8.212869306417556192e-01,9.894133994287466205e-01,3.243939107127556953e-01
6.123518791423799845e-01,5.149692837369307385e-01,6.415135329927268426e-02
6.220694231841312760e-01,6.244337821011477496e-01,8.306988711623415345e-01
6.590075841309761540e-02,1.811486468924587978e-01,1.343055085377252711e-01
2.751648538991975368e-01,1.006035369007581837e-01,4.183082130833293277e-02
6.307355619164930483e-01,3.757255096240145198e-01,7.779195876635169871e-02
8.681627793184143460e-02,6.591830016769348877e-01,5.505979434453691646e-01
8.444907094954553495e-01,5.832121927846675158e-01,7.335039696194267655e-02
6.188189754488265804e-01,7.757048161636326267e-01,9.278482433644796856e-01
9.172333111165209552e-01,9.647890513991190797e-01,3.248239550483048577e-01
9.297068294712420577e-01,8.800628606475915383e-01,6.522628157403858040e-01
2.289659227986762247e-01,5.222269644743026129e-01,5.726936657014328746e-01
3.261364963358515112e-02,2.807194865782853821e-01,9.626713156121077253e-01
3.033346771134898257e-01,4.309974887519391062e-01,2.333126499609595728e-01
6.621700429577925817e-02,3.199785029399674352e-01,2.990164963694581512e-01
8.000398173160051529e-01,3.407797294402428179e-01,1.941464638605655546e-01
4.646848693593361723e-01,5.927640553676927215e-01,3.433136453033472923e-01
3.367265058041423176e-01,9.665796567213922330e-01,2.505269720761195140e-01
1.905851251167296478e-01,9.609461133473062855e-01,5.145975994280697075e-01
5.591516181165750998e-01,9.666235932030536881e-01,2.357472854935396267e-01
3.929122148612769205e-01,3.615120798738997721e-01,6.741092948430261744e-01
2.724105628152692082e-01,4.983819632180460646e-01,6.675325024108403893e-01
4.204915498338435143e-02,2.518136435959805741e-01,8.076262331550529971e-01
4.121679341415067643e-01,9.730417386551502013e-01,2.069673774146010281e-01
8.155437271749167438e-01,5.312017418895986776e-01,2.394307478308290715e-01
6.398268254886736450e-01,4.649894468432341776e-01,1.744333156623237846e-01
5.022441055783412045e-01,3.582162190237980770e-02,2.059192693527902573e-01
6.195530200937456877e-01,3.308031205460471025e-01,3.591635510582781299e-01
4.937328160634262275e-01,3.057144426767495204e-01,2.943842588622075374e-01
1.525191828698794216e-01,9.552949101316566827e-01,8.824541871490942935e-01
4.595494994752715723e-01,4.334212420305194602e-01,1.456137666303957134e-01
6.639727847792659121e-01,8.879929608674730357e-02,6.929466684043903424e-01
5.493480871240814523e-01,2.496593857155455787e-01,7.965244060687917127e-01
4.455038637937480672e-02,5.719220203145284342e-01,2.689194930134549688e-01
7.615879696255891673e-01,6.012864177307947200e-01,9.543057962933975125e-01
1.615932642248997242e-01,2.017578382449255470e-01,8.926770395452882090e-01
3.328946205421695614e-01,6.232013408811997168e-01,2.147783872942189420e-01
8.264483656778831566e-01,4.985255492349462969e-01,3.269619989743181021e-01
3.245267461511941454e-01,8.058804362150204792e-01,6.118264697553902343e-01
5.967614840509067875e-01,6.842803890893129903e-01,6.142240495986461823e-02
3.505876411160894213e-01,5.757574991412922616e-01,5.655618307911118858e-01
3.748455392260391372e-01,2.766671127035997824e-01,2.279919059053481245e-02
9.742998814353905912e-01,3.752624244380979857e-01,2.704943493233563645e-01
2.902010089888054090e-01,7.248683052956040873e-01,6.407313160873391311e-01
5.565873448323986894e-01,8.952116861758548927e-01,2.469309444622076466e-01
8.272483796081619989e-01,3.633924177895503371e-01,3.144482395480870940e-01
7.024551227828380595e-01,3.087293896509828439e-01,3.700068126200107832e-01
1.414976597439702166e-01,4.901938640932150815e-01,1.218705223845444330e-01
9.802471218003210307e-01,6.465909183626485923e-01,2.093883479969403938e-01
7.895861995982854653e-01,5.187632829759539765e-01,7.855639387514502525e-01
5.627219442408560868e-01,4.092802642964131765e-01,5.039063599984351383e-01
4.126819960970885548e-01,5.065549110946910849e-01,1.857383247804623716e-01
8.690822786362403241e-01,3.504494958190347287e-01,4.794085768257694280e-01
6.948309616288116386e-01,4.494096151517071869e-01,9.780158091543718069e-01
2.956317058003312681e-01,3.072477534211648376e-02,2.228435874847152220e-01
6.502971035166439373e-01,9.203823177850425363e-01,2.574431314934961801e-01
6.338152124292169010e-01,7.484757538406429100e-01,2.547504464846817029e-02
6.146934206692952207e-01,8.878405899154537817e-01,9.230983322857403417e-01
8.799342622553889548e-01,9.902186629777531834e-02,6.273651875957297896e-03
7.036898241471133408e-01,2.532799148376108089e-01,1.004576995636629055e-01
7.883598352618470528e-01,4.578914061393710710e-01,6.392723150022971979e-01
8.594830453075922305e-01,6.288818955111599163e-01,8.975824757481123406e-01
9.254857709405616140e-01,6.516298007146683613e-01,2.379830495220902620e-02
9.763161559381596799e-01,2.004276352421424656e-01,1.246178406871374378e-01
7.131059452349906014e-01,2.722060147277259867e-01,5.883272880467923516e-01
9.399602522791503656e-01,6.627216934276485283e-01,5.531591542508953463e-01
1.225664583738267366e-01,1.342819023186374583e-01,4.256662786344861393e-01
7.304262047499795463e-01,5.113150375522935720e-01,9.645821408800621111e-01
3.950007880654279324e-01,5.129235002122205511e-01,4.202215739066191835e-01
8.415521709937346939e-01,7.989870437182966523e-01,5.459151406774493953e-01
2.096203515133474582e-01,8.363730280335360812e-01,5.368138575850339711e-01
3.101257738340668091e-02,6.113578319052009880e-01,8.802581663380943944e-01
9.563760989336824725e-01,7.433742836973592505e-01,4.549321767487415347e-01
6.656523688637049352e-01,7.535509445996680933e-01,1.360080277998986231e-01
7.639857644731371522e-01,6.248357150489437517e-01,1.215818985825527498e-01
8.860137714143900833e-02,9.752568145503410779e-01,4.700342937353756412e-01
8.159878389644662500e-01,8.875580463103834861e-01,5.118623401960437080e-01
6.638560584346286930e-02,1.213156249623190686e-01,3.728296615764425948e-01
1.155990044411091544e-01,2.251159677353606892e-01,2.119130837283595969e-01
1.631857138133195884e-01,1.194354766715788330e-01,2.929993645080247733e-01
6.404217188810978900e-01,4.993854899027686534e-01,6.564600327420557768e-01
7.243505673687249402e-01,4.340523640652325099e-01,9.969997684004404670e-01
