1.720212078772470621e-01,1.433333678091341934e-01,7.034567060530267923e-01
1.816544865214148041e-01,7.084937735107307288e-01,8.001481634520130060e-01
2.399797724495510431e-01,1.900654552084316551e-01,7.742518370325134347e-01
3.011535834351330987e-01,8.256307862958129906e-01,8.859832011536480367e-01
3.736700358975795222e-01,2.135287998894677131e-01,6.207553572202656467e-01
3.511223303282506869e-02,4.532680348572645235e-01,1.123483694690663448e-02
3.990507171490356164e-01,9.161322629419399455e-02,6.291666902953463314e-03
9.801074307729182866e-01,5.652956720537256619e-01,8.762162415532642745e-01
2.678469115597259531e-02,7.159100397957023354e-01,7.787529858174963016e-01
4.410918313904608201e-01,3.055118329565458257e-01,3.312061906795831234e-01
2.821630632129402683e-01,1.471476183638451563e-01,3.743623771796238398e-01
4.997129443414374261e-01,4.656816297291872520e-01,4.310329813379369934e-01
9.382268396296991053e-01,1.160069461120630807e-01,7.516567000099958484e-01
1.207821493771258359e-01,4.127492791706545150e-01,5.592165667608453017e-01
7.828237127008438323e-01,8.772862411122842596e-01,4.372172595663220696e-01
2.965513379171084152e-01,7.391897475911087811e-01,4.431470606253858913e-01
9.870435675486930460e-01,6.908518147114284247e-01,1.353347428169111577e-01
3.706242162301017773e-01,3.879366741161993648e-01,5.792024449875115000e-01
9.593431333528137372e-01,7.357738378194157436e-01,7.693574382310287563e-01
6.969745971913330340e-01,5.004372630969255997e-02,9.756058761987373984e-02
1.246717870504615577e-01,7.904842965458136472e-02,5.879727861545895884e-01
5.455155197661152311e-01,2.870331225314937118e-01,9.076559240584890498e-01
4.301399670323354796e-01,3.310971707320863322e-01,7.698558773070539596e-01
2.383897264545299377e-01,7.695669948868887333e-01,4.838572064169635034e-01
9.964154932734862191e-01,7.892123135675874757e-01,5.493444613795863685e-01
4.810089233721297486e-01,4.620016811442468896e-01,8.010292666629740266e-01
2.116096656387880248e-01,2.086578273182266852e-01,3.049687391479406484e-01
4.861768514152579046e-01,9.604132060873935561e-01,5.402645348782049162e-01
2.098848206685995921e-01,2.816696113830453596e-01,1.952692550398309468e-01
6.745129807807522804e-01,6.566758942379262720e-01,2.136860102321608279e-01
5.854761403165675837e-01,4.774668485299131682e-01,6.971414906628430330e-01
1.610616396215580615e-01,7.200661817453832825e-01,8.743013731742551586e-01
8.341731297177129578e-01,1.829946543699185746e-01,3.218006821341863333e-01
8.178362096348239518e-01,8.672881713482738508e-02,1.272133964328150402e-01
4.679267964162214799e-01,3.466865701864978444e-01,3.579251057098370437e-01
5.372100523187609555e-01,8.600755551546878097e-01,9.601136813906547829e-01
6.242356293184395666e-01,3.289212298094768006e-02,5.166245872353073532e-01
9.341546681061606572e-01,6.983097552961309296e-01,3.487522309690709310e-01
5.902891181888675343e-01,9.698992497123519740e-01,4.447169842954813435e-01
8.901458378704376617e-01,9.947835817233448008e-01,4.629663503510699218e-01
6.242692921954065000e-01,7.508110369025156050e-01,2.458560269486608219e-01
3.930703255586703859e-01,8.038263772195903822e-01,5.887615655701676776e-01
9.238209254828044781e-01,7.746670563217084027e-01,8.224325735741424559e-01
5.283882639480159682e-01,4.470998785527051655e-01,9.363546469658098337e-01
2.287916294243214077e-01,6.808871322299732132e-01,6.902049795089930662e-01
5.816115655666365125e-02,6.364044578148326803e-01,7.632361907212278362e-01
7.265390161686168247e-01,8.199658554726877435e-01,5.308214083786615411e-01
6.025128381900850538e-01,1.850398934335557577e-01,3.007846299121019751e-01
9.806485727850831058e-01,6.637230331101600100e-01,6.629257663372560838e-01
4.921797693252653039e-01,2.446071951386106225e-01,2.412832373566671240e-01
4.913880127735811287e-01,1.982044172267879434e-01,3.531576642834358681e-01
7.555326010327382269e-01,2.359927584170370407e-01,8.486175298226515951e-01
1.871040580562161049e-01,7.482845360873809915e-01,8.479869422746321161e-01
5.603200132017068791e-01,7.156244242461838878e-01,4.151538374514861518e-01
8.966270269227769596e-01,4.033658092321524835e-01,9.291042378178133720e-01
3.129933540793603530e-01,5.423221729106185718e-01,6.713800419447124579e-02
3.137178598456000778e-01,7.936409492220100059e-01,8.111037715281326221e-01
8.406373248874995374e-01,3.523097854692280873e-02,7.854703966397824644e-01
1.080349711375205857e-02,6.690113482282881163e-01,7.359998487395768008e-01
2.226356396587410025e-01,5.317233259782255805e-01,3.519512178432112615e-01
2.010927967721609644e-02,4.310077878154356945e-01,3.876709777943134760e-01
7.673195364048718270e-01,4.869961559257670602e-01,9.134433544788927994e-01
7.448090349164581125e-01,9.065907767345837698e-03,7.476544472312793843e-01
2.387039912115288542e-01,4.550922822790643973e-01,5.391969916104495386e-01
5.030913249588531144e-01,2.057582707156523361e-01,4.198155461485113538e-01
8.743118818896242761e-01,3.289053147706603175e-01,5.371271184690691314e-01
3.623212817527897700e-01,5.497855984436698096e-01,9.007206945026539069e-01
1.975826375338662899e-02,9.055299383984334316e-01,6.714594864264200602e-02
8.087541432126899021e-01,6.474540163100899193e-01,7.953581551901814928e-01
3.271910380002088781e-01,2.868607002487205682e-01,7.141619173496659423e-01
4.560338813186769480e-01,5.443483278861399599e-01,7.381317766815855830e-01
5.430442650378862757e-01,9.287492295027061084e-01,6.137093904798330835e-01
4.708247852860698579e-01,5.265024285841690688e-01,3.136654895416369770e-01
2.220898676489850843e-01,9.632333077637600383e-01,3.431515037925165768e-01
6.913545026389478210e-01,2.690351648283888508e-01,3.168370980678174575e-01
6.130629268697941336e-01,2.394600441639105348e-01,5.563986245635840211e-01
8.564315278473949578e-01,6.285616320056297557e-02,8.446553216767308525e-01
9.837836417135678024e-01,4.743929093027873245e-01,9.672443774533986405e-01
8.182256387256945374e-01,5.749305241422768553e-01,7.580596067293543516e-02
5.740994561636063587e-01,5.126073438969791507e-01,9.592350312035395898e-01
3.263896911919194066e-01,3.313940817047897891e-01,9.569321319118124780e-01
9.239950459823875750e-01,2.337069474460453655e-01,3.613617048808148713e-01
5.945811588472673659e-01,9.587643100328093748e-01,6.055119834119055966e-01
3.045750668548109497e-01,8.210124742732238801e-01,6.563753715897047147e-02
8.170511360024702574e-01,1.663808138144565740e-01,4.009727018925701714e-01
3.659353189333168777e-01,5.778029203941019709e-01,5.307188497210280076e-01
4.951208287042481171e-01,7.896947062314261245e-01,4.905461561614635757e-01
3.299599587192765249e-01,8.027986730738440047e-01,2.390639135653527259e-01
8.572875687313414872e-01,3.589307860607067191e-01,9.269691521010235968e-01
7.995237028134646318e-01,7.044019597286345080e-01,1.708421022334638550e-01
6.497962081516783783e-02,9.950115496088842715e-01,6.007782393132945487e-01
3.352104252714869226e-01,5.643905252325367439e-01,9.324569912626192725e-01
7.502213733473219737e-01,1.946159143350406628e-01,9.414976081623687154e-01
3.218977682680611574e-01,1.713647255153846194e-01,6.319153906213343941e-01
2.395785751720830303e-01,4.523323316028321495e-01,4.735388675051565022e-01
7.917073439971683557e-01,5.770840491702117214e-01,7.281833954987093627e-02
7.583631125379396432e-01,1.096450330854870092e-02,9.569622361315753833e-01
5.281778666287868518e-01,1.012772436758632155e-01,6.391866083507986573e-01
6.869344123528153823e-02,8.427773569867137438e-01,8.382622957333990543e-01
3.162318314506664674e-01,2.743409855568896827e-01,2.355513819793085828e-01
1.478264662686684661e-01,7.927215563775869001e-02,1.972739375467195133e-01
6.947723223333830411e-01,9.307879080177684505e-01,5.429458745365995931e-01
9.584276635059590932e-01,6.029422825230449368e-01,8.544048268430587401e-01
4.327626311512328128e-01,4.912081202831353188e-01,5.395167101915206986e-01
1.306519731832914699e-01,9.337160663108809988e-01,2.491659162396698823e-01
6.979347990810290669e-01,6.504218105403188899e-01,8.209105361493843622e-01
4.137305519027513201e-01,6.873266451114806719e-01,8.506520993323329893e-01
2.434211904705877449e-01,1.447512942138657888e-01,8.982990537935412467e-01
7.605779047488818723e-01,1.010617139800559228e-01,3.108515212390076110e-01
4.055244965113830036e-01,5.040444051950786486e-01,1.382396772251814898e-02
7.860418888063458454e-02,5.295453657961939342e-01,6.053238426859350874e-01
5.337520779193544174e-01,4.808228301135870630e-01,7.079762717117495940e-01
3.227283343192907106e-01,9.167978156186556982e-01,5.151086464018378441e-01
9.926034963416375811e-01,4.497914188192481122e-01,1.745695265926549000e-01
1.524258842918020385e-01,2.513149578265705397e-01,9.738609596766809595e-01
5.814059659376776823e-01,5.704538167781336711e-02,1.594049758080984258e-02
4.873077723458195676e-01,7.892125010409517527e-01,8.107544483739664853e-01
2.383044630900656990e-01,9.370079390738618175e-01,5.578606876890778166e-01
8.494120452187593484e-01,5.800478010908526327e-01,5.717632523094102748e-01
6.575047978296089113e-02,5.198008772742178651e-01,1.893750049213738240e-02
9.259470167778194316e-02,6.630357544382209367e-01,8.197556894534234750e-01
7.698545225683273152e-01,5.180927139636815060e-01,1.534053919886216866e-01
7.347983686016028582e-01,7.552125081891148950e-01,5.793951453615698854e-01
9.360591799021862336e-01,9.941107980783592257e-01,8.783547770695843138e-01
5.001576223357728779e-03,1.026716002267069605e-02,3.673542882124081199e-01
1.672667237513222327e-01,2.219616475677443912e-02,6.843796798325313402e-01
9.583286323061339651e-01,5.797508847700567625e-01,4.055481461557597367e-01
7.412288498782483304e-01,3.057151251957099802e-01,7.183104819034724642e-01
7.131657917456527551e-01,6.275224998471522486e-01,1.393095311359509036e-01
4.125923609148892668e-01,9.840320730848400865e-01,6.849063595216601241e-01
8.133069629214004781e-01,8.453973974578442574e-01,1.609058909766323264e-01
5.368043823175865370e-01,1.559332580588433936e-01,8.415415383148783235e-02
3.979682266412765124e-01,7.744891924114366555e-01,7.936930226320104698e-02
4.830785040035944222e-01,4.177588800609426389e-01,4.685527000653810781e-01
3.182576379824209045e-02,6.472341072296607933e-01,6.973087557723556262e-02
2.783787777991753032e-02,2.006869605555627878e-03,3.199357570191895261e-01
2.793067137557165847e-01,4.771299173396734705e-01,4.565248228100160510e-02
7.840299879873685596e-01,8.292307836203818283e-01,3.101477908451411025e-02
4.251351252063739761e-01,8.597728554517273247e-01,7.743866692373450045e-01
3.969763228143365907e-01,4.127401591524693103e-01,7.802494618494582035e-02
1.227420457441558144e-01,8.178899151944128976e-01,4.347916201578014839e-01
2.606855309787792230e-02,6.526447098792174106e-01,6.398755399380060549e-01
6.977319198045037751e-01,4.582989912128266896e-01,5.618099096073332355e-01
1.629385884539769069e-02,7.965094592924284456e-01,6.085378219795840593e-01
3.649459420208674976e-01,1.219272858208335641e-01,3.002400061791555830e-01
5.830447760377880373e-01,4.638081634737293291e-01,7.992464087041256660e-01
8.340251089541510510e-01,7.115243598348884868e-01,2.879653843867719942e-01
3.921022241942331288e-01,8.482359245274172510e-01,7.519736144104458564e-01
7.502377265764814673e-02,5.908540777580751913e-01,1.641261199551190542e-01
8.358785929104767254e-01,5.021170510267987108e-01,1.613958480300496934e-01
4.549487906717540886e-01,3.578227653617658266e-01,3.133325410651276455e-01
8.909435025000673747e-01,8.229777777966251762e-01,9.609108603034925977e-01
5.848405750437148942e-01,5.358155392548067386e-01,1.212468279593146292e-01
2.691908547682403396e-01,3.193475172059396794e-01,8.711735392786927878e-01
6.415366162522817550e-02,2.826161304833212373e-01,2.713290547815465636e-01
4.071233955443073205e-01,4.260486416770981055e-01,4.187479315141756642e-01
4.815764411284295665e-02,8.387883544754428655e-01,3.101152727907008355e-02
9.497958501451774227e-01,3.489001650749279371e-02,4.931718447159174623e-01
7.245389933120719439e-01,1.414162688612471408e-01,5.018326967436436137e-01
4.122409447550923201e-01,6.565510714355672350e-01,8.301612242452942603e-01
6.562530769173248180e-01,1.203069034575038332e-01,9.975616798238066130e-01
3.132962576691898926e-01,4.971074418166714359e-01,9.555318611309115973e-01
2.357912453687308618e-01,3.776021185329563323e-01,7.437562259004140142e-01
7.400604331674327518e-01,8.588322418345869513e-01,1.073506607882659392e-01
2.324957001292696779e-01,3.083302613752403332e-01,6.023678394072544684e-01
9.246729819967949293e-01,9.589141158583480706e-01,5.624523108525129045e-01
4.458687100798953695e-01,5.618202448166292884e-01,3.229570861632422574e-01
6.963887919403239923e-01,8.206003189919025553e-01,9.875703599393301779e-01
5.747005997082206274e-01,3.604597231297445026e-01,1.157065372626334687e-01
6.299454873986499726e-01,4.167144535883688938e-01,7.208619400437417113e-01
6.195252375266054878e-01,5.867773659462467428e-01,8.481386032573458023e-01
4.409595392254195279e-02,4.204018165597948054e-01,4.051902629014716428e-01
1.830483351641238876e-01,7.448466258204994306e-01,6.502458871393396178e-01
7.817627226008690977e-01,7.544158464393846408e-01,1.921254189159510295e-01
8.952154104477708652e-01,5.234902879625745742e-01,2.006102681483026284e-01
3.125909893362532888e-01,7.438761887505603854e-01,6.950311592923920090e-01
5.627314520543443832e-01,2.640898027875965282e-01,3.758669702254039402e-01
8.783386824873925525e-01,5.237482611250504627e-01,1.643239401462448512e-01
2.921488396115899944e-01,6.322948637710675834e-01,5.501526474585511917e-01
8.329134102039418286e-01,7.480283825620723803e-01,8.247150044874115293e-01
3.784850987107934994e-02,9.382193787736633483e-01,9.088842507879260069e-01
1.412172129339306359e-03,2.604593148644770428e-01,4.029937376506379509e-01
6.098857558688079994e-01,4.336508431281869136e-01,3.018997177931309617e-01
3.981124659469470473e-02,2.846643934324749603e-01,9.995885192467444114e-01
3.011428594708275286e-01,8.642362213401112436e-01,1.320321256225690520e-01
3.254701590430456593e-01,4.384519227969999600e-01,4.745977866125574707e-01
4.381305398259317530e-01,7.894693187360009023e-01,5.777105311968031565e-01
7.277884640562848340e-02,8.645353528077698302e-01,1.836368414583099407e-01
6.344792217475522245e-01,4.359296342136450564e-01,7.273219601635495524e-01
5.162929275353492775e-01,8.013908432561018813e-01,9.168307776054662739e-02
6.817740965910223938e-01,5.195062666008763985e-01,8.288729850955378620e-02
3.467611580971037277e-01,9.322378125050291287e-01,4.156525462839195662e-01
5.113559302016577046e-01,9.855645102891148479e-01,7.489511061325936359e-01
9.788765124878237023e-01,5.718644657594896819e-01,7.075364094098300916e-01
7.634195042628207917e-01,1.068838288768845235e-01,9.568648468920072370e-01
7.451636865183817182e-01,6.859266086835319465e-01,6.615829640309131010e-01
2.443250510471128845e-02,1.882727365849627965e-01,6.032863122511284981e-01
1.498490447816884785e-01,3.740251604223890913e-01,6.621475760561483792e-01
8.426161050117464413e-01,3.862933081094883647e-01,3.573804676666639812e-01
2.732969149051447388e-01,6.194006169673481610e-01,1.102962008750707490e-02
3.109707356039198567e-01,7.018893499073204367e-01,7.052201030882395694e-01
5.643321883388880966e-01,4.160782346107616547e-04,8.821295204939806345e-01
6.336511657734147374e-01,8.499266070280054874e-01,6.130907564908476548e-01
9.415474359740361177e-01,6.943809060405614630e-01,8.624268757795661156e-02
8.461095950102170971e-01,9.428375749535922168e-02,6.507534148642707406e-01
6.651394230536633589e-02,5.087755802218504320e-01,4.114347278515971817e-01
2.577992278734076992e-01,4.591470432131847801e-01,1.618572886494900054e-01
1.765982711437363850e-01,6.001793089837582640e-01,5.276143250648356320e-01
6.317926205165689257e-01,2.051950279207366279e-01,1.422371452549516802e-01
9.693068072440820249e-01,1.976159324117747751e-01,2.455555820735517703e-01
5.364338714423604326e-01,6.483207714434724434e-01,2.893474112463545467e-01
9.856720783456810464e-01,9.204608014177331210e-01,7.036600838138395986e-04
2.419474210442059681e-01,6.646915129031238934e-01,7.139708422180168768e-02
9.800069050782608260e-01,7.194174695851074386e-01,5.498933490047670514e-01
9.493964222960925570e-01,6.006501615975509134e-01,4.151596665482862880e-01
6.560168444240002117e-01,8.632464253260282439e-01,9.431831745773281428e-01
3.215711900349527141e-01,1.494028950358748942e-01,9.549919520814690310e-01
2.053578766234958053e-01,2.820269078912773786e-01,7.723153663751936016e-01
2.175267178686870473e-01,5.014915565950878173e-01,8.711877772985666679e-01
3.688839174144653565e-02,3.046106308679907837e-02,8.140721199640323924e-01
5.890146815289942772e-01,6.570176013405175652e-01,7.239311499293994423e-01
4.338883060933864666e-01,7.971345959898584743e-01,7.211491808761187894e-01
3.969631712920242972e-01,1.779489382166543621e-01,1.854882665469839154e-01
6.648843637646713045e-01,7.896093252244454908e-01,4.459553325830913906e-01
1.672315585815188355e-01,7.289637595008392479e-01,5.682367297881523172e-01
3.483296534962114777e-01,4.518787061795102034e-01,8.404174315626818936e-01
2.142485618639520251e-01,7.797204121305225666e-01,7.135956805404863879e-02
3.273728932119583934e-01,9.455600331002743664e-01,8.142337057356112684e-01
5.111974921654683923e-01,9.310150760509583456e-02,9.118803427556985142e-01
1.180917214213171862e-01,6.418369785102661096e-01,2.084842102278574583e-01
9.664050847488060425e-01,3.663258125693330536e-01,4.141689964382886391e-01
5.641238635410117386e-02,7.912288626029014837e-01,1.842932741326190893e-01
4.122558048664765051e-01,5.987705519363739626e-01,7.166949262308041080e-01
7.773490051634490694e-02,4.548732687018853804e-01,7.630302435444991094e-01
8.315811961892138893e-01,5.871671519011448792e-01,3.424685510098980368e-01
9.131217939904636705e-01,8.170551001749692954e-01,9.345646931456338402e-01
7.813466434998663779e-01,6.955513162775364133e-01,9.238012289293504598e-01
2.878932411387199464e-01,6.790878778600312193e-01,5.127994124588411973e-01
1.898925286407084911e-01,3.139767756705506008e-01,4.666428934312346621e-01
2.655689600759238989e-01,4.736153246837069286e-01,3.667007950415065443e-01
6.437589249633496324e-01,8.867439771306856455e-01,2.961476529913589228e-01
7.538839876374403559e-01,1.497418002134635051e-01,6.551019375905833275e-01
8.310397169539551765e-02,8.529146669588321128e-01,6.319789963378013020e-01
8.290544093112801605e-01,7.722502601335597960e-01,7.359880909742726462e-01
5.263026990172238184e-01,4.425202230749272214e-01,8.707424417709270781e-01
5.685336749428766545e-01,2.925908766235579828e-01,2.302526477353616929e-01
9.376536043182365221e-01,5.145331651955601382e-01,5.049835106948094010e-01
5.334064453784003179e-01,8.470700510958115714e-01,7.385863715399576535e-01
4.790342836392458281e-01,6.567315063444888468e-01,8.661199837406718949e-02
2.199844948743612250e-01,7.255225337947180941e-01,1.177412295818619503e-01
4.004504352190967342e-01,3.599288644626998934e-01,5.059555962389915562e-01
4.172380018234463916e-01,9.302252962288763971e-01,4.666635820042047689e-01
5.869516268462245945e-01,2.445452526424392037e-01,7.011251652363011955e-01
4.546837611643494981e-01,4.774575004498062825e-01,1.313609266662848496e-01
4.632214940250151125e-01,3.248768734017482007e-02,9.047438330388730687e-01
8.378482122593789994e-01,1.160339284577285301e-01,1.364954209786509720e-01
2.709463485725640552e-01,6.741028497477115078e-01,4.344384469649882341e-01
5.857911264693012043e-01,5.992399161249050143e-01,5.530744372373345152e-01
1.968197069672783517e-01,4.427748624592368065e-01,7.292602356264630270e-01
2.035493241836262568e-01,7.409347938081082274e-01,6.613009520074891734e-01
2.693219669529608451e-01,3.748315625415695740e-01,2.185974338956664376e-02
9.828873514402343137e-01,9.574311824079334565e-01,1.506396260483940930e-01
6.527602463743872319e-01,1.740008947066725709e-01,4.645568668279055347e-01
7.351771816614468547e-01,8.254933435086152516e-01,9.196816855963516613e-01
4.503450965174521370e-01,6.859707608951365332e-01,4.261740570627451374e-01
1.442157921559439337e-02,3.730607739667938239e-01,4.083864385876174730e-01
9.522950810244161790e-01,7.756230285273314484e-01,4.905651973198073001e-01
3.798464709793043514e-01,9.360625764242009872e-01,8.524787497448200746e-01
3.839059730580574037e-02,9.307498726060687844e-01,4.430025850442754765e-01
7.718667199858822991e-01,4.553511265222053295e-01,9.151698766615996572e-01
4.003518322652177552e-02,1.810449045148172509e-01,5.120249178692748426e-02
1.283369385225642256e-01,7.159878236762382553e-01,5.471371602294962111e-01
6.049751948532543500e-01,7.650475566549918005e-01,2.862493197932394207e-01
1.473473268098732802e-01,2.753407297972940704e-01,9.234680041639325987e-01
3.342037784899846153e-01,1.462433305985956222e-01,6.759114357780529048e-01
1.172654561438646326e-01,4.962197419144953603e-01,4.885747471501120653e-01
7.906440836143668882e-01,4.416289199851103353e-01,8.376537313124131634e-01
8.260500316340710913e-01,1.352817438977372833e-01,3.780739257044544166e-01
9.223526850801117005e-01,8.662688327746427275e-01,6.112347497729997414e-01
8.005341827514502739e-01,3.426438948694531250e-01,1.572672186403490935e-01
7.528372775859174526e-01,8.856932507912455010e-01,4.671627213498217301e-01
2.343013352502644198e-01,9.911360203942540803e-01,8.533845707273590708e-01
1.233622206653519626e-01,1.080702074063418783e-01,2.550228949156411185e-01
2.195200337213943920e-01,5.459820291231219924e-01,6.861294505336246186e-01
2.191340914503708825e-01,2.249791408505057433e-01,8.833188028875236242e-01
4.280947983709317839e-01,6.671382759858427436e-01,8.429293397986915570e-01
9.777713095451956438e-01,1.127480696414584482e-02,2.357787652231035924e-01
8.584531610608800989e-01,4.110389056262442331e-02,1.810189543474114426e-01
7.964515066559152423e-01,2.548364565679360760e-01,6.700816815310950414e-02
7.221361353688238172e-01,6.921785051439832692e-01,7.275387595789453155e-01
5.889208327655217623e-01,1.031925033676581727e-01,1.621723850471485928e-01
3.040306463881337073e-01,5.527579317067705666e-01,2.136454993012468773e-01
9.429530634457040650e-01,7.594846729008492003e-01,8.284762005785029082e-01
4.109349803942019541e-01,4.311715896667107639e-01,7.601692697518185327e-01
3.267855784681048537e-01,7.895498634021616002e-01,3.257067939549543878e-01
8.868506548695322955e-01,9.966397908032836872e-01,4.555858608893970096e-01
3.332444801749538943e-01,8.825342585705042708e-02,9.202815384597693438e-01
9.077961726514316432e-02,1.066368765333789437e-01,9.350652526485738747e-01
1.675982336819648033e-03,1.179583351823462190e-01,3.010286256772736202e-01
4.077309847988238589e-01,5.707581664776654184e-01,3.284536368751075353e-01
8.596012402091609550e-01,7.932474926546281280e-01,2.241914965254684367e-01
6.922163500486009369e-01,2.979916956876329515e-01,8.568935008693824296e-01
2.663370861430335301e-01,7.238130610229059902e-01,4.251247280394298000e-01
8.764512830050048553e-01,2.418160918582931140e-01,4.046247240069820172e-01
5.616419005214295934e-01,5.163723390043168937e-01,4.344816456160642826e-01
5.210795656927614816e-01,1.635057051940765893e-01,7.250119286853278222e-01
7.043949224146148769e-01,1.617193688557769793e-01,3.511304205205600937e-02
9.007638147963618058e-01,7.356319960932882207e-01,9.625931441796143906e-01
1.787819055713391059e-02,7.643726757080741008e-01,4.841201341953378368e-01
7.235715812426960492e-01,7.772956442304999047e-01,2.448986988006218724e-04
1.864295604896204495e-03,1.039014163358408238e-01,3.596819356624000319e-01
8.117241196754921839e-01,5.325254590996674198e-01,4.671331773242493046e-02
4.579635581282087697e-01,8.438520921501673211e-01,6.193634142158974676e-01
6.157753190929398102e-01,6.831032452362839624e-01,8.913518565541765915e-01
4.418928310425698225e-01,6.002743144529285590e-01,4.472915472598186781e-01
9.914051231091992600e-01,8.165267153664423905e-02,4.286235209791552370e-01
7.312490326140661523e-01,5.894739469855151404e-01,6.251377201238846881e-01
2.290562430292121254e-01,8.244649370629332230e-01,4.464620277142428151e-01
8.641490284766847330e-01,5.364090441839031165e-01,5.581980007938154298e-01
6.886351487151838313e-01,1.417073248150901854e-01,8.808339628900753171e-01
5.258515384904787204e-01,7.212162511777525653e-01,8.822930900711721813e-01
6.756319086261133311e-01,6.058344970551587938e-02,6.347280081734255619e-01
9.685124044409507693e-01,9.786633271718118143e-01,7.995112862827892242e-01
4.483343169692445285e-01,4.532348037188039802e-01,8.076041743371842330e-02
5.751982301081492999e-02,4.565752289423189447e-01,2.376661089759568579e-02
1.149876347717185832e-01,2.243494687640202878e-01,9.581042075385638457e-01
7.882411552368639995e-01,3.911698631717368535e-01,5.787160318276393101e-01
9.199986595484090923e-01,4.446165808521562735e-02,2.139894175738985549e-01
8.406883962333691063e-01,2.862888957773668253e-01,1.707982523193621871e-01
3.809859672289256372e-01,6.159561814017466830e-01,6.968403242719232171e-01
9.123969675446955696e-01,3.962659257401361934e-01,9.828007609508230269e-01
8.232239418190663294e-01,4.522385515934670419e-01,8.176910719891160584e-01
8.751104078225266925e-01,9.570770470220021364e-01,1.634085540485097354e-02
8.101650830040332263e-01,9.179910306470823178e-01,6.007119826747930880e-02
2.437175375176998671e-01,3.411748857877014984e-01,2.280210418774182290e-01
3.230523520013401928e-01,3.749757310476087291e-01,8.118512376134762176e-01
8.196109655875608579e-01,2.516309947368877697e-01,4.520003809501027536e-01
7.411654273385563929e-01,4.015088699232008951e-01,7.970909412186482079e-01
2.925374018125651565e-01,9.643378465098143559e-01,1.157019813252309071e-01
8.876997241274198203e-01,4.440900784679207014e-01,4.176043527694709434e-01
2.445457272690626516e-01,9.992849717619105565e-01,3.529356457813924708e-01
5.222055775791784038e-01,4.548268831225720232e-01,1.401870100477148329e-01
6.971428102388340653e-01,5.424452539922927086e-01,6.152837106584240212e-01
8.236560831157957452e-01,2.244404321504374078e-01,9.148134557553775359e-01
3.937521734981421773e-01,8.509498066262770610e-01,9.775590455693646819e-01
6.236421967541107003e-01,8.811481440019930389e-01,1.618317044745187783e-01
2.216443332043781522e-01,7.618667640371175054e-01,2.724643369403026982e-01
2.053305236162304981e-01,5.585548600946429465e-01,1.658404202597183463e-01
1.260776684645215084e-02,5.219937024870749953e-01,4.555589859899782379e-01
3.113413477332044321e-01,4.784735289091860411e-01,2.782758075308457979e-01
1.958531128674995125e-01,7.243603794931567919e-01,8.483245066015090430e-01
5.351669246096469879e-01,1.876292925113056675e-01,2.141545410990444154e-01
3.637418631569292460e-01,5.677428953554061186e-01,3.111598770579415696e-01
4.112710213747479138e-01,5.894865558953922280e-01,4.871148265569856806e-01
4.306638275875588340e-01,9.512819590246684998e-01,6.219593847920815710e-01
3.768424185121983516e-01,9.342739804679004445e-01,3.686623395259950309e-01
7.838369641003792854e-01,8.956649751129771575e-01,2.769810838097339634e-01
2.234397695481018520e-01,2.084513252331077204e-01,3.387806129049732995e-01
4.598297609592069124e-01,6.936336649889018879e-03,6.191481345066437436e-01
5.621950812128494457e-01,4.134255330613645363e-01,9.270441888499179051e-01
5.446935956962782877e-01,2.765018223051745050e-01,1.806093837200836161e-01
7.999221846294446436e-01,9.330358453999815227e-01,4.422508595875830339e-01
5.866607738150325657e-01,4.019663194442326670e-01,8.040360256037215603e-01
5.472350921430737536e-01,6.049946318105181575e-01,9.589032316733658856e-02
1.788779729661660323e-02,2.579947035549343681e-01,3.105037540396848872e-02
3.974266617536748036e-02,4.754131508547188023e-02,3.842074542534311687e-01
3.789744767606048059e-01,7.543769674812847992e-01,7.636324141179412495e-01
7.445901598566131430e-01,8.989161450133346110e-01,5.268139676277571182e-01
2.017462316612990136e-01,4.763280072503873752e-01,5.758624579292505041e-01
5.545310813834622987e-01,1.791643113029163237e-01,2.513636549260966913e-01
7.839089297911743248e-01,1.942519037773423607e-01,9.928793813334257923e-01
3.565210738537689661e-01,8.911737596357665048e-01,7.695240122385453851e-01
7.270709073572103609e-01,3.608212534708004071e-01,8.155822924283706588e-02
3.025100522017021287e-01,5.111777681034070930e-01,9.106472278640602713e-01
9.724502414059508215e-01,5.157754546388815253e-02,5.173189930236804512e-01
1.847147472770445109e-01,5.654972820876758011e-01,6.098782386611493189e-01
7.145704636019390987e-01,1.936131455340240892e-01,3.381265093662417787e-01
1.213959017027264053e-01,8.745819756816537449e-01,6.234786900720293845e-01
9.602564915705753545e-01,5.046031302186729794e-01,4.687743430762056907e-01
6.152207413076212772e-01,5.531139766732623420e-01,9.484380744685357856e-01
8.017415188232634993e-02,3.604974117592875116e-01,5.274173526330931949e-01
2.434199679745906453e-01,8.212775377440822977e-01,6.586627862232266040e-01
3.670067153903600055e-02,5.190322289302564673e-01,8.182425048076149565e-01
9.914210970725052530e-01,5.795539141761738566e-01,4.560191891415674714e-01
2.095959753760576749e-01,5.231337650905927283e-01,2.119083436433819578e-01
2.279185285394935701e-02,5.031737964672733376e-01,1.545555560530532668e-01
8.051795917439309447e-01,5.989159663581689053e-01,2.373907262571487431e-01
2.782144725975488342e-01,1.203697596471176023e-01,7.862459429682826517e-01
3.307159753393286161e-01,3.084834941859407875e-01,4.899061866465225235e-01
4.750042988894714879e-01,4.747794622503817008e-01,7.075058240395704079e-02
4.081008262737220171e-01,4.429624689112224845e-01,1.783000156343600429e-01
5.321294698822530700e-01,3.265764724829466337e-01,1.388200736037304983e-01
6.266776208839888174e-01,7.949447515016851984e-01,1.109502034034685058e-01
7.450203951919108780e-01,2.509553572469419569e-01,7.156273306496955255e-01
7.919803959982518737e-01,4.423196691130583114e-01,7.225050254017751916e-01
2.013763781841098055e-01,9.379984758334524164e-01,7.619549514567633963e-01
4.203164082831102322e-01,9.099974494239915224e-01,4.330888805073376258e-01
2.886546890729836390e-01,9.480963091749513572e-01,3.080704123451353249e-01
8.453428245190652834e-01,5.169109744990716404e-01,9.349466374911783451e-01
4.113487037339303987e-01,8.448717497936647502e-01,8.041648796677202116e-01
4.362016407128633810e-01,8.640390275551899091e-01,9.808125083363720131e-01
3.910549280145214635e-02,2.188447798612678241e-01,6.287344634553627687e-01
3.921892218081802772e-01,7.625083119475303262e-01,2.444606483589863988e-01
4.222327437255101179e-01,5.977714870245642853e-01,7.113351074900511328e-01
1.731509917388995845e-01,7.153663401397433175e-01,5.867012739144502609e-01
2.421437650455882107e-02,5.643555740109996721e-01,9.731438114301450559e-01
9.658984809698867302e-01,3.794350836814285310e-01,5.935692271029642253e-01
8.990526656922382953e-01,4.118650733472950520e-01,4.009308473330612799e-01
2.892520077812702484e-01,7.098636269228233431e-01,5.824338142450505851e-01
9.811966790004087446e-01,7.070768212026891097e-01,4.267524300519290881e-01
4.011848277694868292e-01,9.020201314884783717e-01,7.755158656096344805e-01
7.481293239616378932e-01,4.338701636111674809e-01,4.308411933100065871e-01
1.019146428340694799e-01,8.909963928382858001e-02,4.370063545515534553e-01
8.172620772707339665e-02,8.849990960622144964e-01,3.110996232195792910e-01
5.607710648676944576e-02,5.721222156046765761e-01,2.485674697346839102e-01
3.701084113659314223e-01,7.034157168388184278e-01,2.940425774616172161e-01
9.253949509503678339e-02,7.054998405211321266e-01,7.758484956020310630e-01
6.492921787303970182e-01,8.085869965867320541e-02,2.412701386104944001e-01
1.928421960360616749e-01,9.593667388464701684e-01,7.633692604106970814e-01
7.238541919649653655e-01,1.049583351864584735e-01,5.617275366184393270e-03
6.883474345021797225e-01,1.450072646557544198e-01,2.632918426366440690e-01
8.824594591780677844e-01,3.453902257170550216e-01,3.086626105565416500e-01
2.500928295791905454e-01,6.183807072431929397e-01,4.364185869796396444e-01
8.795335922702387510e-01,6.454267118277043913e-01,2.578058250407661012e-01
4.991887927787341805e-01,4.282084539872657025e-01,3.116351042560199236e-01
6.264744553933103699e-01,1.723751645043297698e-01,3.347940382974258222e-01
5.227790241250230840e-01,2.053791382978715774e-01,6.094062418600967312e-01
7.774299446011723180e-02,1.787915576719086852e-01,5.176908816133785063e-01
6.558571505668295831e-01,2.913645556777726409e-01,5.820349780452588329e-01
9.920699640749089943e-01,1.512194268142775799e-01,8.454525610217131781e-01
9.835659509896357289e-01,3.172692714996901975e-01,7.745437592186775744e-01
3.772666845655204826e-01,9.909772032790786778e-02,7.511094278417057568e-01
7.935843388243045693e-01,8.869429822611973879e-01,2.129185451614236113e-01
4.048731117824282411e-01,9.879725672215429189e-01,6.650264379607321308e-01
9.043824885763218635e-02,7.213686965834076315e-01,8.647678396545784851e-01
5.717542534299864254e-01,3.084834809575442982e-01,2.327016601098202964e-01
7.937815529303106077e-01,3.782633325005817504e-01,9.303267701260510281e-01
7.605090038208951464e-01,1.662879874471602237e-01,5.771468839320574862e-01
3.892928917666308442e-01,5.287192308664283580e-01,1.944306163277732535e-01
5.155234149545229183e-01,9.832277592667989508e-01,7.098332138670093716e-02
1.291081857578441072e-01,2.488740238986529851e-01,9.438014599250277303e-01
5.796313976618183705e-01,5.401528371221098190e-01,5.240931518536566802e-01
1.120046676669416152e-01,4.631667742248088970e-01,2.529265444900290483e-01
5.037688565872866508e-01,9.434309171588231013e-01,6.997946156493006775e-02
8.515776268768765478e-01,4.937875115844543306e-01,1.145556820861115543e-02
4.918879475009648727e-01,5.976767342902717939e-01,7.574637367810128641e-01
2.403423717336303778e-01,8.243015667433248872e-01,4.977857123292579455e-01
6.293647986005658224e-01,6.303377257931898070e-01,3.419871989141584079e-01
7.707903255752435179e-02,5.070027351905754820e-01,6.565750779871974974e-01
6.306698054848969281e-02,4.492785662026680393e-01,9.405625150835617010e-01
1.653802264775867670e-01,2.074299986910886906e-01,9.346923734892872426e-01
4.094295213496902397e-01,6.684504241341731046e-01,5.384426125015825404e-01
8.175182284173811986e-01,4.601373623363417265e-01,7.816767216837694487e-02
9.978440264173105145e-02,9.677500985181737292e-01,2.226279228107692632e-01
6.176183177367856603e-01,6.804175327966633935e-01,4.954597383403647193e-03
8.564000543094073548e-01,8.197121101348798788e-01,4.810243937718987617e-01
9.798127881251337268e-01,5.201116401086364194e-01,8.763011188517565442e-01
2.312581210775086493e-01,3.224092085550038789e-01,2.706314378124552444e-02
1.114113733565832431e-01,7.699933950870976318e-01,7.096914863079379909e-01
5.063770139221669409e-01,7.255633026153256449e-01,3.825616738215393831e-01
5.153949267194445349e-01,7.134039087881129948e-01,7.628216591235773558e-01
1.551465698865147624e-01,2.456407253946135683e-02,4.851415703849771832e-01
9.730077292125874910e-01,7.857076009210373080e-03,1.236202396435351902e-01
2.540335412579174390e-01,2.641816757396253657e-02,2.721551844169157741e-01
6.773753704204233950e-01,2.268472539875172611e-01,4.070583643624344772e-01
4.928096191996718112e-01,3.865003800466152439e-01,9.878289708036100958e-01
9.352179670079655560e-01,1.580192944742466743e-01,4.347145465665525066e-01
7.579006575962674574e-01,5.317852602345763957e-01,4.458361296792417994e-01
5.858744800587682988e-01,5.342992266397650347e-02,5.188297007421532880e-01
6.634889221056650133e-01,6.581394302134260244e-01,4.767356423940932730e-01
7.129207943768818279e-01,3.206206508524312992e-01,8.909750572030926685e-01
4.081143452303974684e-01,2.485467280590228922e-01,9.371571682323545094e-01
6.457847556471890682e-01,9.250291715722250840e-01,5.616606931185396112e-01
3.381377130493289362e-01,8.315059666677134809e-01,4.975192705529578596e-01
3.530740681444988205e-02,5.939839911357488456e-01,2.245945826384316835e-01
1.309670155024761362e-01,5.575055525132859291e-01,6.730835365299853157e-01
6.179127876604023628e-01,3.516548700031372210e-01,3.068009057709206733e-01
9.135465997670599858e-01,6.334433131836137987e-01,4.178182086489369285e-01
1.224277608587444055e-01,1.649490000984519256e-01,1.552590193964603626e-01
5.626546273326348269e-01,6.507613033167098937e-01,4.581596513734981224e-01
4.406630053567551775e-01,9.166938352436467818e-01,8.933016468789634068e-01
9.321817154737680466e-01,1.472933753224637821e-01,8.135738163196007955e-01
1.670330166361641000e-01,7.357409004773588501e-01,1.262191184895580243e-01
8.035634461296825570e-01,1.887619854054137791e-01,6.177471885313112754e-01
6.280781502481277423e-01,3.072985262440135479e-01,4.191289050909576819e-01
8.984240476597421532e-01,6.978424494865376193e-02,7.871783990705227829e-02
9.700379923699020690e-01,2.686221312801688743e-01,6.163298696940358035e-01
3.404599366509817315e-01,7.215937697385336191e-01,9.556632674783529513e-01
9.208736939542194744e-02,6.278234321605657975e-02,9.648346462044415928e-01
4.447740483171849224e-01,4.411165237072101064e-02,9.960878586145107683e-01
9.908084216769844632e-01,6.113461971483707957e-01,2.468714349318579249e-02
2.737526226654709571e-01,3.311119345166515515e-01,9.748791771926890171e-02
4.572199040944550097e-01,4.228359878711083208e-01,1.164985785647524308e-01
4.611516417037737625e-01,4.554850484504875396e-01,1.854608114156038878e-01
5.920559882930042095e-01,3.260865854679162457e-01,5.771291179610116284e-02
4.039944995984018350e-01,7.348256107853389230e-01,8.560797327341904683e-01
4.858523842735039677e-01,6.824820186943568734e-01,6.120210649523316615e-01
3.847696847102535234e-01,7.738069697410154824e-02,9.380351357719146632e-01
1.850849385479269582e-02,3.526140402715759459e-01,2.939186215732978447e-01
6.512148706745182203e-01,2.046412057443942611e-01,6.250027709041595658e-01
