8.718199619395761157e-02,7.890861284977779277e-02,2.785069142493120653e-01
7.556279325894970089e-01,2.611247795523512494e-01,6.016831504552444532e-01
8.739130560604679854e-01,5.878131789242468930e-02,7.549177686067318760e-01
5.686596296805201955e-01,5.232834649263568005e-01,3.396390337336655518e-01
6.663714406432447168e-01,1.590170321625838934e-02,2.011068782300955426e-01
2.434659052503020948e-01,6.635348564263650051e-01,3.334994027280491213e-01
5.017094213408028747e-01,6.223551138394083360e-01,3.233823974156582182e-01
8.738631789217521373e-02,5.092206870298717769e-01,7.252813412238393598e-01
7.464410434048627252e-01,5.153990767830721742e-01,2.796407619673666467e-01
1.477929893769208691e-01,4.716206481494211733e-01,8.319852500538118534e-01
8.721425101343446284e-01,2.836663317293319775e-02,2.102980147692598001e-01
3.768774982620013425e-01,8.720796892955374746e-01,1.536082364355164653e-01
7.097374104151186192e-01,4.422432008932921654e-01,9.304777143161898634e-01
5.256661811646583526e-01,3.919708297183013279e-01,8.426870740855182396e-01
1.414421722476211229e-01,9.792949608499416092e-01,6.201883861742277793e-01
9.610051557845167292e-02,3.459055260886683136e-01,9.227030484018464707e-01
4.244485795290330321e-01,2.983504925738692526e-01,6.190589015855456623e-01
4.417210501330182115e-01,5.183851899219618087e-01,9.171509094807835938e-01
3.305477943911425687e-01,7.358337624578918934e-01,8.358849669014294381e-01
3.023895134118749217e-01,8.422937590358542392e-01,1.421190153721190175e-01
2.526831091827685949e-02,9.438857365233331853e-01,3.825908704580704978e-01
2.824241434217225066e-01,1.530908973836423437e-01,1.728217222590635593e-01
2.782333876550516782e-01,6.197437092320974283e-01,5.700229626835263685e-01
7.883588179661965567e-01,2.819994941121347631e-01,6.600456381685221308e-01
7.272652856096295526e-02,6.831918693232379436e-01,5.415612194243862865e-01
6.959802212582705261e-01,2.598206587463276485e-01,2.739188869177345831e-01
9.592553781019361736e-01,5.220209735533215545e-01,6.474560837550037418e-01
7.206907228341963290e-01,3.661716631904338159e-01,5.931107817898628731e-02
9.587858674705576068e-01,1.496803236033095175e-01,2.100580892565455660e-01
7.611384209469751472e-01,7.293556379353868246e-01,5.796590049103724773e-01
2.698850764226660148e-01,9.326649677881035938e-01,9.497909067619926260e-01
6.803249955728311038e-01,7.064678827861583521e-01,7.959978035036849864e-01
5.864663867461419322e-01,3.621139912975039898e-01,2.984943760100881027e-01
4.074284012239308694e-01,1.543316370203322574e-01,3.316751552616942211e-01
2.293935739141705898e-01,4.720409388614094093e-01,1.696655852912251072e-01
9.012499027853643208e-01,9.079017775244526689e-01,4.714122717541915364e-01
6.807384606471017507e-01,2.360190055769906259e-01,5.173367709125739067e-01
4.442978811186311106e-01,3.713399239746446590e-01,5.711534195280113524e-01
3.882669610974007757e-01,8.399024586164280937e-01,1.923638382640213695e-01
8.553364276457912085e-01,4.963084771900372338e-02,1.986512633497778957e-01
5.939590816918167704e-01,4.678225449991344487e-01,8.541147182656136927e-01
9.056245530622317741e-01,5.688388188469017948e-01,5.911836165771121587e-01
4.630631440225101425e-01,8.038829957612972921e-01,6.263270706107175734e-01
3.362030282506527357e-01,2.367783148621057654e-01,7.340433504088599292e-01
5.426828530922819249e-01,3.899803792709533035e-01,6.797877817639030873e-01
5.498043363424371943e-01,8.720907127070524067e-01,7.712975020939405457e-02
9.870561199933056695e-01,7.909162033279057979e-01,3.041988040028851259e-01
1.548372214052503582e-01,4.552012060241600322e-01,7.728183386379006148e-01
1.292727130217621312e-01,3.137871064395213461e-01,3.498476116678252978e-01
2.594081015356639597e-01,8.766100374209097046e-01,9.081002892904299628e-01
7.427236128053293918e-01,8.353625338176856596e-01,2.942222153646941729e-01
3.766251375109969102e-01,2.564380766313596460e-01,1.452979565656149497e-01
4.244446299434981862e-01,3.926665022222531887e-01,7.483770648183527552e-01
6.451002055413891378e-01,4.759044987577986108e-01,1.728645153516858990e-01
9.588603145129391825e-01,2.543378650193830470e-01,3.781169240706900858e-01
7.089188270631214817e-01,3.516108598227341009e-01,4.705285135690110421e-01
4.727848614015184303e-02,6.508810842792275286e-01,5.615795466065103270e-01
8.856365326087289880e-01,4.045306114385714968e-01,3.049595978252372941e-01
7.514047001786171576e-01,7.881809053618347161e-01,9.370015347410403095e-01
4.494735319817018127e-01,9.672341523058295421e-01,3.085966622800072612e-01
4.433594567817805698e-01,6.188308974874385804e-01,4.570709685498735020e-01
6.769802118457399764e-01,1.340877524646578722e-01,1.042082652487829053e-01
1.910576091490853168e-01,4.582730025844784505e-01,2.044947354534372153e-01
4.105714403839466620e-01,3.764905312459011499e-01,7.103546348735136906e-01
1.808166561795943039e-01,5.345198043100997110e-01,4.233323512289119961e-01
1.563181455992137536e-01,9.451256253602076107e-01,5.164626968838705867e-01
1.253376909187253752e-01,6.647506257172816069e-01,8.649739537952066959e-01
5.148958311446372171e-02,9.190896004548281262e-01,8.171250859520187149e-01
6.108686715546485235e-01,8.986847817056455856e-01,1.514133094870490082e-01
3.039297771672978543e-01,8.060601400037804565e-01,3.591582523339741373e-01
6.484190232688596955e-01,9.656241063185031503e-01,2.429795537720136345e-02
3.397135658853229767e-01,4.335322477934124841e-01,6.234394501235182018e-01
1.826625693873339396e-01,1.766615914646660901e-01,6.175811837247878744e-01
7.813501927959247695e-01,8.108294272671826564e-01,2.447705262996129338e-01
6.465451041849198388e-01,3.824113912422844042e-01,6.589448778314006550e-01
3.391183864811966320e-01,3.814827837602050575e-01,2.957143224194871411e-01
7.489868315708775315e-01,3.611704114535685406e-01,4.086824953676031491e-01
9.375150348931652333e-01,8.093216262544751238e-01,4.444344884027408016e-01
2.335620934340079113e-01,5.678497670690860755e-01,1.862169728797030688e-01
7.707256895594746249e-01,6.237482526835668173e-01,9.988050254991238663e-01
7.948676518568954519e-01,8.067037009443214224e-01,1.235302517862425509e-01
1.273599417387040189e-01,2.924969104012288268e-01,4.058145548536629121e-02
8.796203036434331324e-01,8.683000395320878972e-01,1.080145583894923655e-01
8.994577464357543795e-01,1.319110839440926775e-01,4.480686973292358211e-01
4.506133829381184785e-01,9.473834243100239805e-01,6.370852123759770391e-01
3.026931722073554765e-01,6.681184433954575619e-01,4.649725778820680278e-01
3.305193763865378331e-01,6.491688586198420818e-01,7.914549243908751697e-01
9.870071345741806557e-01,9.993672684349419466e-02,8.169679639856741726e-01
3.479699914443837860e-01,5.010681788969425510e-01,9.677613538143393646e-01
1.819814541163584654e-01,6.366095666042891343e-01,4.806370279726591699e-01
2.985129605007822429e-01,3.375698217731428752e-01,8.629948994699614406e-01
5.663468582887254410e-02,4.967016528563847899e-01,2.675992518198070380e-01
3.326913379511687863e-01,3.720363115053315628e-01,4.279118006828291909e-01
1.074178604200487497e-01,7.968826884643187558e-01,8.249477673499244768e-01
7.963611176018169369e-01,7.275966268378576407e-01,8.459949306875447217e-02
9.023696205261599879e-02,1.448277487769673577e-01,6.674243184997912248e-01
5.493641901235396530e-01,5.359523261540507511e-01,3.711435512683238791e-01
3.660839307751778682e-01,3.269756076700569558e-02,3.370935449985708043e-01
3.459472532215296381e-01,8.251653627120630885e-01,9.920894001447555510e-01
1.388954788462987144e-01,1.011956148925494681e-01,7.940394038109116481e-01
