3.008241712234772658e-01,4.852109784669764725e-01,9.517153135184502899e-01
9.156965339011473581e-01,7.487951352296926544e-01,9.346843547277117192e-01
6.224469855192552581e-01,4.519333233885393097e-01,9.757474753334212103e-01
9.568790315198673069e-01,6.907946340309334410e-03,7.194174518283522612e-01
5.339674724530044658e-01,6.941167437364148540e-02,8.279046723629707172e-01
7.876889420373156536e-02,4.033173118182964423e-02,5.050203270769738628e-01
2.921988869903507924e-01,4.412627232056787197e-02,8.857002233029658278e-01
8.377075411779666414e-01,6.964583190762632103e-01,3.215619765387507378e-01
4.054191867099780078e-01,6.589235472330609023e-01,3.323027973650090061e-01
5.970418376574304631e-02,1.421892904602978236e-01,2.044085026200347377e-01
7.402487249610724129e-01,2.626314974364468702e-01,6.045447982175787827e-01
3.254057044761512474e-01,3.677200273920833151e-01,8.993299244863312003e-01
4.895388758925124373e-01,2.457736139576496281e-01,3.572288153316203196e-01
8.357171377576138038e-01,3.555523205697346256e-01,1.307432626405383713e-01
3.038575171463485658e-01,3.371779797687554092e-01,8.578688507494983684e-01
8.104130872494812454e-01,3.261878919679161992e-02,3.958420004098417433e-01
9.960123794236745987e-01,7.531499378928989685e-01,2.115323609924956161e-01
5.007548678824635946e-01,8.765172918378936195e-01,9.636152106493696134e-01
8.760802774555256356e-01,1.001277214825270212e-01,2.793045219132954671e-01
6.740719394141717613e-01,4.448681891409287381e-01,3.781929681300477686e-01
6.567840689316377656e-01,6.235464815686061479e-01,1.881508459038075953e-01
6.324499187204428718e-01,3.144327092243399679e-01,9.571089325231157963e-01
5.296974652644115267e-01,8.173729018375386346e-02,4.519135717989992695e-01
1.651524533581366638e-01,7.620915027749841641e-02,1.705236252795352403e-01
1.299927256499522343e-02,8.774944769264769739e-02,2.363479404523313177e-01
5.926303693971358699e-01,3.187162900652835695e-01,7.321057669423468584e-01
3.029790480466104663e-01,4.265012248404901340e-01,6.284692569397608564e-01
7.376876672529877332e-01,3.123106078133052188e-01,8.780400326248302134e-01
6.219958398057440219e-01,3.068907424666538208e-01,8.379661172642588474e-01
4.564560204512713160e-02,7.254624535194084123e-01,4.249005804536724051e-01
4.146302646812987103e-01,2.612639825495860491e-01,5.935696854574605830e-01
7.960959169099217636e-01,1.140615646753184720e-01,9.933515722164641959e-01
1.075751872951846710e-02,3.233892801874137524e-01,2.435452127206653161e-01
3.749268874513046468e-01,7.105087289568585707e-01,7.818983966408978858e-01
1.383828448822618240e-01,1.423649091548191414e-01,4.787530860147930500e-01
2.043069554517593645e-01,5.418108419675858878e-01,9.420681392379015584e-02
6.873856329813220478e-01,7.741702311027853778e-01,9.524361761162477569e-01
7.580317958642708298e-01,4.112551617134783122e-01,8.096682116288947961e-01
2.120408291925368616e-01,3.178214364043405737e-01,8.043127956349862551e-01
9.476324216918322607e-01,8.823382420837890816e-01,9.235514477637271069e-01
1.603422233272522313e-02,7.023958848489221252e-01,2.102407282928873133e-01
9.207852810993644166e-02,6.717909416147000989e-01,3.912711956639118860e-01
5.367976466371671140e-01,9.068269118038562171e-01,1.646186276329342224e-01
7.729423976904957749e-01,7.220949691221117961e-01,1.999974376040738466e-01
8.267756667605719034e-01,1.480469850270560439e-02,4.218434498836255431e-01
6.104482664173275230e-01,7.820559863800705669e-01,1.765367802191741831e-01
4.283357752561594012e-01,4.659605428610811284e-01,4.144612623742798263e-01
2.624438106091006029e-01,7.910160854456028678e-01,1.472116026554152191e-01
2.744171721982108236e-01,9.885699722957236313e-01,1.915113982479830224e-01
3.748361722378430461e-01,1.595663095514121554e-02,1.219253072674479910e-01
6.908560612507186338e-02,2.776771348508613180e-01,1.936287407475878464e-02
5.647756025640162658e-01,2.488079475509755722e-01,6.010009326346192893e-01
7.609660696134979974e-01,5.982417399123582946e-01,1.316319632264230099e-01
8.867637682468667570e-01,5.805701839322214841e-01,2.160332465200665020e-01
7.819490494134371250e-01,3.339350064345661950e-01,5.219068328663156731e-02
6.380905283622362312e-01,9.555998052733728487e-01,5.788763589051847402e-01
3.813659404725112667e-01,1.191598931504965764e-01,1.291980346737681140e-01
5.965803153107250845e-01,6.530405590743599831e-01,9.836395488234331852e-01
4.802505452152601162e-01,6.509764037621879051e-02,2.038895613220346181e-01
7.673407151568846229e-01,5.847231818785021407e-01,4.122118522997290091e-01
8.242423772278058003e-01,9.418183000256130644e-02,3.902655761340012575e-02
3.573993444616810899e-01,4.733954851022090793e-01,2.758162156972135959e-01
3.278243815568293584e-02,6.468163925448074947e-01,1.733508860927279738e-02
9.134902582933435156e-01,9.724781455610823633e-01,1.949375612597539220e-01
6.150732112885404224e-01,2.624058635588998323e-01,8.443319803190961759e-01
3.322019671854147260e-01,1.287772701528967501e-01,7.861506324799824030e-01
2.066533346157504170e-01,6.435868949662664207e-01,8.956553559433542144e-01
3.603356008369599239e-01,1.233650447581835508e-04,4.108841807612184649e-01
9.595919697394733605e-01,7.804361569201350157e-01,6.415418120511712230e-01
7.556701062790209811e-01,3.111711495862006238e-01,5.741695880893805670e-01
8.783708238386958023e-01,5.818643329430198685e-01,8.345517825763930642e-01
7.870719872835741926e-01,6.831989222457889310e-01,2.825250119651396830e-01
6.100468294926608692e-02,4.156602624014221758e-01,6.681066608813250873e-01
3.200262957036957845e-01,7.480935182256892579e-01,6.155251128013579098e-01
6.387159981779846341e-01,5.146759875969448839e-01,2.371776901495779022e-01
9.754712190822791840e-01,4.165826241637450300e-01,6.709462499684957226e-01
5.277893940051379129e-01,4.737343896022225831e-01,8.299154959431453982e-02
1.459343603829232894e-01,5.901443594359875311e-01,9.593253133939230182e-01
3.113714314041358122e-01,8.706833412002412675e-02,1.137654040356719243e-01
4.282539210540839969e-01,6.568183093520831850e-01,7.025885873410698812e-01
8.196773296361199446e-01,4.075044703268836388e-01,3.246394038486289935e-01
4.865848074985867910e-01,8.462460116454204595e-01,5.210681277502695607e-01
7.571974591246688480e-01,9.250641692805460226e-01,7.959968095240047559e-01
6.273018957286091712e-02,5.572719515172813720e-01,5.452843473848731914e-01
7.653777473300612533e-01,3.359648234574493797e-01,1.658902900233351074e-01
6.740970460767673478e-01,4.993310797916308275e-01,1.624932566870291861e-01
2.663373482103970069e-01,8.909463123894947323e-01,2.956531352741261776e-01
8.723343566372088187e-01,9.491316104230134165e-01,8.731928158766300019e-02
1.263383793506798192e-01,1.488506960922847400e-01,6.180932052611366467e-01
5.449292968468708587e-01,3.176216889224175999e-01,5.406127701943892472e-01
2.648339096372844814e-01,7.663969937516382780e-01,3.712381931054957729e-01
3.899666970589478199e-01,2.877848998413264914e-01,7.297149382444380050e-01
6.225955555905670069e-01,8.037720105107910573e-01,7.481876811594414534e-01
5.020650410796512197e-01,9.805572912551140385e-01,6.074856440516585021e-01
5.354389457091454085e-01,4.449806906993387656e-01,8.401269519269838337e-01
2.692049905636451079e-02,3.176958939435144957e-01,3.222778866135738163e-01
6.564681759864664512e-01,1.437793583231398165e-01,7.719242617478321300e-01
4.277946764971769511e-01,4.810917715081365342e-01,6.794916148700674841e-01
8.857732977975708577e-01,8.338261779482118996e-01,1.767559426557132607e-01
4.504578926932090166e-02,4.582223190644889588e-01,7.522704526594214958e-01
1.386421121753407260e-01,3.578768920604831205e-01,3.179402401514256349e-01
5.263985244445882339e-01,8.897480418361677357e-01,5.700948194325216045e-01
2.456647357397373499e-01,6.078247297692255247e-01,5.075609546467585442e-01
6.574944756177463212e-01,3.978193532404898924e-01,2.192172718226895745e-01
9.394260793891973105e-01,5.376260081869288499e-02,1.973345780144594164e-01
6.258806131108203274e-01,1.775020468315662292e-01,7.889708791597607185e-01
6.320597240756230528e-01,9.313011386114045109e-02,3.824836293439580759e-01
2.744711048549942634e-01,2.811272147709492630e-01,1.867319534104505685e-02
3.669533745729292029e-01,7.110181632958132436e-01,6.161577307153561778e-01
5.510350048177430349e-01,4.570547546284545737e-01,4.706081519566789328e-01
6.327629465832439459e-01,8.806881901796015377e-01,1.974495006042320533e-01
9.643345631895917647e-01,1.808667255927235429e-01,2.820742589521862964e-01
7.584876621520628692e-01,1.645206580783037387e-01,8.985991759326238393e-01
5.602143479541047411e-01,5.912116277573006284e-01,9.704910386387775034e-01
1.751117537289954562e-01,1.279705733722126260e-01,2.025368970798068213e-01
4.954458055026034202e-01,3.639165877244469050e-01,3.805819339635351239e-01
1.002615276983618298e-01,6.983704538274138063e-02,2.311804401306516432e-02
2.733732740170243813e-01,6.130929820669229757e-01,6.915100937859026686e-01
3.871674273003102851e-01,9.959966421076479337e-01,6.893565092763953572e-03
4.690348056452138259e-01,7.029247412974519715e-01,1.285635196363260624e-01
8.735209715138546605e-01,1.168867686223709068e-01,1.071861602290224980e-03
8.503233250876998106e-01,7.448795679847469708e-01,5.412529690623151257e-01
4.624444170978915247e-01,1.244562659848347241e-02,8.433060694889927822e-01
2.787321660990405015e-02,3.501135093215467231e-01,9.326258685740618226e-01
2.526049831968524284e-01,9.709641110967970334e-01,8.069790896364107402e-01
7.016144948841466222e-01,7.344734471777042417e-01,6.236107227240191841e-01
5.760246527140658879e-01,4.856907357405341186e-01,2.812531803053552881e-02
9.307948350579586805e-02,2.113546536755012140e-01,7.001278224800834282e-01
4.905042217069562893e-01,3.459517379114296354e-01,7.993732864328317866e-01
1.560062043845469315e-01,2.516879858733450659e-01,7.902841962233206896e-01
4.863462484089116078e-01,9.926273631046478307e-01,3.246940744125047518e-01
3.606886874258937725e-01,2.008619852088266988e-02,6.415080455438630924e-01
5.092500824572183671e-01,4.029183688800881402e-01,4.212608542536565581e-01
3.501039345206478082e-01,1.477094006191297382e-01,2.663623951369320508e-02
4.466919621717729827e-01,6.575954330734922193e-01,5.818984287518624843e-01
7.911829641398573365e-01,5.435324953212539167e-02,9.468116349908362039e-01
6.253556624181773049e-01,3.653277690679058720e-01,9.154661143116554767e-01
1.103964593148107909e-01,3.963887543286672699e-01,8.524581037592715571e-01
5.905931155446750846e-01,7.521751331806514340e-02,8.309116919219122765e-01
8.556710440331183332e-01,9.453531279301233825e-01,6.602598738700924397e-01
3.778390202542799559e-01,9.968391117521969713e-01,2.491046089773862882e-01
7.600920414353444787e-01,9.344242637470040469e-01,8.996200933062935556e-01
9.816906475732418702e-01,6.533744332738522509e-02,9.068183693299077808e-01
5.360683760269281395e-01,7.782464275927938324e-01,4.329754681623809720e-02
4.032681802738228294e-01,2.927048007500228088e-01,4.681195859287240468e-01
2.862109261437884022e-02,1.142844457730087804e-01,3.526144073779802213e-02
5.037188901842792887e-01,3.186543021090831873e-01,5.959668034623344379e-01
2.608722770791401802e-01,9.427445250914046060e-01,2.179525374526065651e-01
3.102277158633638399e-01,9.717679375491172777e-02,3.771446523157684361e-01
8.062310596332334933e-01,3.478452042901304386e-01,8.988988361756634626e-01
1.419365041795352944e-01,8.958452011204067755e-01,9.028330081332625046e-02
9.659444866152607778e-01,3.830316488722902424e-01,2.732394252761488618e-01
6.706250543667520159e-01,4.603693335370765416e-01,6.764403339559703632e-01
7.816818098786475488e-01,3.607278361049678361e-01,1.857738356427188764e-01
8.424138467201796043e-01,9.750914111129350692e-01,9.376156553903765012e-01
7.259844973027376192e-01,5.261833046815127535e-01,7.478016818698621782e-01
4.042302855831810815e-01,6.064835215587536243e-01,4.857954842766195602e-01
2.317669543043650027e-01,1.503748671698541539e-01,2.463748688152082034e-01
3.394265274935143184e-01,6.955859279342502255e-03,7.262995336556192782e-01
6.199177175205831114e-01,3.282872425812959349e-01,5.411923381476069217e-02
5.620275792350821753e-01,1.823559079474800226e-01,8.660477959221012378e-01
1.384646714601953654e-01,3.757559929116541797e-01,4.509393989243469791e-01
2.405565054891074528e-01,9.046097187902976122e-01,9.592129761961794010e-01
4.160141716585588068e-01,4.673550555920871208e-01,1.922600872983919462e-01
2.735049054527717294e-01,5.829361698293780147e-01,9.985008541695511441e-01
8.970178036476482708e-01,6.385230422061974886e-01,9.441523920974922435e-01
5.204933140110157286e-01,3.833112823466529040e-01,4.707969666580175128e-01
5.650195848688943645e-01,5.023354205409791273e-02,9.244446579829357358e-01
8.999367953303861745e-01,8.395602015451661959e-01,4.436403835238499349e-01
8.779620340839494608e-01,2.465438043503108689e-01,1.417734164167081534e-01
3.279211576262984762e-01,4.741222891768596126e-01,5.935514677126625394e-01
7.557325930929259528e-02,3.458530296947555094e-01,7.912564151356112907e-01
2.749307575160843120e-01,1.286662415539520099e-01,5.782805395712155017e-01
4.821042363350593885e-01,3.402586662755513469e-02,4.254997945414867866e-01
4.799319421540131358e-01,6.487277996778172406e-01,5.095650795473427586e-01
8.000146738366655796e-01,9.306606422901271269e-01,7.496918437603110608e-01
9.130525136277027887e-01,2.471673109752713371e-01,7.295721253087914526e-01
8.626343642691488567e-01,2.651599290094668326e-01,9.439208933032937621e-01
6.561362029914473704e-01,2.015975460508653283e-01,3.556545411370083398e-01
6.718799774949721915e-01,4.213178211368844295e-01,6.205180294309668998e-01
3.843621367968488300e-01,1.760642849506747210e-01,4.947066125076318155e-01
2.622627943328779132e-01,9.981713479343758966e-01,8.415341398923281702e-02
5.721435986462055645e-01,9.405527506245460190e-01,4.442143641250868580e-01
9.681903580768403961e-01,1.991418820807046020e-01,9.613541998000707522e-02
3.363109354424397290e-01,5.192408485198871659e-01,7.245290593747880648e-01
3.627674677598297093e-01,9.328261118270969598e-01,4.579521238466138788e-01
9.924915602401798154e-01,6.414506515424900357e-02,4.452220944444837958e-01
2.764189165192437736e-01,3.876346643318661078e-01,5.696941104934322153e-01
9.453465353319350228e-01,4.888127031537181644e-02,5.470619909691625260e-01
5.437177860919240047e-02,6.318775797116716886e-01,7.959796320955645488e-01
3.175171779217892398e-01,7.382039176828815163e-01,6.081383278546919069e-01
4.566052407979402927e-01,7.264075927576031377e-01,5.719738030202849988e-01
2.515448345769385474e-01,7.802422030722470092e-01,2.452224090983414762e-01
9.865652933661454016e-01,4.984917497517169505e-01,6.426284895076233017e-01
5.520501851380257285e-01,9.293842176314517367e-01,3.649481263229149564e-01
3.628658704611466002e-01,5.009822654941094022e-01,8.715803615826818174e-01
7.648066093933451048e-01,3.956756002161406771e-01,4.689816873160337352e-01
3.418623935677044257e-01,9.061297393726097660e-01,9.360425086888777280e-01
3.018125090035959079e-01,4.273939492159986031e-01,7.952651905915918418e-01
6.103939061149467049e-01,1.345347923661234235e-01,2.599711826853938756e-01
6.371247574574852024e-01,3.669833587843817080e-01,3.258568150201501812e-02
6.087536378423843431e-01,4.166797692653855245e-01,6.674122066161873867e-01
2.757948414754862743e-01,1.224520519115845918e-01,8.053562091070269879e-01
3.905589432669719363e-01,9.109045588188738884e-01,7.907782521398121212e-02
2.996901590336420451e-02,1.311174858232536655e-01,5.349895632973531434e-01
8.243941113670686383e-01,9.597446490764427462e-01,9.312274888662732675e-01
5.868110429799734407e-01,9.807995940275526792e-01,8.731101748699058307e-01
2.901440079499284508e-01,9.037053172638342957e-02,8.308878409836285561e-01
6.382449175416393672e-02,4.147631171218061352e-01,1.869315412616375793e-01
1.402748870395768011e-01,4.856331462109203523e-01,5.563183008008935060e-01
9.613955404634546564e-01,3.627629229053757065e-01,5.239470016762326487e-01
8.693669262066516801e-01,6.856233139297943646e-01,3.431115698332597441e-01
1.547118034481288484e-01,2.500553245128596114e-01,2.684503679600265258e-01
2.698894649602934237e-01,6.160545317035462931e-01,7.368342360894509779e-01
6.019544139672509120e-01,4.526650218781047563e-02,6.492542351768526565e-01
6.527548481143967685e-01,9.446789288962853526e-02,9.422195510307829203e-02
4.111386788946648219e-01,9.574745959847611454e-01,7.418262352151153705e-01
6.942992091988481329e-01,3.364066442178360594e-01,6.588773637114941906e-01
6.893496691242587682e-01,9.472492382110282438e-01,4.217737519380105882e-01
5.997811290433497922e-01,5.373481789657068575e-01,4.517067853106525588e-01
6.839831923745339770e-01,4.602785405941189900e-02,3.792549834998676372e-01
4.727545017714358533e-01,1.610356762438548417e-01,4.967329730444177693e-01
6.672454641957870081e-02,6.902944902950736150e-03,9.203774229424988018e-02
4.102958975971622291e-01,9.078700632910610135e-01,7.085662942104211659e-01
1.032003286786216112e-01,5.012409088151611458e-01,4.806254860734431311e-01
6.713732597303273542e-01,8.771308377366678899e-01,1.451429034071508584e-01
5.144101770554666553e-01,8.545661762817021723e-01,4.971882470376152163e-01
6.223120145800797864e-02,6.728385976314293915e-01,4.832748383679977833e-01
5.444527686594793359e-01,5.050478277790265702e-01,6.916930750659273652e-01
3.651438719926769494e-01,5.521156393888870806e-01,6.940907118311190338e-01
3.755307107429194380e-01,5.198516666869349434e-01,4.283165804631604567e-01
8.106407665651655936e-01,8.174923388626417209e-01,5.474530344652926983e-01
6.598965355555368451e-01,8.217081600891481541e-01,6.554461933152522235e-01
2.561745998383762046e-01,2.398865382169652616e-01,8.179451464405259609e-01
5.222798420053926804e-01,5.915379480214053576e-01,1.652731408230414534e-01
7.583266658374006042e-01,2.413610916994853861e-01,8.575331968019891393e-01
2.990596072737438105e-01,9.462152292312064894e-03,6.366314083095752085e-01
9.639484736454224656e-01,2.158399715210251868e-01,4.283837691365052214e-01
6.011583093610711748e-01,5.021315559446430932e-01,3.848387619754245481e-02
6.047462795429633386e-01,9.866041149456288295e-01,7.190490706350725070e-01
5.135828833348025091e-01,9.962409790934920739e-01,7.304305649736130279e-01
8.395810364548025317e-01,3.890508961574621338e-01,1.077307831445525332e-01
1.499550634965818308e-02,3.745370846183515567e-02,6.501771641448538253e-01
7.114595273399120234e-01,8.846753296884857232e-01,8.315001985321339717e-01
5.928799545024631135e-01,6.436720733538124906e-01,3.415374093090932650e-01
2.287617907580419274e-02,7.390274081033560982e-01,7.372972790795871978e-01
9.804692190378007099e-01,6.797818808157289894e-01,6.741354639650692926e-01
3.509466840171588942e-01,9.413964212545911092e-02,2.552736492686602521e-02
1.863405292642472677e-01,9.250325054767006838e-01,8.939145223629716419e-01
6.593102442687606146e-01,4.440170965693267524e-01,7.307931827495866006e-01
8.820486276486924071e-01,8.549556111248627355e-01,3.542110766363973928e-01
7.911649284306190300e-01,9.906137839274542500e-01,2.972725107125725463e-01
9.138095515258756185e-01,2.075336257797262274e-01,9.753853365525460006e-01
1.517757514295725585e-02,7.572880119134774990e-01,9.842810090803306711e-01
1.989740318144096465e-01,5.791058360311254205e-01,2.471750281026088292e-01
2.545912977203934613e-02,9.554438807729013217e-01,8.484023594160614579e-01
9.068346652063895563e-01,2.624303039224246126e-01,3.485395607615657809e-01
7.713286486651588225e-01,6.131315663831971019e-01,6.592925597334807764e-01
7.540113615898376143e-01,5.002840057026161080e-01,2.266459100820487071e-01
8.325420511706840276e-01,5.040238469108968555e-01,1.123695995274079928e-01
2.953301617956923808e-01,6.836477935153817409e-01,9.491629622660118226e-01
7.679244648573269050e-01,6.122873760716806002e-01,1.362910054184904851e-01
3.451458034795151786e-02,4.122314724167008837e-01,8.183398067424935141e-01
2.510528776418721186e-01,7.438844408935822994e-01,5.922076617404513632e-01
9.132389252283417136e-01,8.419466634861251242e-01,5.810354927918995882e-01
1.568890701106857577e-01,7.343010666647912243e-01,3.619902428440113784e-01
2.632794542655730874e-01,9.416152211969488484e-01,9.458274694319172005e-01
1.926231302346280705e-01,6.381040019503364524e-01,4.974525021447373518e-02
7.074309250473340693e-01,3.546918619178410781e-01,7.251189139997638033e-01
9.675523142624509187e-02,8.302404537608665258e-02,9.877162645004672337e-01
5.517532529665677421e-01,9.436991840726397518e-01,7.184254523291946359e-01
8.628699232625329785e-01,1.991541318661884663e-01,6.064150739899295539e-01
7.574964878744983032e-01,7.070210098608361582e-01,3.205186149347490909e-01
2.501304311327634533e-01,7.403246056185194268e-01,5.782498316595525711e-01
8.214015744848663925e-01,5.833703524293648579e-01,9.506440721235350777e-01
1.236772364595037921e-01,6.046090442419222999e-01,5.309465247082256756e-02
4.841727053842485029e-01,1.641433625479641334e-01,7.807682770853974219e-01
1.099013522874185966e-01,1.156473719875531492e-01,2.328110219293497707e-01
3.029914934517428104e-01,7.783064801644300479e-01,6.144208105119491892e-01
4.834690733304708443e-01,9.641744275515881091e-01,9.891226628156111200e-01
4.369823875711517092e-01,4.235414781113668869e-01,2.312597782414252956e-01
8.922931488731983274e-01,5.876690198819315425e-01,6.993030904572887785e-01
4.769815500529670516e-01,4.526670988596640521e-01,5.728701994435180245e-01
1.003042952852837288e-01,3.188651104995439134e-01,4.737934480009664551e-01
8.256873935768096473e-01,1.363035826091539837e-01,8.702127701368387314e-01
1.275007191657928640e-02,3.263717173772698876e-01,5.494696479618104146e-01
5.934852500943132991e-01,3.112902668658221739e-01,9.626363420959975770e-01
9.659289045672905250e-01,3.857778362407116024e-01,2.966268675927679066e-01
3.594806286967884290e-01,3.763358727379448876e-01,4.644324072982752849e-01
5.700035174286456341e-01,8.841980451452462475e-01,7.036478977817440805e-01
2.955904451170610070e-01,5.174183249116079963e-01,8.949461887908848334e-01
1.691250250950578904e-01,8.907499954148299093e-01,4.840705598547369037e-01
3.038152355925527459e-01,6.644196781005322627e-01,9.601049493103414045e-01
5.220310619670617269e-01,4.409495187935034144e-01,1.884454432720287231e-01
8.130060634538933684e-01,4.846418416692911402e-01,1.452742958689928754e-01
3.635713745879142200e-01,8.094871172207973586e-01,1.440549806264823651e-02
4.716334543770062115e-01,9.455936983649552152e-01,2.920752156942810762e-01
6.116557751037383639e-01,8.462506134947652692e-01,7.019646738262466101e-01
9.306630256697496772e-01,5.335110455902207782e-01,6.880978862101285731e-01
6.433830029238478687e-01,7.902670588627981330e-01,5.488950762064143118e-01
4.106546537814759201e-01,3.503843805660499244e-01,5.961341943958599066e-01
3.217576697614379366e-01,1.364186284104131897e-01,9.985478313228917102e-01
7.962536961556879733e-01,5.838501731982436160e-01,1.080730651049118807e-01
4.353056277557253440e-01,1.919321439115639905e-02,4.527726713983271090e-03
8.142066905201250648e-04,2.016004824890689218e-01,4.436444099278209485e-01
3.866978793175988027e-01,3.251420560248823310e-01,9.214591416566578763e-01
1.511966936162079111e-02,4.279903764511868713e-01,7.787122533850017181e-01
2.650034020837557236e-01,7.649854436300393967e-01,8.160505748956059513e-01
9.244173411550390407e-01,9.173529204722733477e-01,7.777298504166179072e-01
7.963292428154533642e-02,9.803938526329492031e-02,2.520903930318220132e-01
4.705526067137514312e-01,8.791886921039469005e-01,7.471164600660866739e-01
1.078914128724373089e-01,6.250571976908130267e-01,8.974927704354681568e-01
3.520319845439479067e-01,8.160051801025969276e-02,1.635781339035832227e-01
4.108693193477201966e-01,4.747829917217327722e-01,6.504606770292808982e-02
9.503181489929246606e-02,4.622859779779632250e-01,6.476754344145493336e-01
7.289831894785241406e-01,8.529510437422066493e-01,9.447950758301855156e-01
1.018923881371389673e-01,1.416229407168186905e-01,9.740895940452483082e-01
7.470301905228535766e-01,4.088975200035557256e-01,6.964401124501503615e-01
3.215581814367854951e-01,2.282789593554618301e-01,5.877241919922780999e-01
2.419616029289766157e-01,8.687280417199072513e-02,7.555308992498921405e-01
6.773631540614801771e-01,8.472323936417740509e-01,8.875933455243738557e-01
5.551345096706916671e-01,6.862640989696997540e-01,1.135819493445401340e-01
9.341351619138549278e-02,7.419229216130209803e-01,1.447809213628487024e-01
8.744896196632251373e-01,3.770113473223135614e-02,5.104227510053919170e-01
6.652163377202492400e-01,3.275442851942469424e-01,6.503634477357046473e-01
3.843598703073701772e-01,2.402543660053625407e-01,6.660613067982378288e-01
4.831057143308544743e-01,9.981279710821246987e-01,9.710615407924012565e-01
5.750344879193356462e-01,4.107572250496982491e-02,6.651059270648895794e-01
2.008512405367185449e-01,2.235396366183254324e-01,4.181477435845271096e-02
6.711485450315908263e-01,5.313494409473817903e-02,2.160774420203669388e-01
6.185665842474170617e-01,6.272788158042819084e-01,8.652145342625052749e-01
4.215523287533382568e-01,2.104131206483434990e-01,5.291661847835646970e-01
3.630061339894031791e-01,5.215726487883703966e-01,4.338786435725868751e-01
4.771364408103628829e-01,8.129692747815525644e-01,2.628458393787578284e-01
9.843577166926581468e-01,4.487112416514150715e-01,5.211024444645642184e-01
3.561333578073740957e-01,8.415150510181944599e-01,3.401094570012088703e-01
2.452618323690194391e-01,9.171701811121968362e-01,7.855834649059006969e-01
3.040165905899721022e-01,5.211983160852445840e-01,3.432421333887152315e-01
1.173093567862992792e-03,1.011584138120271703e-01,9.007810485543821244e-02
5.790390432436426371e-01,6.604234676746915111e-01,8.880768842691321163e-01
6.943346465274964352e-01,7.013480776519984694e-01,1.064897296325448828e-01
3.959362323844684006e-02,7.817992678999379219e-01,5.169737543725971829e-01
1.345069712495194914e-02,3.543105860344811786e-01,3.794950300333416182e-01
8.241671680566241553e-01,3.527543398499930483e-01,6.899857098371705577e-01
4.840556594650299305e-01,4.872206755032629788e-01,1.296670662085119829e-02
7.490315800669518076e-01,4.528072092572975604e-01,9.488660150576433416e-01
8.150450325329761103e-02,7.387432927623370782e-01,4.946784582296536170e-01
1.667514125884467235e-01,4.072434728505825996e-01,1.517861118118989383e-01
9.600623368483767184e-01,5.160886683084715543e-01,1.804291067602292742e-01
3.971453064440604308e-01,7.457888862704631361e-01,3.129559154702273860e-01
3.342523318280077316e-02,4.449359097110336947e-01,3.894949192966438156e-01
5.633997649768174298e-01,6.810775194453581038e-01,2.974013518374063469e-02
6.307008777240006303e-01,6.350793071848261917e-01,1.236698440851511371e-01
7.695522216274206517e-01,8.785221729558468917e-01,9.386715621455339331e-01
7.285207532395769903e-01,6.713997982723396429e-02,9.643239941517756098e-02
1.526138972598456434e-02,5.779054681002186999e-01,8.990576503108685946e-01
5.140177320593802834e-01,8.278966625175253613e-01,4.375648344067570861e-01
9.770608098844274503e-01,3.217112698852406805e-01,4.073157115362245895e-01
6.685921331959321368e-02,3.615740210587162773e-01,6.456714705338240101e-01
4.289227767388018586e-01,4.607480792219086352e-01,7.089524688706766442e-01
5.263268775840679314e-01,4.872617501013201124e-01,7.658681035923695646e-01
5.975085247310460979e-01,9.910001260779146559e-01,8.720050698018938506e-01
8.832012470462946574e-01,3.812912281754009536e-01,6.681384569998461975e-01
2.046845848617221408e-01,2.293589367151031011e-01,6.895093681034873967e-01
2.639459934335663949e-01,6.903566576889209605e-01,9.720600571570647830e-02
6.886580942758164792e-01,2.438650136336877328e-01,9.422764243954446783e-01
3.154085759998884742e-01,3.464996296050215641e-01,9.904565520027931447e-01
3.272917665653688468e-01,6.406026022147413013e-01,3.096774213792586883e-01
1.506690272918465023e-02,9.260322212934163355e-01,7.177620835061593318e-02
7.044911464598102580e-01,3.661627087853464024e-01,6.007574746161202794e-01
2.127701606396380507e-01,1.103069911234864087e-01,7.834031156484299041e-01
2.739117666666815998e-01,9.111300671250348593e-01,7.416586250514075607e-01
1.035171870585701592e-01,9.895810752596418958e-01,1.944245236919817099e-02
1.393928949710772081e-01,8.913280411602392261e-01,1.644532333918155009e-01
5.926292770027583590e-01,6.227408004810974784e-01,9.269313849196777477e-01
3.309878332042801574e-01,1.821140768022884160e-01,9.929827646667045427e-01
8.908225806311210748e-01,1.031720680419161429e-01,8.936327359189872865e-01
8.763346500202755518e-01,1.039695405929036420e-01,6.486769053239109795e-01
3.656277855346709016e-01,8.904483102499649583e-01,5.593861277001941357e-01
3.957252060902221036e-01,7.385939165884520818e-01,6.336641628834098761e-01
4.300349773165533795e-01,2.358913833212640254e-01,6.839032634534245592e-01
9.904330979738698026e-01,1.921147753992092921e-01,4.049541919194425965e-01
7.443652669734540650e-01,8.546768193973646177e-01,7.504810755461206462e-01
5.161812921657661368e-01,5.367552212273689616e-01,8.567234590578267639e-01
9.987712460077422527e-01,3.371450639822657358e-01,5.446998160878491202e-02
3.445538195963840922e-01,7.050017636037999580e-01,4.432581249537850265e-01
3.675545442547397679e-01,7.896501320718666284e-01,7.236661930701598910e-01
5.931890908202291923e-01,7.865827107400791274e-02,3.413810794655747216e-03
6.856860414909372592e-01,3.490686511818161808e-01,8.889576014896676259e-01
9.207551067520922672e-01,5.830383167048445170e-01,3.268814850693594343e-01
8.756316587920635053e-01,8.328820922114941183e-01,9.253679021566950658e-01
8.193890756931121455e-02,7.985277154435108660e-01,2.113501604374734555e-02
1.243525430727676628e-01,2.533287006098027261e-01,7.798053643698473758e-01
2.133896402296479033e-01,9.766265981488525538e-01,9.619238564771060984e-01
5.001438076742794614e-01,3.766924132491596966e-01,8.130124719857652060e-01
2.248116488935514301e-02,6.850083960689291596e-01,7.130085574535528492e-01
5.967975483854059959e-01,8.807189070195450276e-01,3.179964153547527594e-01
4.010551065222045519e-01,6.431053415114390548e-01,1.875015460925444355e-02
9.814433763838054103e-01,6.651621662788129719e-01,7.595491927845384739e-01
7.410774952713951036e-01,8.845553340521405961e-02,2.827373411330493802e-01
9.931792386355546842e-01,2.888851590581013040e-01,1.017875341172924664e-02
9.192487398850170965e-01,4.400334302763060368e-01,9.655787684007067773e-01
9.595733411231454069e-01,6.840518040043297443e-02,4.516247824382747522e-01
7.320747965067977425e-01,7.074107894481155290e-01,9.400826252652420001e-01
1.148962070074800446e-01,7.451660191312007298e-01,1.528941750984147419e-01
4.514439756925100466e-01,5.821797679018122507e-01,2.941384539065527992e-02
8.734539239009492251e-01,6.604560339935888758e-01,8.763657773784209182e-01
1.044330275211993175e-01,8.628228831235550400e-01,9.232471574990051000e-01
5.108055268610944832e-01,5.084940191788213104e-01,6.227096784583612266e-01
9.750858568528032455e-01,6.379670788866749209e-01,1.509246196156774911e-01
5.687761312617477527e-01,1.844396647574314541e-01,8.505456332605449976e-01
8.667682390367729139e-01,1.332243591966568719e-01,6.306927010665465128e-01
6.437888679659072855e-01,3.700753253875510573e-01,1.674507790744867997e-01
1.046717284022850025e-01,3.960235258345313758e-01,7.759869223040156694e-01
9.310423824416734773e-01,8.355435104038871907e-01,8.711788437546447161e-01
5.308136379562889973e-01,8.243390204271561217e-03,2.487775281080560896e-01
7.935520577304445711e-01,5.679612316446647213e-01,7.340339015341057483e-02
7.110011712425107211e-01,7.251634316973094574e-01,7.874335974023841667e-01
3.966602438815399756e-01,8.505389381683938765e-01,8.347534257437996263e-01
3.864484936410234051e-01,8.124651226476667931e-01,7.096590318458462221e-02
6.491380143446329187e-01,6.981492023405683200e-01,3.711721905679464806e-01
7.682449763174087343e-01,9.662961314430681403e-01,9.913197475128714409e-01
6.585029045849478679e-01,2.036898161993716538e-01,8.836885798890963262e-01
4.332328856958811425e-01,5.745067672057492247e-01,6.012867517344108181e-01
6.687620735020087803e-01,8.677014716725151011e-01,3.391638234555475195e-01
9.506669597978668618e-01,1.639662555851127967e-01,1.819245368127961893e-01
9.307861503075326448e-01,1.461714343295003049e-01,6.177704392130007882e-01
2.134944819031903140e-01,1.525497485109590379e-01,2.391020449750431709e-01
2.326577642829619208e-03,1.538424689389773503e-01,6.302114215448428869e-01
5.291276629866403791e-01,7.223456418276642532e-01,4.133047401012238664e-01
3.426867701233647923e-01,5.450525448537151263e-01,9.331522177793030171e-01
9.974374063334857654e-01,2.675089559185127586e-01,7.729067774003136604e-01
8.153618886990621206e-01,3.706228128059904092e-01,1.089111198547154657e-02
9.261615433804294417e-01,9.659864318181087262e-01,2.369062192383901699e-01
9.949201872200011953e-01,7.998294204858846790e-01,7.954679279156513516e-01
3.890278550316395023e-02,8.518717151908508090e-01,9.483702269772020799e-02
7.715743853275848219e-01,9.824577833526799697e-01,2.149653027998063015e-01
6.839633566950232835e-01,4.338134034802775263e-01,5.776607156799086207e-01
3.826402114071228988e-01,4.246006582345770441e-01,1.043926447876875052e-03
8.675062580121172262e-01,4.199128746541052060e-01,5.105266721687717890e-02
3.239473805921277982e-02,6.716652337630739655e-01,7.055682998193577582e-01
8.020074291063042926e-01,9.971418853345148658e-02,2.068945984764190005e-01
3.141347409810935076e-01,2.654105606468615264e-02,6.244535402580823069e-01
8.724164712765654084e-01,3.507924043266592573e-01,7.861377720614295406e-01
3.699468904189576746e-01,8.930670496827727289e-01,8.282514029205499950e-01
1.128205939992859008e-01,3.456801029153099281e-01,2.891522226248379734e-01
8.558936071146915348e-01,1.867013396625203381e-01,4.166755586200486805e-01
5.445035283829221529e-01,3.506318462120666668e-01,3.129545482662359213e-01
1.823141688101739266e-01,9.256606466373029640e-01,3.491124414859642089e-01
6.025465863156616031e-01,3.755275325339229031e-01,4.855438495469140969e-01
5.716260164435575941e-01,9.837372712101331018e-01,3.544782185339047098e-01
1.479466189334521786e-01,8.775064246655231992e-01,7.455499430024327134e-01
1.048584523086630860e-01,3.898665290856127008e-01,4.903956435974343719e-01
8.217452739921723426e-01,9.475150197887416414e-02,3.432557842848622531e-01
7.721691233788537945e-01,2.582667196058588965e-01,8.989866162964783580e-01
4.704888357989255310e-01,1.992846205459675168e-02,1.644577090866794489e-02
6.204438025473187901e-01,7.379760705614485383e-01,6.413410972902574558e-01
5.629060921771913417e-01,2.176912750400097352e-01,2.962182522105734073e-01
2.020527575010137022e-01,6.390784651229521884e-01,6.755880002258286554e-01
8.320412515547412902e-01,5.417891514604284975e-01,2.996868347419689993e-02
8.730526791029223910e-01,7.936779623739521616e-01,9.065619870806223002e-01
3.850245226124825448e-01,1.135948188588575825e-02,3.029576423869586588e-01
4.438395539761437192e-01,9.978460318787968353e-01,6.696347921319344421e-01
3.550154505541257555e-01,8.874836765734065436e-01,4.799422581305331503e-01
7.125673869398060356e-01,3.425970181461313047e-01,7.672418897328551202e-01
9.369385118217796737e-01,2.388240042985022571e-01,9.595307145470735044e-01
7.911367911715933010e-01,6.053721793934141449e-01,6.626715348030502994e-01
4.336178588447244797e-01,6.068791469236679559e-01,8.582885557338556515e-01
9.172959045874897743e-01,4.801528398899845840e-02,9.015492989545571545e-01
5.347751501570837673e-01,2.212217106603047156e-01,7.731873539948183049e-01
3.172481405628955198e-01,9.914766005184288966e-01,9.851976651985193678e-01
9.067861745248495531e-01,9.434051613532025149e-01,9.682645590669957114e-01
2.766240941018703881e-01,5.030470844715340117e-01,7.340788697586925204e-01
1.467959979158062200e-01,7.182731308936209924e-01,9.359906585063358930e-01
6.047629756458857697e-01,6.285894491045661558e-01,6.220752664000561705e-02
2.542717174541093694e-01,9.924181137817342790e-01,5.679204278282353746e-01
1.575268731467199812e-01,9.425848983154480054e-01,5.603377403616225383e-01
5.866306120070192698e-01,7.409900456946454383e-01,5.738702688479032643e-01
8.276484368070313735e-02,2.372257851769677961e-01,3.152000925910872775e-01
9.890200544311528175e-01,9.212914426842249149e-01,9.446589372359093240e-01
4.023489946633945769e-01,7.959683258108862791e-02,3.226161253344788094e-01
1.720075727230226947e-01,8.405132106555404103e-01,2.990877925067859655e-01
7.371152398001945549e-01,3.011389449162003018e-01,6.625819966087591606e-01
7.309561557652988206e-02,9.009761159523160812e-01,4.777665996281782457e-01
8.235125601642531157e-01,1.671145966609796085e-01,7.206021107250921709e-01
6.676679752063553464e-01,5.464013263355892436e-01,9.069822904132444075e-01
8.833812641921039432e-01,2.489411687121109162e-01,7.047284356050864673e-02
1.804384948958663859e-01,4.911813619455918101e-03,6.287055563400105740e-01
2.040416800789911500e-01,4.370527284341403362e-01,5.521878173564195302e-01
3.794614045458755136e-02,8.959026457649060804e-01,8.742603509024378106e-01
6.845760029455258966e-01,2.758713346959569268e-01,6.731655671242783301e-01
9.161001478356171068e-01,9.626346215984997734e-01,7.812367955093777461e-01
3.357687056415471494e-01,2.206690909444142257e-01,3.179573420461591082e-01
2.738111532566077644e-01,6.387394359603629779e-01,6.810036184912717783e-01
2.051106746339731446e-01,1.728541823793727783e-02,8.226384458360148644e-01
2.620586437972762806e-01,7.961784403456492187e-01,5.827257225115016759e-01
4.556376101140381385e-01,8.059328492550000833e-01,8.208404925612290404e-01
2.511008086958005370e-01,9.498814952105357756e-01,8.583729199857376146e-01
3.273265843490241744e-01,5.432800113201257108e-01,6.415496760888594885e-03
8.142051323934472729e-01,8.205066896677082333e-01,5.109111870934988087e-01
