8.026986497379020591e-01,4.302938541992976651e-01,2.393147353877634886e-01
2.355003422337660357e-01,3.627776925899831584e-01,4.135948183661997124e-02
9.997373664716205921e-01,7.179056172500057897e-01,9.822738695133104159e-01
4.960317647474336011e-01,2.328058845158881285e-01,5.622599641878872623e-01
5.941825887552285579e-01,1.056074904603824249e-01,7.316292111503940321e-01
2.728698581210601271e-01,6.946605708207050922e-01,1.609788942859068372e-01
6.789895509269994189e-02,2.826409873103385983e-02,8.633076247117947855e-01
3.512425995322544514e-01,4.344186840336166089e-01,7.022073432303300722e-01
2.210092601917214017e-01,2.726825437090079074e-01,2.023285614201530969e-02
8.042692800616086934e-01,3.658976135055381773e-01,8.777767034645104216e-01
6.158928476693514842e-02,7.009875399065252921e-01,4.122355685156673388e-01
9.472589361224992288e-01,3.265528794154950454e-01,1.126702288415563080e-01
3.176188332169571638e-02,2.632772350547182283e-01,2.543340188305581728e-01
1.581772712505349343e-01,9.603991585664365394e-01,3.883901719015028231e-01
6.067775256667997663e-01,6.305076724007114830e-01,8.665820185060829628e-01
1.965688320788501198e-01,9.972206350622183635e-01,3.726764009655053611e-01
2.575494991855875604e-01,4.453190732903019589e-01,9.209364978366777477e-01
1.713770932197972163e-01,4.259104676360994102e-01,5.143987724066392264e-01
5.500114154752991924e-01,7.689225990250091458e-01,5.262430624806010426e-01
6.992457846585743431e-01,7.947791422267147521e-02,6.483049226737258586e-03
9.838957458321953009e-01,4.925309036295647536e-01,1.296634616867488043e-01
7.914382094220946406e-01,4.222807837547845056e-01,1.760505479947571672e-02
4.676620796559440851e-01,3.162931809507073533e-01,2.845562634911088518e-01
3.116257095773649066e-01,4.291778693776925335e-01,4.490878862330430765e-01
4.167575825364056019e-02,2.695514073240964370e-01,3.487162521075926058e-02
9.957761007774279527e-01,8.284762953333031366e-01,6.849777081043075810e-01
5.367355070632808811e-01,8.567884800835539050e-01,4.994951802296510035e-02
6.134587394376008751e-01,2.390751676682336679e-01,1.778656247431428250e-01
2.769401823695630815e-01,4.556699736591418581e-02,9.612319881687358958e-02
4.179882217779627984e-01,2.903787915892535043e-01,6.777293226900955592e-01
6.051921337371294340e-01,5.138640812201460406e-01,3.008044526477356984e-01
3.316519147748664409e-02,4.557503395293458492e-01,3.401264146400518884e-01
1.342426685093772720e-01,3.113592241719213005e-01,2.899811552332207665e-01
8.920626097807625721e-01,8.946038767883568443e-02,2.164730800681929912e-01
3.584093004498425383e-01,9.428960428936550286e-02,7.508799011323139538e-01
6.520567760866038398e-01,1.636122892558243835e-01,5.768082654539427034e-01
6.560768134664818341e-01,9.021632722216474942e-01,6.966049226741710676e-03
6.314877357616540676e-01,5.255417809644630234e-01,9.376501994613961610e-02
3.641392419948834558e-01,8.442895853329454026e-01,8.395552291034491521e-02
3.724832862756077834e-02,6.425404691238395527e-01,5.981985350490680586e-01
7.921122076987250349e-01,3.313252874864193176e-01,4.363892650558108821e-01
7.981635093421085569e-01,4.761725329233718051e-01,9.821256845794683610e-01
1.017448002079529568e-01,5.159166326718805928e-01,3.579396010132327444e-01
2.361698134512768554e-01,1.187463733634841478e-01,8.843372263495227203e-01
7.714369608842859272e-01,2.967262504840003645e-01,8.339707441318282566e-01
9.145527907647372778e-01,7.827221102662993424e-01,1.519089978985820322e-01
8.915415127700228037e-01,1.139976420075849983e-02,4.010747931534573985e-01
2.805353632760516636e-01,2.170335211252470975e-01,3.030609835429507459e-01
4.721264143444181549e-02,7.223025179479244384e-01,8.764261941910304055e-01
2.883167487388247352e-01,3.748288571995139762e-01,6.444083111252973950e-01
9.713586859589562472e-02,8.295691048427701331e-01,2.946283569499861255e-01
7.305149518435435363e-01,5.143314949837511918e-01,5.683483581365049719e-01
5.320128019709373657e-01,9.323217525799099015e-01,7.719584674949392378e-01
7.969516041085596969e-01,3.728387484762744064e-01,5.915280945173381211e-01
6.953483197739723787e-01,8.196055465855740518e-01,8.858316954083150785e-01
6.563428767585530732e-01,6.987590545673766362e-01,5.752850560588669282e-01
2.301732129463048837e-01,4.048582343981174114e-01,1.276565445434296731e-02
7.128286173083550059e-01,3.563588172959603062e-01,4.378634012375903772e-02
9.575523968331872693e-01,6.117467997335355179e-01,2.007880402256342345e-01
5.059916695766668582e-01,1.650274547605831144e-01,2.396707180962762695e-01
2.352275580703211411e-01,5.176358447538431662e-02,8.824593563261160512e-01
4.545074560036532763e-01,5.351751936839148627e-01,9.571022248686151812e-01
7.053604583456305477e-01,6.542190122567465016e-01,3.190683060873922283e-01
2.678295536650249220e-01,9.380281891731800936e-01,4.144263360793029038e-01
6.099518856264839473e-01,5.189924209921947806e-02,3.789608443759534540e-01
9.213912018459257114e-01,1.426734154968544166e-01,4.368451319989974380e-02
5.780352979534923996e-01,2.043440772358524615e-01,9.487606449301619893e-01
4.590969961364359531e-01,9.335548373964859259e-01,6.110416510971192761e-01
6.933848614841638947e-01,8.894878321104648933e-02,4.973625069036609059e-01
6.090363632143944717e-01,5.938259314907637920e-01,9.619950407064516984e-01
4.584446446435748168e-01,2.873003228774213547e-01,8.507537124468034229e-02
3.660257003044206092e-01,8.737154742462723833e-01,5.162548292289685925e-01
8.312717720044502379e-01,5.548043131256578109e-01,4.160765348901067640e-01
9.084931140801264515e-01,8.251200953463342369e-01,6.512443584018219322e-01
2.892194142782229527e-01,7.192198653101770089e-01,8.612895401492979275e-01
8.494280849820677881e-01,9.661539111894738019e-01,4.017182931935745493e-01
5.012467779059340822e-01,6.917459708161733944e-01,9.507846867500520105e-01
4.611302558453508338e-01,2.434733489678843066e-01,3.108966522940258548e-01
4.650354545788741856e-01,1.806033035252503360e-01,3.726391165372877623e-01
7.123797277291705754e-01,9.263961746584071788e-01,1.976391187826959106e-01
7.558556238173536057e-01,9.407284569423008946e-01,4.326400329321354876e-01
2.314558052889226225e-02,3.166912752333925773e-01,6.292734046108476864e-01
1.865309096077588658e-01,7.542631016676001332e-01,9.409352747033553621e-01
4.841119144374150807e-01,9.178896174930296636e-01,8.652514927059939964e-01
4.102833120650966059e-01,1.859887940965947450e-01,9.488638502567638966e-01
6.240463270462478507e-01,8.071619083030079356e-02,7.033416900823866724e-01
3.524430178863280361e-03,9.852441961080099508e-01,6.478370169020205571e-01
5.999821958210520556e-01,1.153696502736488716e-01,6.646576072783219047e-01
9.523294122580118204e-01,1.312298523122998883e-01,3.656797894605868793e-01
3.979516343909703657e-01,8.205786902420740825e-01,9.788060589343307027e-01
3.210693370818836767e-01,6.360777587870947158e-02,1.299865791247234448e-02
4.897637177021518795e-03,3.535393932349898405e-01,7.179378695211707795e-01
2.628422266740334523e-01,2.326329554263966148e-01,1.284291183246394352e-01
4.244078801919548560e-01,9.550781439832148889e-01,8.925841980940379949e-01
3.482441200436491302e-01,8.833739442225831962e-01,9.659691633413128864e-01
5.025459659102817778e-01,3.827586672641701826e-01,4.174038351501965227e-01
7.955072616750660242e-01,9.786962586869282221e-01,2.577482116837270798e-02
5.486280217347512256e-01,8.077334902967610031e-01,4.308334706316773177e-01
4.021506396829633845e-01,9.365067425320545702e-01,6.210034536771117386e-01
1.132383552218750866e-01,3.944327882804632424e-02,6.232310615619662819e-01
9.626814631943572120e-01,7.283772016722669385e-01,3.854413555129498903e-01
3.533813152692725224e-01,9.436154479578670040e-01,5.194643292456787576e-01
4.389542491233402455e-01,1.455890241438494437e-01,4.475819796481460555e-01
5.314330303635540487e-01,1.506997132988879828e-01,5.057086991374087903e-01
5.883456963916039451e-01,2.377306947514653546e-01,9.468461594607086029e-01
3.189810336631490051e-01,4.305189227842093347e-01,5.180860574719114986e-01
8.964334731887396712e-01,9.306402190751563719e-01,8.171735303992084809e-01
6.752514486953795636e-01,6.071230424263655001e-01,3.285725849992642278e-01
4.512806137582194843e-01,5.110701572797238246e-01,8.871014038710278715e-02
1.613390795711849846e-01,3.995222370908718679e-01,9.523965492648711617e-01
5.196327865495575793e-01,2.961848666008721764e-01,5.628279542076644049e-01
9.700985298280162539e-01,2.043550058825582827e-01,1.261037432951431780e-01
1.106361995967531930e-01,9.578523109851063699e-01,3.309746970905519392e-01
6.819032523734033235e-01,3.862600785793871561e-01,2.491944928400362524e-01
6.989514185880809638e-01,5.974821484893305668e-01,2.156674006838295021e-01
4.909696529746394589e-01,5.612893777714079713e-01,6.461235579488390224e-01
3.834961883178027442e-01,3.363634899966868597e-01,1.292407151741679083e-01
3.543895507228450592e-01,7.293296567864726576e-02,9.648560385525760674e-01
8.760281336542153907e-01,7.388645740432523423e-01,6.695616033795881439e-02
4.109739056033702154e-01,5.422789724150807178e-01,3.434638849135488448e-01
2.974444440737188389e-01,9.818200336088663827e-01,7.254390352248627494e-01
2.121238266719223109e-01,7.426918918019113081e-01,6.025409372247030326e-01
7.309582855470200258e-01,8.254302399906560117e-01,7.775083038334078545e-01
1.377616162552344203e-01,3.236546545034433287e-01,9.567848513204518790e-01
2.941097620070620700e-02,1.819985339184101436e-01,4.678576539218686214e-01
5.659345801637377660e-01,1.683643860738138764e-01,8.236893431656517883e-01
5.693399524403419676e-02,9.378509511797239462e-01,9.080952338685288616e-01
5.255250438756556841e-01,7.631843301656497935e-01,6.287931709475381714e-01
8.875704982519592168e-01,9.568758299385992094e-01,4.074767079190299013e-01
5.231760766739587121e-01,5.451273930673414814e-01,6.824876218540172346e-01
1.280244953179071610e-01,1.354902426670351323e-01,5.938648995697733968e-01
9.736853479736337080e-01,5.407436610949429845e-01,6.318762446784940146e-01
7.660529817738122027e-01,8.309084409215972133e-02,9.003290558152402534e-01
3.580531522921944765e-01,6.946818112210191298e-01,5.445803105699185132e-01
7.397258619298929805e-01,6.349510558559433582e-01,1.467221410527462799e-01
6.213375335562739687e-01,4.262106619511480954e-01,6.508452837886480324e-01
8.825141087205552459e-01,3.780838245811567466e-01,5.987952555903010010e-01
9.828062520351976694e-02,3.213724590535009806e-01,5.013502624725515444e-01
8.515004088377624569e-01,3.147101362410754666e-01,9.840150939685670117e-01
3.553454972941488821e-01,7.116227388771131368e-01,6.660911721090080340e-01
2.277536184418755827e-01,9.390816188732898917e-01,8.773613041822625469e-02
8.194090371305684517e-01,6.162433953782184837e-01,7.875500288058369103e-01
1.670115266363865203e-01,7.119467401659362871e-03,2.535106982758676963e-01
9.958649630351620319e-01,8.421507630136528810e-01,7.063430417916971571e-02
8.110917376068788043e-01,2.478824615671713083e-01,1.906021096977424945e-01
1.669378259557449118e-01,1.307036184277021729e-02,9.184218516708402280e-01
5.489870119312924013e-01,9.857146384941294359e-01,4.178103691787551366e-01
8.805806408852440148e-01,4.489218315286139793e-01,3.775490364204550087e-01
6.510041970702598046e-01,2.761858392821137098e-01,5.404221130395613359e-01
3.796631232613689733e-02,8.424870956222180185e-01,5.352692013615104605e-01
7.209859472396430435e-01,5.177900813253967227e-01,8.300274888746950186e-02
3.005282930451594892e-01,2.346819332960116133e-01,3.180657628123587655e-01
3.697114595411671312e-01,1.206630379278776921e-01,3.360951280351892612e-01
4.624638685411817107e-01,8.093244602327367421e-01,9.665785248038734068e-01
6.180438793032596578e-01,7.239875992399711357e-01,5.586162677509910468e-01
4.994225735839497027e-01,5.702215423295966534e-01,8.824586365692317358e-01
2.631600437062588949e-01,1.269840368558604604e-01,2.495544663093995919e-01
3.424661911809142589e-01,6.888772878614183304e-01,1.058130392978826606e-01
5.943672645973876456e-01,2.105186441762119109e-01,1.534204229064145553e-01
2.825949158637500735e-01,2.189784719028693427e-01,7.683793910688524464e-01
7.934469241676574969e-01,1.849718555569461742e-01,6.615825016373801937e-01
4.025956137736458329e-01,9.305455159652751274e-01,1.503064223878208816e-01
6.360174598094654463e-01,9.414635078120625611e-01,7.923513953852511227e-01
3.587083428249231432e-01,7.434122423417398595e-01,1.178195060587340359e-01
6.935669253971757930e-01,3.148130029561728715e-01,8.895029224434528592e-01
6.024823137372783410e-01,4.158175238957780850e-01,2.531784062502049348e-01
9.426880603923268875e-01,8.720567536140610976e-01,4.985862435110588464e-01
2.403034526685873251e-01,5.671054246466377124e-01,6.463862975536754929e-01
2.532640894252636832e-01,5.773754686835196326e-01,4.711400138570568386e-01
4.481708893758540313e-02,3.896796700719227236e-01,3.658692283140292378e-01
3.082746660865250954e-01,1.183942503914880984e-02,1.757054125526106292e-01
9.805971463668073929e-01,1.278959682810179022e-01,8.158617367225429184e-02
3.869375960991807695e-01,2.032348493382262200e-01,9.831447315595817082e-01
9.378472793938688046e-01,8.206049841315814497e-01,7.026419196784718935e-01
2.529762762077183424e-01,4.821658428878626834e-01,6.198804921330558493e-01
3.554036428765363631e-01,2.180274938786492811e-01,4.304195156393558763e-01
5.899424802116767230e-01,7.621923274730213471e-01,5.935171285855329604e-01
3.441022761565596388e-01,6.884159095596864564e-01,4.415327940450760602e-01
3.111431064558696225e-01,1.583208493757206625e-01,2.540538822343170189e-01
6.391754711891836083e-01,7.647322319967093662e-01,9.448738855819590610e-01
5.161528401504265062e-01,9.356888286665072663e-01,4.302607310179846767e-01
6.540272263995796642e-01,6.044500869790084829e-01,1.435459777346109744e-01
8.659051995628581633e-01,4.029992447684043189e-01,9.831167492583972045e-01
2.897476597200736581e-01,5.872728860057863098e-02,3.622007981274747435e-01
7.191258430458581374e-01,5.589821819516944679e-01,2.335902024908290686e-01
2.277920198739877833e-01,2.150640279151881940e-01,7.335848839758326578e-01
9.162256970524472743e-01,6.155511184734314689e-01,6.225316291450411210e-02
7.253422436095646741e-02,3.534352266967849543e-01,8.261656379750957901e-01
4.158630404859678942e-01,6.554748460029845569e-01,1.021952601475948352e-01
8.071895512933267014e-01,8.842473905013128466e-01,5.630180823909763932e-01
9.876989256796373517e-01,5.133086252731076105e-01,4.558751881057980793e-01
6.492539827057074442e-01,7.904876341089940306e-01,1.784119569600978172e-01
1.350498682936482897e-01,8.515300666589040723e-01,7.227665423405360556e-02
9.978798796341579180e-01,5.171439176542513838e-02,8.489246298118763301e-01
6.442118814390044301e-01,1.157031001354947852e-01,9.253507962529595732e-01
4.604095263968868146e-01,7.337739625885737471e-01,5.922901864974666752e-01
5.518961086391087623e-01,1.616898958978202350e-01,7.050629523981386537e-01
9.941830438869432296e-01,7.637849619018540759e-01,6.150091323298134682e-03
9.131074419010040133e-01,4.873939941583860236e-02,4.335883297734504094e-01
4.155032746036751989e-01,3.066080605380178126e-01,1.732688275553198043e-01
3.612013061687087134e-01,5.890836885528323297e-01,1.253604374631712703e-01
4.824529110833968293e-01,7.249221601151221162e-01,6.705145374533807434e-01
6.255038712897477149e-01,3.914893407124668823e-01,8.951117981870618800e-01
1.464172980237813393e-01,1.419948635579177942e-01,5.898940184165782918e-01
8.968058198632836708e-01,3.932790359958341364e-01,6.405292820315930946e-01
7.927773855720131602e-01,3.054671899848766525e-01,6.101145039998198127e-01
2.167068069285349452e-02,8.881920004623987674e-01,8.192071501234809983e-01
6.107636177050470572e-01,1.424601788028895255e-01,1.893356047176620871e-01
1.798071289820393215e-01,3.154633377973531383e-01,8.455131770175120520e-01
1.090724495799456628e-01,8.489739422251874057e-02,1.802781173331110542e-01
3.845551042850134937e-01,5.596994971151937337e-01,1.741962872664988282e-01
2.094227966833825949e-01,1.857062202889325775e-01,1.535307679214870102e-01
3.380938274191854775e-01,1.533257330865627210e-01,1.450174225785403337e-01
4.791705032101390982e-01,1.761468067243010527e-02,6.835908987050169916e-01
2.374624120630942636e-01,6.621898359441094062e-01,8.603445920162124949e-01
3.010216364837086100e-01,6.529898611208941883e-01,2.653693540851109756e-02
8.519610670678492426e-01,9.967024728699553915e-01,8.156079370772689741e-01
9.977681001050452414e-01,8.895203001967219025e-01,1.240392098296072554e-01
8.084914805235009494e-01,2.227039841172739898e-02,4.622003343204502679e-01
1.579317805074375025e-01,9.788354384477460091e-02,1.241253998274179926e-01
6.422632448670522187e-01,8.342231443491571197e-01,4.539029681331655519e-01
7.544840808052177827e-01,8.565345202332637076e-01,6.483765722923019448e-01
6.356734833427878373e-01,4.335535560787653342e-01,3.431816363112021318e-01
4.201855513307017898e-02,5.482455953591016673e-01,2.589475582978600920e-01
4.673661421490709067e-01,6.729561636279054460e-01,9.057089832037634736e-01
8.808468825229233135e-01,6.586423154638076927e-02,6.548865436733102285e-01
9.332765825106803526e-02,6.773479821723175087e-01,7.289681084346129047e-01
7.008298333114997281e-01,2.167988325655404447e-01,1.885376658901535274e-01
7.501465244760958662e-01,7.896376382229575164e-02,3.428098271092617777e-01
8.300939804592017968e-01,1.430201724789411655e-01,1.298028834794368036e-01
7.865281661120477885e-01,6.641558006154505422e-01,7.283233103006947484e-01
9.096674389695663665e-01,8.289151307585935768e-01,8.275573856400698647e-01
3.774813171208718510e-01,3.372314383865504528e-02,7.507880362416812225e-01
9.603702367294525422e-01,3.349128888754937527e-03,4.371544313762570910e-01
4.299678015305022916e-01,4.315042384543594789e-01,5.336912136686018382e-01
5.118218485180527910e-01,2.284181047535122078e-01,7.337331375047225768e-01
6.411968244158751107e-01,5.419048941938064967e-01,9.691531478432008351e-01
5.985257762381007707e-01,5.878975614080056422e-01,8.154245378839646285e-01
2.951897161971775985e-01,8.040956910956112980e-01,6.289675711018823945e-01
7.503218568241518671e-01,8.957891681008208762e-01,6.689783234580118920e-01
2.709313945852929173e-01,2.664757099249778216e-01,6.981139848730103514e-01
6.461426948110375879e-01,8.107991694443036357e-01,5.278232306554836439e-01
2.987468681736796805e-01,8.639993576665666586e-01,1.304070970106031568e-01
3.142576722806275091e-01,1.272819123913391248e-01,1.299975911312841736e-01
3.422178936931952187e-02,5.137739917482898599e-01,7.000588459860179746e-01
8.514648916588843930e-01,4.672345457707729466e-01,3.486488752055634244e-01
7.627992437480400900e-01,8.161188000809544985e-01,9.051550739406373225e-01
3.626853661938438389e-01,3.887615285329788506e-01,8.398979840753895143e-01
1.161136401392705020e-01,4.053373572274630021e-01,3.701580886287323402e-01
1.023759445364751386e-01,4.189762420281232247e-01,4.836790966703199413e-01
1.307089056585400977e-01,8.952006197461316317e-01,1.361810888855229384e-01
1.332204932342873072e-01,8.126491004837543830e-02,2.716199986366770736e-01
2.194397741158783388e-01,4.685440679333159331e-01,6.725116098258893116e-01
5.725458316846926410e-01,7.857058569158923422e-01,5.105655328580838148e-02
2.615341585288122328e-01,6.469404762577033452e-01,2.927508898514548097e-01
8.912203794814843594e-02,8.655441142856830083e-01,2.628742984395665561e-01
5.946267528460608132e-01,3.675691713871525046e-01,5.742735996590921932e-01
5.541498159232013387e-01,7.803646840511644367e-01,1.459532576969203577e-01
3.828928544600014305e-01,3.762604323991984856e-01,6.348511490052294315e-01
9.947071968447890322e-01,5.113581703026164327e-01,8.282707578564846296e-01
1.094388335415854563e-01,9.365803064700582992e-01,9.280426066205210711e-01
4.684972334634418534e-01,6.511564092958299632e-01,2.263929335766615702e-01
9.125321661601742962e-01,5.788385192225841136e-01,2.408390408292082618e-02
9.573323302590363015e-01,7.291106194203320623e-01,4.868268037127150283e-01
3.007823860728520149e-02,2.891976930219426478e-01,9.059571664423515802e-01
1.587318678638172109e-01,8.686380763051565479e-01,5.056967244703864939e-01
2.196354413595151822e-01,9.135163344997877521e-01,2.680599991100900414e-01
8.792298770257258589e-01,2.860701227625060961e-01,2.856141763316100146e-01
5.670792777686181063e-01,1.999713976590002940e-01,5.596311644280047570e-01
5.016604190000095720e-02,8.235201469881563430e-01,1.768772875455996152e-01
6.153508295801235484e-02,1.922553781938458606e-01,3.861423253855389426e-01
7.949286616339279465e-01,3.043879801949974651e-01,8.881752345262879933e-01
8.693842020283804040e-01,6.471465227664563447e-01,1.661523795132913150e-02
9.702629373284745729e-01,3.402997544904960980e-01,5.662721894775137876e-01
1.703339721593566392e-02,9.505600941930495429e-01,1.366574703649670042e-01
9.918436475032174071e-01,3.335202343742478259e-01,9.269943162250977586e-01
7.488048273999983184e-01,9.677801641092862450e-01,7.964602833876933685e-01
6.619735473980725704e-01,7.915745522783146360e-02,6.069563494637469914e-01
8.078452948743228834e-01,1.692033690897983833e-01,7.306838962824981909e-01
7.421967032494963812e-01,8.178871049199819554e-01,5.301134689683379975e-01
3.361015915747953553e-01,5.354772482487715202e-01,9.102347007348842167e-01
1.659358198408551477e-01,7.482348300654616535e-01,8.395164668384725859e-01
5.629882069402856182e-01,1.917265930508167404e-01,5.201315133009349889e-01
6.580815944808219298e-01,1.121872759362073646e-01,2.674437250266613608e-01
2.581703089220311886e-01,5.582263356907337659e-01,8.374967779916054900e-01
6.291451513694863440e-01,7.242657841685593567e-01,4.654127890384943678e-01
5.728905078961340491e-01,2.351264641497140540e-01,3.429157385098038358e-01
5.369724161674782614e-01,8.328921094515382428e-01,7.996951375293838149e-01
1.123121392876043068e-01,8.326448919021834927e-01,5.292302760524705274e-01
2.569516871027642813e-01,1.128108886069012495e-01,2.653172821561343708e-01
3.003691728670778716e-01,4.016408142190591724e-01,5.501562340296853870e-01
8.531327821070751050e-01,6.323684358429082497e-01,2.723591244740608541e-02
4.344518651737102610e-01,6.690563172809962378e-01,4.467261452027067037e-01
4.948664870766176227e-01,9.684056592669774144e-01,1.367880612506077176e-01
6.829919635847199189e-01,1.515309491250201868e-01,5.677458042220542289e-01
4.258080389671723420e-01,9.015095698309945060e-01,9.155275685409858255e-03
8.436688963468158553e-01,7.132998710320073155e-01,3.997720660163380790e-01
3.497834955436459614e-01,9.282192331747037839e-01,9.146248309943503241e-01
7.754908164721175945e-01,9.333434554509251191e-01,3.581359325639382751e-01
7.520553788786611404e-01,3.043684802199038142e-01,2.475157167037396189e-01
2.273831670967904062e-01,4.507690814307473426e-01,4.916328950638606532e-01
7.135784104110791670e-01,1.100779611354454346e-01,1.554179087311694518e-01
3.853100436231328141e-01,5.490357530972245215e-01,2.997261675166403849e-01
3.869992049472141815e-01,3.776105600953783004e-02,8.755915903012205792e-01
4.367870710570326276e-01,1.019772611606295509e-01,6.843679901382804243e-02
9.239686783331109154e-01,6.037973974184929205e-02,3.337892497880179388e-02
1.580751926404466712e-01,9.400208527220276222e-01,4.983302748644289348e-01
2.832915384939943548e-01,4.912133714583873934e-01,1.134993599538111075e-01
5.349214288100352377e-01,8.208194429815874882e-01,2.872989184135786855e-01
2.548846545482649217e-01,7.556360959345022055e-01,2.255938727286981305e-01
1.621477849403751836e-01,1.396468300481785718e-01,5.263782381043325964e-01
3.817905709864659602e-01,8.136514759477118108e-01,4.252681811518099764e-01
1.812069646488144725e-01,2.350071628285939074e-01,4.582474569604743087e-01
3.018185934138273296e-04,8.369010250726907074e-01,5.248922538139169092e-01
3.337421408505726328e-01,2.539896789702106306e-01,7.061244843880946087e-01
6.139212713140144162e-01,3.507709342052428569e-01,2.115282300640353164e-02
1.976558852976018077e-01,6.128424145161264214e-01,3.540170869750299820e-01
6.686178407253435818e-01,8.819343826494245864e-01,5.419680928883146009e-01
2.565403687846923297e-02,2.754144858018614528e-01,4.458691807748053071e-01
2.258589029393858194e-01,6.346495408665543403e-01,8.300137239132189260e-01
3.231152112983529667e-01,3.371786146603199530e-01,9.028132510494990548e-01
8.829033097542183794e-01,3.118975332789791777e-01,4.681958548788216490e-01
3.239585026477667107e-01,9.645511434047469024e-01,2.763394350792097720e-01
5.439221062431971454e-01,5.942968498538471200e-01,1.350366483151499430e-02
9.440451173421464670e-01,8.059487076442979347e-01,6.595684528228920041e-01
1.337681021214647270e-01,1.675384764278236016e-01,1.632681575330063861e-02
9.633387636021709666e-01,2.340701063321543041e-01,4.236756004867662240e-01
7.560927257884925146e-01,4.235950865962219147e-01,5.125477254225559998e-01
8.747049039642440516e-02,1.244396363512848547e-01,9.570602030306112340e-01
9.934364272879665503e-01,3.976032263765201247e-01,5.760517593117953083e-02
3.746530102742737789e-01,1.442501260771622551e-01,1.466748717671308988e-01
2.470576165935527424e-01,6.389981474609309764e-01,7.067792084097145322e-01
3.668761868750614052e-02,6.734946306296848428e-01,8.636337903547143258e-01
8.299184126007603801e-01,5.287174148072726343e-01,6.776345939000155694e-01
5.879525648764881707e-01,8.914821056129808019e-01,1.739459686961069007e-01
8.433308096474975146e-01,7.693168840069296577e-01,8.999549617095388143e-01
4.233203780587877496e-01,3.300605069406692404e-01,6.944760402762568674e-01
8.492758805033412406e-01,1.730468403924551035e-01,4.215935524521813305e-01
3.289904174684105120e-01,1.767499598373204472e-01,4.075943007288572728e-01
3.147608794464884507e-02,2.557037188444799547e-02,4.835693336294749622e-01
1.556207337896724496e-01,8.250731329103165868e-01,1.733622565707425567e-01
3.192607114348393615e-01,5.949583182127118341e-01,4.360732279718457782e-01
3.367933842943476863e-01,3.026261936087011328e-01,1.892506014536244896e-01
1.212105799496263625e-01,8.507237607900621779e-01,1.972193311035930208e-01
8.286741205487865303e-01,8.825687605500637245e-01,6.820204678118572117e-01
2.988603920090067145e-01,6.424593423990262453e-01,7.990581916540894225e-01
7.733916444056303519e-01,3.114305170451582283e-01,3.777415188316941563e-01
8.423466526674463495e-01,5.659392456151035589e-02,3.410469915484336534e-01
4.119338939768069086e-02,5.245780704057311228e-01,2.694233995980435115e-01
3.093210477938227454e-01,3.386382018127606086e-01,7.657238324669932705e-01
5.402200812924905504e-01,5.132911895575875683e-02,7.405387373651017846e-01
2.666910152970352055e-01,1.701480850508257925e-01,4.838019777874836835e-01
5.372760549451933709e-01,5.389103178211765988e-01,5.022364743593727976e-01
9.033882208134493830e-01,3.838040622746785591e-01,9.365752020682975854e-01
5.531484539898501307e-02,5.413126212867980236e-01,2.380384616421883370e-01
3.517969089713139930e-01,6.601374891486143648e-01,4.671258620822036356e-01
8.617488532831716341e-01,3.718196736146929249e-01,7.091392587158532601e-01
8.746500153665002220e-01,7.313585571552796427e-01,4.216765746903204937e-01
3.532029203475718360e-01,9.669629712671188315e-01,4.509006660984524739e-01
3.163430484048799229e-01,4.123090035972951650e-01,1.598194735310288772e-01
6.268855799727842681e-01,5.340609689790118964e-01,6.593355429349950780e-01
9.098829318461901794e-01,6.254809345150145194e-01,9.507926425073177645e-01
1.394680495703677359e-01,9.213736245724555296e-01,9.301876630222281062e-01
6.783472837898768537e-01,8.421158002264543807e-01,3.899379358009831265e-01
8.934995038973375658e-01,3.031255424920190622e-01,6.494833483759464565e-01
4.385677016594762279e-01,1.910342449973068124e-02,5.770916433717903082e-01
1.299101359862220306e-01,6.133754349974172015e-01,3.681758363146862001e-01
5.789582724686429538e-01,3.353513790723100518e-01,3.598694915319311516e-02
7.556055354981667804e-01,1.318499912292889764e-01,3.169019354822422141e-01
4.016429425226685224e-01,8.004791891823476169e-01,5.420076012499002172e-01
6.098708890183416331e-01,1.748930518171672999e-01,1.143919349938674612e-01
2.238567101590225317e-01,2.877126825146019140e-01,6.210223741039372358e-01
1.537566621781174536e-01,9.281785986994219861e-01,9.496587606054338604e-01
9.393351322339245080e-01,4.482178656674916661e-01,8.963253682227301233e-01
7.926955339238542786e-01,3.480530431570928451e-01,6.986779835341808687e-01
6.375673451410032166e-01,4.168126524216064777e-02,8.524032995999238915e-01
3.932248044658905872e-01,6.100221877227042233e-01,3.354637847317799570e-01
3.399243989643215835e-01,4.429261444177385876e-01,8.848321389759404854e-01
7.605385553134923482e-01,6.536559115761819694e-02,6.860095961707917134e-01
7.794790112693431583e-01,7.922503380926648742e-02,7.394894284858190003e-01
5.616229188749929380e-01,8.440060343889788097e-02,6.496101654230789224e-01
3.957375464788069896e-01,1.408396095305282092e-01,6.528467320103416016e-01
2.906500228227737459e-01,6.318495584438872381e-01,3.746940223652547308e-01
4.023632206271393619e-01,8.805863580080606212e-01,9.416020692373296974e-01
8.867257673021811115e-01,5.407330345299301566e-01,9.604827645611107023e-01
4.538142893177157244e-01,9.382306061515340856e-01,5.952628575118334986e-01
6.162068976174017720e-01,7.914343363118792052e-02,1.524973482819540482e-01
2.861023252299187414e-01,2.615566645162146209e-01,5.756806990902868515e-01
7.854615263400945846e-01,9.288520550572564316e-01,2.254537649618105766e-01
2.171798818193415581e-01,5.674788053754253880e-01,7.466782855086709914e-01
8.702239536919966767e-01,5.134492984381994196e-01,9.588979142243503340e-02
6.759165381142052675e-01,7.516859606091251811e-01,4.231211974213348048e-01
4.228753833815814822e-01,2.545241135007197952e-01,9.167769596458368309e-01
8.211962168042914456e-01,6.851449377027307719e-01,9.424974331738549260e-01
8.394293113356998681e-01,9.240976723601160847e-01,7.884395962722342555e-01
9.686776128096724614e-01,2.737705246165647033e-01,9.328630509973264706e-01
3.094185887478417829e-01,3.072546300102055872e-01,5.951440735465379772e-01
8.737331308141069730e-01,5.048357283315824118e-01,7.161362109598892189e-01
4.001906247909603476e-02,8.596855560311544853e-01,6.637665557220693291e-01
6.910532867599294971e-02,4.638622288611360389e-02,4.820424073260182185e-01
4.575522720359564977e-01,1.820584418807150717e-01,4.355010071790259563e-01
1.489183976409115262e-01,2.574142651447690611e-01,3.080861894734737705e-01
7.822609614179120152e-01,3.091533426485610914e-01,3.241797063240888788e-01
3.678182896881376784e-01,6.765589864782184382e-02,3.215049045867200972e-01
9.248291508304117281e-01,5.353011098270327173e-01,8.702716895664683872e-01
1.171356591551701021e-01,8.888097527982097290e-02,4.173748561608051633e-01
5.773082252265938630e-01,6.497215733466563670e-01,4.007336424105742978e-01
2.103916045412080882e-01,5.317518526058023776e-01,1.894109027995338757e-01
9.108382339350757917e-01,5.543389191424606954e-01,2.208269264139661736e-02
9.739242672764018005e-01,3.914022162889425616e-01,3.986888774883405873e-01
4.561528150000502269e-01,6.491066058129153493e-01,8.260383004901283854e-03
3.503868177914286619e-01,2.100835926023261191e-01,2.461966285468880633e-01
7.163549290122500635e-01,2.698652314959821830e-01,4.651076682417405461e-01
4.539544298211938278e-01,7.011255455208780241e-01,9.132778789089723848e-01
5.917484631843827891e-02,4.401190344522729614e-01,6.059632334114342100e-01
5.032991912281420399e-01,5.260212308913885249e-01,3.161302397064478242e-01
7.998146262067024059e-01,9.215994145920565206e-01,1.394481147680688427e-01
7.176260398913032468e-01,1.305671451238996639e-01,2.173091423932516086e-01
8.114451499975845472e-01,7.065860619954027477e-01,5.417779474449803123e-01
8.136039386961613218e-01,8.273834036539285952e-01,6.098006659658052886e-01
7.052196270044237547e-01,3.221492940421009088e-01,4.449635621922806150e-01
6.630097942804613620e-02,1.858039780219687964e-01,5.283643335629809590e-01
3.195916180786417815e-02,5.053480469114581819e-01,1.890879880543713254e-01
9.587704553734099910e-02,8.256164882503680413e-02,4.942312455638027124e-01
9.050958493687946138e-01,1.807879346867811154e-01,9.985763354965326855e-02
5.041385273451096660e-01,9.211604507307112888e-01,3.929857631309433552e-01
5.687398032387328550e-01,4.214355410905399335e-01,2.571428096204233515e-01
9.107681724065798123e-01,9.793351167725468098e-01,8.223024633648944315e-01
9.566648952569559716e-01,7.289846444368182077e-01,9.734589557345385558e-01
1.747257456618303006e-01,3.165299352919105358e-01,7.175279402094164594e-01
1.845787779924993322e-01,2.332364939225922695e-01,9.904495084871793864e-01
6.565115297682506679e-01,9.648199562956450981e-01,6.272432602626133447e-01
2.036541418487699540e-01,6.574916692887478042e-02,6.590587814774548914e-01
2.268520538097590356e-01,6.992098606683777584e-01,8.807058246425052417e-01
1.433323650296659535e-01,3.463153167331413096e-01,6.383761936005998283e-01
1.190880637294535749e-01,2.638538458778660889e-02,5.190076977259591162e-01
5.433239165726156950e-01,1.813090513639264989e-01,9.985195244093958422e-02
4.807213626992781208e-01,5.258463230970102931e-01,6.365566614800638456e-01
7.384132127459313022e-01,7.820478264141204061e-01,5.865112415550526315e-01
2.326233725574308187e-01,2.241181646892953516e-02,2.332593737697911118e-01
8.694739487889691087e-01,6.895053107698217998e-01,2.504592291411765759e-01
3.165576002238390529e-01,5.739686215354298238e-01,5.866796767496630371e-01
8.249043106124810398e-01,3.250757868470746104e-01,9.402677597912143526e-01
8.179251552351164412e-01,3.073329213907318724e-01,7.457214700364659388e-01
3.401386933646488586e-02,3.158251074385888257e-01,9.515878881551401713e-01
7.679400960134530330e-01,8.735832512171946007e-01,5.977875005581159140e-01
7.487661229649434924e-01,7.593494263532468702e-01,8.363855125654132694e-01
6.940103782130360166e-01,5.328339371980777006e-01,4.370375217500781506e-01
3.739594364706955165e-02,8.922461075410103026e-01,2.870006136548938214e-01
7.355188422579539420e-02,2.679616674762199668e-01,3.682566744909193668e-01
7.211530088259411331e-01,2.889811420804034858e-01,7.083025975498059568e-01
8.548054100327668881e-01,3.274270100216417623e-01,3.326046289262138966e-01
2.305970816062103967e-01,9.123875737732711766e-02,6.567219773140442474e-02
6.217317447137148401e-01,5.776643082615116054e-01,3.963965255565491397e-01
9.030707691772998924e-02,8.988354687862422088e-01,8.654941351140719163e-01
3.732097753138294838e-01,5.281959896224726059e-01,2.227188263379495936e-01
8.227567767369386997e-01,1.223191786321929930e-01,4.028329963934544899e-01
3.274731899671686763e-01,4.865079290989224869e-01,7.085974747074257341e-01
9.855544061322493166e-01,4.129379265054222703e-01,9.480234559129729899e-02
6.713399035816981497e-01,6.092741633052813910e-01,6.965656793450015760e-01
5.821091648868969015e-01,4.931998752337252157e-02,7.474953079595580974e-01
7.939205655441082810e-01,1.252486670451402606e-01,2.494225689358785525e-01
9.371215688486028705e-01,2.195704007686871684e-03,8.479861309147677106e-01
3.813435469353387841e-01,9.824661036808730596e-01,4.739833770114253442e-01
6.645736196201017520e-01,1.446951955028867864e-01,5.037360436940855335e-01
2.421656564803775780e-01,2.604591293483774495e-01,9.149230234022969199e-01
4.257575008775792424e-01,1.718190569564524983e-01,1.835691553002709586e-01
1.925066374444767137e-01,6.988395112904856044e-01,7.985760911204934365e-01
6.681771235951120547e-01,1.389630675324684539e-01,6.229803972401315448e-01
7.943787133375294074e-01,8.574890870724293235e-01,9.841178477265364322e-01
1.476779000305009637e-01,6.353372076038471539e-01,2.598548595588381360e-01
8.542835895794840262e-01,3.964735617082364438e-01,5.417503279919180237e-01
6.037439931186439068e-01,4.790773383338622349e-01,6.490174959899404072e-01
8.279057153243095657e-01,9.672000046757391889e-01,2.984875514493622317e-01
8.083462794030278342e-01,9.482208472344511030e-02,6.785065641760139599e-01
2.072454163594092957e-01,2.585817465817090710e-01,3.886683351023900723e-02
4.055435175136498094e-01,1.672433003547335595e-02,6.962819322180637815e-01
6.599738172778433221e-01,5.386517165405624308e-02,3.318824958271490155e-01
6.799455138404861820e-01,5.360295259413028202e-02,8.271362208717609743e-01
2.251349870143719567e-01,4.398269218965158434e-01,3.106857627853816251e-01
3.007715505631792796e-01,2.781014147224959432e-01,6.346269532016194370e-01
3.000497230324286058e-01,3.446925133533937924e-01,2.545411731570009772e-01
5.378587179960983011e-01,9.369417940671027623e-01,9.630334209634235920e-01
6.241352041468234413e-01,7.042559238137862110e-01,9.902465884366629112e-02
9.885322705585893877e-01,5.516415609306810630e-01,1.957198210822373996e-01
4.298868353094325023e-01,1.374845745905602934e-01,9.896139004706316911e-02
2.098661760499688222e-01,7.637352982834955117e-01,6.448092096641885318e-01
6.286259038568530189e-01,2.523699653586414238e-01,8.852835059976523757e-01
9.361047466408205509e-01,5.905056118143515720e-01,6.126948839382097001e-01
2.494905271378246026e-01,9.884856212567485478e-01,6.878098409699928695e-01
8.162253399664516351e-01,7.392837899557959114e-01,8.051319654726952768e-01
8.616767318694072975e-01,5.943955991918614679e-02,3.493244966880449942e-01
2.699805543688504894e-01,5.110849754171750137e-01,8.194538856202945309e-01
9.995953367910886955e-01,9.830851396257419550e-01,1.066899101386411530e-01
8.886265492983185244e-01,5.626171349454489601e-01,8.843579817116876685e-01
4.721452544772940518e-01,4.029149092257999776e-01,6.930396932131728249e-01
2.722114039721212908e-02,6.067485992044362453e-01,4.299308245028858888e-01
4.620138013050173464e-01,1.329350075987012492e-02,1.095395116596901142e-01
7.755856855812390815e-01,2.658518707318983099e-01,5.327947031644424403e-01
5.045632821571188753e-02,8.683580141122811957e-01,4.217746593724004400e-01
