5.253423907350583955e-01,8.328116516310080097e-02,7.774966457299027356e-01
1.626870992828243212e-01,7.797520861637866618e-01,2.940821698554193508e-01
5.229533779258614956e-01,7.415884029952448664e-01,3.012345721730584902e-01
7.292735071105537203e-01,9.991055663867831615e-01,3.799905890348463933e-01
2.153496782080017713e-01,2.172881313427200700e-01,1.556785136524804214e-01
3.794879013475879193e-01,2.945849748157336467e-01,5.558869716705260311e-01
6.220301211034371391e-01,1.186899315293246104e-01,7.927302549124871645e-01
9.868576274584456298e-01,1.735710440008622069e-01,7.378820980183365963e-01
8.949030179579631206e-01,8.290139725716699770e-01,2.429092227664964021e-01
9.708990975306264204e-01,4.452914823452454041e-01,6.268811383720385155e-01
1.918173388290795867e-01,4.566811086711163314e-01,1.747605964815213131e-01
3.949974771318998101e-01,3.521658348244838255e-02,4.997207508467363946e-01
7.123948225390799305e-01,4.125803272088086615e-01,3.444973683723592250e-01
1.159127064311180622e-01,8.379031907607489282e-01,6.744982437963711330e-01
3.794679515554100213e-02,7.166589770404813153e-01,6.444049722561685511e-01
3.866782462868914028e-01,1.492708835241673970e-02,3.752972849973025271e-01
6.370306432523367146e-01,7.786937507937560232e-01,7.043190005183332936e-01
7.911087645722182371e-01,6.219277156405615958e-01,2.045838504536162672e-01
6.490755577526661213e-01,7.751153309909335487e-01,1.835031970975244953e-01
5.618489453660083788e-01,9.538004236513570877e-01,8.823332429328922810e-02
2.675684751396334438e-02,5.147612240802404981e-01,4.227793550933356403e-01
5.327153767119370276e-01,5.957675016901187171e-01,1.816564352788611059e-01
9.753605457289236114e-01,8.815522878030846998e-01,1.529597115580620947e-01
5.380145221690912916e-02,7.718979972514826704e-01,7.291646576086103781e-01
8.380663271726609409e-01,5.088901346006167170e-01,9.145678769879291847e-01
7.097138660071623528e-01,8.538781435987918833e-02,2.665919365885154324e-01
3.124147665498954174e-01,1.405315785034183529e-01,4.270404456404452986e-01
1.741067793241367623e-01,1.420867113142666449e-01,7.476401858570180803e-01
6.866592408208112008e-01,5.974064807709387193e-01,3.884841422938323241e-02
2.578291201797627830e-01,5.800199770478178252e-01,2.898727125495286217e-01
5.753955994523332063e-01,6.315977911892965979e-01,9.595908324483087837e-01
4.475595792309654541e-01,1.042893419812633837e-01,8.086041116901424575e-01
9.703936828162582628e-01,1.774093702556203134e-01,6.751018563226482971e-01
7.225310395012524145e-01,5.167397085468079521e-01,2.216756177198957456e-01
3.611278143256783091e-01,6.375416095894614887e-01,5.496290365574973968e-03
7.471883485737484953e-01,8.132052917510441681e-01,7.513032714968045367e-01
6.620307527559414762e-01,7.433200738476772873e-01,9.946327767175033863e-01
8.789286347292146750e-02,8.481446488993849009e-02,5.758833139802027601e-01
2.153135390603964083e-01,7.769102442034113709e-01,2.979417791552354533e-01
4.097843140175297938e-01,6.785438183004471879e-01,5.814407944496507996e-01
9.047309364525788489e-01,6.758946570215179639e-01,6.325011475360737823e-01
7.306589197383505097e-01,8.629477841690266215e-01,4.414521043445610582e-01
3.211455988034028763e-02,7.017854194987052097e-01,5.741358580458111316e-02
8.401949822104238796e-01,6.979547520512190406e-01,3.624481125284524374e-01
1.531807421232302957e-01,3.833738158095851833e-01,4.258508248884247394e-01
2.572502191487691103e-01,7.528358618090081888e-01,1.690231673937868662e-01
2.834394684916237139e-01,9.707797384327395696e-01,6.980516475130580378e-01
6.884139986919268761e-01,5.576398531813034909e-01,2.100370113802665362e-01
3.251361402952201995e-01,6.176389660276315752e-02,7.131962147409098840e-01
9.778913398764069731e-01,7.188102484458279706e-01,9.339652424772394435e-01
5.033545839910810171e-01,1.163500845539054973e-01,8.116164046913021402e-02
8.563671436500243095e-01,6.677770477289838302e-01,9.841304350059874029e-01
9.657956969841150485e-01,7.793066931911817319e-01,4.391985716315855992e-01
2.854792247756449131e-01,3.002697028390783895e-01,9.811652094161897875e-01
1.903312337528253462e-01,5.844511118682036432e-01,7.122204071790126934e-01
5.714878522278460382e-01,5.764705017708456891e-01,1.397655179574801565e-01
6.834469802304343755e-01,6.190327235167460973e-01,4.191911430907369063e-02
6.009957906443482711e-01,4.490241850601326412e-01,7.808087191675570082e-01
6.664853753133710423e-01,5.631916568022080627e-01,5.046566916859124285e-01
4.977783610725453611e-01,2.908058540618538856e-01,9.689101871452254766e-02
1.630210783981415057e-01,9.123120339261282519e-01,8.075793493767706721e-01
8.601545619555793776e-01,4.127657446601804558e-01,7.370598071007562480e-01
2.878051483630187368e-01,1.236794755268039170e-01,5.646421403214202384e-01
2.253491088189460978e-01,2.519390628302814461e-01,8.084640488189309693e-01
7.880064513207696297e-02,6.136136334110101620e-01,9.594617439824204563e-02
7.396827870885555045e-01,4.317676283285881711e-01,6.148628965681963709e-01
3.285972227692111058e-01,1.824945167642449961e-01,5.313509316954520001e-01
1.916871659545528184e-01,7.465652886274997124e-01,8.274458327105441713e-01
2.695301493461393916e-01,9.643152925269301567e-01,7.035654371541754104e-01
5.950295813512624932e-01,4.369007741210223505e-01,2.524190861528611274e-01
4.744840740271381030e-01,6.306245034332935706e-02,9.504800327848068608e-01
6.012516889449838198e-01,6.929648249808459948e-01,9.235504598943014010e-01
4.778697710170088930e-01,8.936934542659401570e-01,1.486613282401295644e-01
6.792150886610754945e-01,8.784216419716751600e-01,8.595451997881069506e-01
9.162346624956267949e-01,7.059537001534502698e-01,4.340515888788787358e-01
3.029443012509930311e-01,1.591757238316748868e-01,9.021024877817843679e-01
7.588173946828024041e-01,1.811021238032105574e-01,6.857620398029468101e-01
6.542059945188627434e-02,7.773021673591317127e-01,5.257725449822221453e-01
4.470304286322674958e-01,6.507635184688522756e-01,7.732170949117084247e-01
7.640180998008516688e-02,5.253657706221932511e-01,9.177302736903124591e-01
7.489006911500650787e-02,1.653254638311019153e-02,4.476385061053289594e-01
8.546870875849457150e-01,2.459196465360679040e-01,1.687924893689116690e-01
6.919596339242031213e-01,2.232401096039060562e-03,8.989602173466054724e-01
8.291736514012991721e-01,5.992894523172859200e-01,6.268123438885266907e-01
4.602777256762990987e-01,2.248963926658240631e-01,2.555739235451456315e-01
3.215616327018228082e-01,7.150527383934179859e-03,1.553610839054919701e-01
9.576741366918163356e-01,1.486614404500742337e-01,2.075296189330921859e-02
8.725312287922604160e-02,6.051752827893093212e-01,7.655148355638963231e-01
9.570388722084747224e-01,5.668493296592315156e-01,4.869480523089926294e-01
8.762925442997352432e-01,8.283279346630747497e-01,8.372129418329574690e-01
8.512787705182343068e-01,6.762722496829701724e-01,4.918812293516887646e-01
6.587267857677114868e-02,2.119331070076487800e-01,9.889129173327210198e-01
9.049574556648291024e-01,3.259100369272005526e-02,1.242475729587674271e-01
8.924691163712836772e-01,5.275574342137037132e-01,6.907408679149823483e-01
6.033877721208754652e-01,9.217731601677155995e-01,5.088057157285025278e-01
3.249606076674359523e-01,9.712060352586451284e-01,4.368147572155595126e-01
6.723981968752572591e-01,7.949522428718557299e-01,8.314206111204207605e-01
1.079075276282529527e-01,4.009411736037452600e-01,7.336955271426706116e-01
1.868133900716919538e-01,3.160534328245029334e-01,8.753795435026477945e-01
4.078540239946873980e-01,1.575309406725278194e-02,1.190000405123461391e-01
7.133181254069163035e-01,4.683754160271467182e-01,6.496094743827430795e-01
5.771525524821036202e-01,5.425607962922506244e-01,3.511071987193908894e-01
1.191748764246935988e-02,9.014037084825621271e-02,1.938963664851967028e-02
3.153343550968330522e-01,4.755018705952607228e-01,6.659357990217625867e-01
2.957634179819693676e-01,8.953578619446632691e-01,9.451053490289180736e-01
4.595368366576421115e-01,6.030792176653896330e-01,3.381137149896453753e-01
9.360646143078895642e-01,6.060361051925351461e-01,9.454871393690316150e-01
7.402698068514359520e-01,5.945507870121413685e-01,4.832894553843295471e-01
1.006948612902962559e-01,3.059712074809499693e-01,1.666318507252060321e-01
9.094729962422141156e-01,9.157699756954589265e-01,2.380396471426015070e-01
4.303969704620116410e-01,1.517486090426360956e-01,1.219331080101899722e-01
6.165599605943508088e-01,4.233230966647215654e-01,6.053176424713447856e-01
1.474449771266012066e-01,6.440050240916114221e-01,1.412468826836178470e-01
6.483563697243727164e-01,9.941695099489822329e-02,4.234247884673707496e-01
3.495159697511429631e-02,8.983682342169885260e-02,2.370986134833579229e-01
8.769072859359663408e-01,7.667685373602899368e-01,5.971662419310930225e-01
8.173758100495541745e-01,6.407249818554527909e-01,9.440596533430253290e-01
1.572730772908630392e-01,8.182058047676985524e-01,8.136038876445133017e-01
9.592413189054985745e-01,5.343328563348784810e-01,9.797422788273371097e-01
5.626434387549360538e-01,1.687134563415806365e-01,4.443410819986185478e-01
2.008170601200989225e-01,3.622475093090788967e-01,7.444370667169116773e-01
7.860770217251584757e-01,6.780529294020656295e-01,6.482864381294335399e-01
3.019407131834228597e-01,9.756640730659019711e-01,1.184579431229079161e-01
6.319510355135125046e-01,9.727422040183836272e-01,1.983045673992865909e-01
8.279024827143345311e-01,9.072557135262961925e-01,4.993847267913742449e-01
2.846576242575219462e-01,1.083758793707231272e-01,1.827041010829818513e-01
1.104892316608411251e-01,1.179090321264164576e-02,6.709651290196756435e-01
3.361220343455251225e-01,6.170931101419359077e-01,4.526284732435734703e-01
4.464047340197720981e-01,4.304720866559376136e-01,5.795727044192523492e-01
6.409580045347200716e-01,2.501870134758841235e-01,3.170903248224208326e-01
3.333509685136434308e-01,8.242693753616368024e-01,9.178061865446934808e-01
5.846807635838491279e-02,9.826549867835037144e-01,6.690041460755432601e-01
8.894620425886812232e-01,1.439378503214502336e-01,9.336771091181028659e-02
8.060896139290457674e-01,3.338134402648872401e-01,4.828031222566310232e-01
5.065836112043770045e-01,9.692167981049233383e-01,9.803221034117015620e-01
3.440668055005136061e-01,8.628727952785485433e-01,8.729609330008414325e-02
2.434897487973582964e-01,6.971315060025832233e-01,6.125028090964851346e-01
8.371617269222271229e-01,1.922156700500750048e-01,7.190596653111338554e-01
5.299289712321417767e-01,7.885694598410514233e-01,9.637563886423137216e-01
4.200057833596027024e-01,4.987751494212304681e-01,4.436140790990493743e-01
4.233937755359962196e-03,5.428326844221675884e-02,3.559727469615684425e-01
6.075166736882043894e-01,9.928326125395409152e-01,5.497197469603338771e-01
8.144191357565961908e-01,5.982780944844485749e-01,7.363713464516683516e-01
2.138371554239637540e-01,4.842263103454195194e-01,3.151768335012892219e-01
4.407466653676050949e-02,2.110242267604416355e-01,3.294231353358608727e-01
1.641721831280679167e-01,2.331671686312088987e-01,1.418938298306382517e-01
1.544290351329553612e-01,4.324222555624746001e-01,5.296589140403717977e-02
5.677408078695475036e-01,1.473381162464770799e-01,4.237364503399702054e-01
8.862195945580214618e-01,1.240288061412255782e-01,3.226600111254862568e-02
2.265422748533203468e-01,4.535636920518986148e-01,7.526418792169644600e-01
3.420220891843417377e-02,7.715537272422856585e-01,1.445095083632190747e-01
6.683633971961998599e-01,3.945349239128984609e-01,4.346545351387521849e-01
6.751312198994153801e-01,6.033919414446695662e-01,6.415008625452056634e-02
3.151388664564084285e-01,4.136128439296538062e-02,8.310471161896058057e-01
8.640091736316866111e-01,5.380625389100015532e-01,8.705950259438355321e-01
6.462316731491719590e-01,5.738542906134799226e-01,6.795890983963511767e-01
6.819836051476149130e-01,4.072449405563820513e-01,8.534866642709337814e-02
7.066718278927105468e-01,2.842960860551075886e-01,2.980756884977475707e-02
4.123772114897167329e-01,4.842979963204314675e-01,2.060357488203892196e-01
6.496805086233919946e-01,5.217106116698393414e-01,4.990667198219733702e-02
1.504991504195608565e-01,8.285899553720553756e-01,1.526909456609978344e-01
5.725390332119559833e-01,6.666027225121299304e-01,6.700178732396924186e-01
2.095443701774185596e-01,8.369170035618059833e-01,4.551366090333600622e-01
7.733221910402350296e-01,9.905471751694744365e-01,4.182661098122547605e-01
2.365141687438349072e-01,4.761850566229972603e-01,7.118997941792043482e-01
2.750606692927363151e-01,4.344891936719599279e-01,5.744802262604584708e-01
8.191998763903477476e-01,4.622944791992215086e-01,1.101951133598596533e-01
8.241321076167199555e-01,1.367581224049475574e-01,5.900360942778566375e-01
2.023714399805115471e-01,2.050094123835416449e-01,5.229691158055180811e-01
6.346146292867219652e-01,5.699545280926709978e-01,4.341516018591943249e-01
6.303716181480216729e-01,7.231335804703823422e-01,6.948621508105460309e-01
3.801796883701119567e-01,3.503941770484167995e-01,2.226456552469480155e-01
3.798180168214708718e-01,8.770282122513617384e-01,5.216910962379103234e-01
7.558310135500224680e-01,7.075882927384982146e-01,9.700121465192242942e-01
6.449813665100888604e-01,1.228000114813763144e-01,1.624964201721806889e-01
9.484225168467953493e-01,3.882976553407764264e-01,9.383743236138072374e-01
9.173982385373754544e-01,2.094402052310629925e-01,6.890910805854448817e-01
9.039052906135641718e-01,8.429044683179999220e-01,3.729167794242104206e-01
1.441851022203988197e-01,5.965523978543539885e-01,6.473909868700922221e-02
1.617776634577716699e-01,6.303409015858727482e-01,9.826432742720392355e-02
8.393524926219141369e-01,9.544517333130085879e-01,7.069343539285228850e-01
7.504405466216427234e-01,4.032717225977602293e-01,8.729748014665285050e-01
3.184753486972606851e-01,2.038083075327989935e-01,7.484980017119501339e-01
4.281761230934200135e-02,6.084442181023231866e-01,1.972190791191583692e-01
9.963240332256189102e-01,7.702708857060229786e-01,9.132426464745261319e-01
6.496591308045429614e-02,8.329054395428707736e-01,4.316611136022467932e-01
6.819000720369203794e-01,1.849422540864840148e-01,9.850254072949845563e-01
5.955086758844193584e-01,3.478157624394437875e-01,1.677895858219460301e-01
6.186160990764010270e-01,7.601297213110173034e-01,5.796746895364592866e-01
7.393810362296204808e-02,9.205636070898963741e-01,3.197107615109631151e-01
4.282838893916173229e-01,6.585544829636492681e-01,7.839956598291635270e-01
9.582123414196598299e-01,1.405149425316585265e-01,7.960073622993517617e-01
7.987299743989111356e-01,7.781748444713791901e-01,7.422092470201898662e-01
1.172839241772706265e-01,8.050207375491845729e-01,2.425809151176789857e-01
1.005553558625419397e-01,7.337316032185912107e-01,6.563921695212617813e-01
5.438292169730651882e-02,2.632445621594650120e-01,3.391727463927498576e-01
3.012075630749603272e-01,3.737707169577888511e-01,4.886359562598509010e-01
2.846311691652958498e-01,1.937387875901508405e-02,6.491178142990581268e-01
2.379449540839306820e-02,4.087693524287611124e-01,6.584004783818847573e-01
1.050997176229944152e-01,4.164570662300117743e-01,8.106230079720844195e-01
9.115119246351514048e-01,8.126519554964667380e-01,4.030165225282307251e-01
3.282432525114660216e-01,1.031821865857180942e-01,2.837447516171354156e-02
2.734269869722317781e-01,4.867524826733964360e-01,6.977429613488734805e-01
9.086944296691703560e-01,4.166456387311510134e-01,5.928723850898449665e-01
5.645615046290330952e-01,9.663256947771204919e-01,2.158276948318791355e-01
1.454199456769136312e-01,5.466033708159856452e-02,2.163109079014896574e-01
5.223161378903095065e-01,2.668221760387116115e-01,1.175047659108995335e-01
6.502683475054289453e-01,3.358241453658107334e-01,3.275689146827579501e-01
6.862237871622371976e-01,5.457093329662776604e-01,5.764631174381700252e-01
6.391769623373022569e-02,8.994669878381570394e-01,2.908755503521517349e-01
2.728555809090247308e-01,6.078387761380485976e-01,3.034461280400873040e-01
7.302392884472185264e-01,5.147202516089479651e-01,3.337749844994991610e-01
5.617822114943601397e-01,2.240395330310004374e-01,9.301026180565518109e-01
8.143555228857063399e-01,4.901633580299311621e-01,7.653232621698662363e-01
6.997557265697520457e-01,1.322710884510841511e-01,7.589947227854628720e-01
6.179864437827699009e-01,3.495198479602501518e-02,6.255954186294222508e-01
3.072981154975322760e-01,5.521845921223340614e-01,3.474220677829013004e-01
4.911882981186915798e-01,2.924937308991845120e-01,7.643087520734168638e-01
5.636920619946116373e-01,5.554816145769210234e-01,1.880902958344822240e-01
6.731840405980670239e-01,7.128203495288107927e-01,3.611339281274597024e-01
9.816694026522165828e-01,1.385609150896267572e-01,1.843247024359084829e-02
2.555336210478584835e-01,8.419906538928079165e-01,3.941506663837863744e-01
3.909578317541386738e-01,4.582062641257098612e-01,3.790139732256169181e-01
1.061929244524502103e-01,6.661994613095177931e-01,7.874807412366369164e-01
7.137593487703994821e-01,5.235082437894624796e-01,8.966029150278584936e-01
5.046390071478695782e-01,4.524942675268135428e-01,4.799468743266398496e-01
1.461944910988985935e-01,3.950389334752927306e-01,2.661700227747727521e-01
5.763898712950887848e-02,8.603771375124590337e-01,9.193433300327720215e-01
8.325682504764252423e-01,9.311770164430224206e-01,6.585241471079814612e-01
9.956594933498652544e-02,8.991631776262120068e-01,3.494541961011855546e-01
5.682142841402345601e-01,1.878615141951692769e-01,3.404453007540884091e-01
7.831076958412763744e-02,9.051236369026375295e-01,1.054019931965245460e-01
7.563425377362922308e-01,5.461482606261509609e-01,2.673749832446556951e-01
4.251221184897824301e-02,5.383541433933832776e-01,4.690871024554068569e-01
7.233542623603516075e-01,1.553256883243531172e-01,3.928123802694121203e-01
1.618442135214884781e-01,4.812616613636465646e-01,9.762764344190675292e-01
2.385640878846839730e-02,9.147238088175722037e-01,2.757648975140150061e-01
4.564748512085395893e-01,6.001858989572628200e-01,1.839275945892060449e-01
2.704012815696804628e-01,1.833260731444356084e-01,2.553945925896285996e-01
2.254240202487931555e-01,5.710359644158570225e-01,2.536370563022434244e-01
7.966826587310549268e-02,5.782129269334711497e-01,8.675890808469621795e-02
4.439457206996572092e-01,6.349387878826655562e-01,2.251033362647479885e-01
9.445722659502544527e-01,6.887169398499906059e-01,3.450860966530723273e-01
8.744684230240840073e-01,6.523450066699928440e-01,1.652739410224768335e-01
6.179592031272508335e-01,2.342223146588939819e-03,1.719535850818414424e-01
3.820172185746313342e-01,8.836094159817272642e-01,6.210964083248019518e-01
4.231648309191771151e-02,5.482726548857992377e-01,1.934364474999147321e-01
4.565189096554014281e-01,4.543386455847229222e-01,8.399070078816032181e-01
7.000497978244425434e-01,5.204196567820162933e-01,5.561177167774573604e-01
4.837869189196239983e-01,3.092814950383608874e-01,1.464367853175230216e-02
3.218233809619964747e-01,7.036748997352313406e-01,4.374040918142800827e-01
5.549278645853052971e-01,8.167388934696111491e-01,4.902338664420669012e-02
1.071922876884531250e-01,2.267623961441526115e-01,7.854353021708393445e-01
6.170958691471571944e-01,3.049305906163233271e-01,3.229913264423054375e-01
4.908304400031103798e-01,3.661509833883653808e-01,6.772425861177892026e-01
1.119562112961776101e-01,9.257789775230581553e-01,3.624910493595273620e-01
2.419417311071032639e-01,8.907122023567558555e-01,1.343684757328772461e-01
9.316336051253316652e-01,9.289095924155895689e-01,8.031361637132523601e-01
7.873637383890877972e-01,3.739090408178147307e-02,6.859339683948743049e-01
7.731144261002849127e-01,3.705723350191475474e-01,3.214262806476000378e-01
8.540086714314989447e-01,2.855491197981682161e-01,7.677616639255469000e-02
3.134637143369765067e-01,8.547487601073788799e-01,8.712565860323939759e-01
6.089136142360218606e-02,8.911933172195304342e-01,8.022007242225389634e-01
9.530092940127444789e-01,3.481999382747015259e-01,1.936327861949425078e-01
1.259475438714731110e-01,5.331805038878685288e-01,2.474549452925467463e-03
3.850052112109959568e-01,6.792205546882061906e-01,4.920806013632826881e-01
7.865271807452710595e-01,2.042403967783327223e-01,3.329563085003149903e-01
7.567740071633157761e-01,7.605133463263684668e-01,1.526384686563451165e-01
2.845165018259576684e-01,7.655148459431750929e-01,4.234015289216152000e-01
5.075965149272375632e-01,4.756803339611203052e-01,1.763612198677955156e-02
2.454984801364110680e-01,8.371588716929162510e-01,6.363288969643943194e-01
4.890809958709261274e-01,9.953496745960561665e-01,5.493098294568455886e-01
8.779211326609807076e-01,7.254429103346577978e-01,4.165528968380527441e-01
6.255571069393146555e-01,9.606777312797903923e-01,4.057469546130118010e-01
2.509898098436158520e-03,9.607354373631236122e-01,1.369024079475448241e-01
8.793436680385413595e-01,3.615465799922189527e-01,3.558965861784441076e-01
1.778606453359986572e-01,4.736895031193173455e-01,8.281956147938462909e-01
8.519196182803646655e-01,5.890518369167953017e-01,1.403536631509785249e-01
8.210200437305643639e-01,9.179491871412641668e-01,9.667519590680971886e-01
9.019341994789227268e-01,2.203738245531083884e-01,8.885533994967754756e-01
3.599120294202146075e-01,6.380379948203670493e-01,7.264688059096087169e-01
9.578822862440610209e-01,9.794519643846575363e-01,3.988090547346934134e-02
4.504573142099406180e-01,6.864713180664772096e-02,6.531999139626522011e-01
2.534428533944702577e-01,5.729971457497485821e-01,7.556673018814428211e-01
7.136379781849784276e-01,5.506151013937967686e-01,6.452872237779959663e-01
7.085189692211844026e-01,1.326176202404938387e-02,3.281963847889650676e-01
1.394331766839221887e-01,3.865028002075066027e-01,1.180040820490515507e-01
6.250059417433552200e-01,4.222380489914446811e-01,3.815063207277255009e-01
2.101772554229822676e-01,7.069687356855463012e-01,4.841126531365850250e-01
6.921515019647775935e-01,7.861491939556108921e-01,2.301337538779997249e-01
9.688257491169779412e-01,3.811355228098842751e-01,2.159850939318450624e-01
3.135197166299276139e-01,5.488391716623286509e-01,7.435734074206463706e-01
8.375880950486158660e-02,5.905006455883284877e-01,3.001850349022893161e-01
7.751741221595773723e-01,1.409414578007859298e-01,3.554953842361748828e-01
5.048325407256054609e-01,2.805132325934392989e-01,7.459642836922747433e-01
6.665396025151896220e-01,8.413215786210593850e-01,6.855886433453817208e-02
8.599060071059688726e-01,8.669538743708460338e-01,3.425765606800830199e-01
7.308038048476470649e-01,3.432986707079531685e-01,4.612125616912822190e-01
7.122450001421753996e-01,6.252646409892144153e-01,3.726074644734469477e-01
9.423882696600007769e-01,7.316593369931929658e-01,5.609968458491184640e-01
1.224846436963638041e-01,1.580557690449587716e-01,9.755509081010520500e-01
1.479015848182977377e-01,1.172263536780413506e-01,2.736225751294073527e-01
6.123678519871094128e-01,1.909698983093643943e-01,4.928988604616997282e-01
9.653672507554560411e-01,1.695974161040790795e-01,4.500886353223737535e-01
8.732369067288939801e-01,4.658286948422700746e-01,6.638893986931876379e-01
1.253387162888066619e-01,2.497489907870853454e-01,4.338507555610953137e-01
1.055761148363635327e-01,4.811031237721558051e-01,5.717551903976475502e-01
3.830765780238536422e-01,9.343480416082861062e-01,7.788883555696528571e-01
1.883034508192420464e-01,5.527151026341965423e-01,8.522449221348438186e-02
7.415663155182234956e-01,4.739960704583590090e-01,4.423078236403285013e-01
2.597769416710515866e-01,7.705083702028376891e-01,8.400924255385003869e-01
4.574832961558448208e-01,2.130283336217739798e-01,8.875710096518718561e-01
8.679552801031107379e-01,7.124515788215743939e-01,5.224837697288520211e-01
1.837835383659613964e-02,8.325263273816272402e-01,5.128214004381888014e-01
5.372179670441895594e-01,6.578922294352446132e-01,5.473787906142852933e-01
3.524673300223217787e-01,4.224606642854983329e-01,5.157906124784119584e-01
9.823279870211791831e-01,9.120395098622212648e-01,5.131433998926515638e-01
8.915633915085490191e-01,4.569321131596582042e-02,7.547340281206987855e-01
3.968165852272518279e-01,5.005170331766416458e-01,3.820681336522496752e-01
2.248169727842955767e-01,8.265046254740271436e-01,8.683235645231477395e-01
5.300167482355009341e-01,5.788327161849300406e-01,4.805415416856567701e-01
7.882027063361235486e-01,2.744529302274612004e-02,4.857285509748058283e-01
5.152531552480749122e-01,4.170124401469652575e-01,4.973161272911419406e-01
3.612618673155435500e-01,4.040102206138151963e-02,6.512958358616982579e-01
8.655107656626788160e-01,4.780489138475247923e-01,4.848780002831848401e-01
3.600141079401346644e-01,8.677005393947971879e-01,2.078919015873521570e-01
6.977846407702723575e-01,6.484264410064732864e-01,2.232234277241822440e-01
7.715640612407514976e-01,5.390278214829405945e-01,9.491001062455350912e-01
6.400401010600823559e-01,7.743772504995104500e-01,9.343790867553088964e-01
9.001605630194109420e-02,7.858808737201135042e-01,8.576439640887523197e-02
9.481155774511322853e-01,7.642441073553660758e-01,1.779870524773601304e-01
2.751472361507817377e-01,2.184713902434206600e-01,2.973971995275004332e-01
2.970808565151648040e-01,2.514001287523097705e-01,9.861799953663890062e-01
7.601619155936530925e-01,8.039162296613541203e-01,8.174726693368421504e-01
6.169643537591533722e-01,9.893502002745246937e-01,8.503710703106515112e-02
1.494510843253860077e-01,7.208544345641665352e-03,8.573144867956741244e-01
5.105479911222683409e-01,8.650704773347800414e-01,2.159971308116481747e-01
5.909813278034917738e-01,4.671698117644980108e-01,9.173300609619247092e-01
2.816250519567468080e-01,5.916064044993666338e-01,3.673691952813097350e-01
7.889604477589496900e-01,6.020087940349045930e-01,7.554289216848431021e-01
5.426270640375863152e-01,8.150772398269920949e-01,5.674738166270070217e-01
5.371330325758120194e-01,4.807045767184126017e-02,4.490571860443337560e-02
1.458919457441754108e-01,2.164491012496339017e-02,3.290973938143235689e-01
8.362240793198113531e-01,1.425143665356581879e-01,1.908890128622229287e-01
6.691945852023436503e-01,2.048437865593305540e-01,9.097798330002654366e-01
1.882125461276837886e-01,9.873420944387892861e-01,7.318891779935995379e-01
9.196471610784282547e-01,8.162396582692084124e-01,5.963329165815663968e-01
6.515091434238292623e-01,2.354318941805241261e-01,1.045423311536578526e-01
9.858095767608406890e-01,4.626714503690055880e-01,4.968325881644729547e-01
3.006508889640946425e-02,8.490038679583322700e-02,9.629729526670636197e-01
1.898807710389593950e-01,9.529126002751764357e-01,8.636810563132503171e-01
4.823723280241654088e-01,9.920222424377408421e-01,2.911454883020387907e-01
5.874243386507400633e-01,9.149120156150623018e-01,9.849568216461127568e-01
4.578185641242251691e-01,7.551617368327553370e-01,6.966160248402576416e-01
7.587008168778294204e-01,2.891501538766984014e-01,4.682631261325921335e-01
9.109338479536636113e-01,7.953460698187996281e-01,5.447923335633038100e-01
5.197816212286046067e-01,2.544943883957256903e-01,7.749088980977990593e-01
3.949020286414096637e-01,3.553644846325819673e-01,5.612658884974681683e-01
5.750047273099982981e-01,4.826943229372584465e-01,4.962938290313817502e-01
3.989008672418318246e-01,1.820291260164544900e-01,9.499492892442468195e-01
6.891209008312513262e-01,8.095824768541799443e-01,3.159592124771160027e-02
3.804891058996933140e-01,7.498852660003365589e-01,4.850970896604730465e-01
1.346643269122308473e-01,9.695652144836107711e-01,5.592376967710230851e-01
7.868875954599382494e-01,4.973109605641536923e-01,4.297711706956957034e-01
9.053494004927001848e-01,3.682985557368121388e-01,5.917987072985582131e-01
1.262294308026934431e-01,2.031068362575065844e-01,4.724418060645890760e-01
7.420361268527183585e-01,3.275545973538840361e-02,3.183030517160797546e-01
8.687480776276567118e-01,6.945478639035981283e-01,4.049740918383042398e-01
7.357114138614170296e-01,3.652510353005365973e-01,6.144701009619016885e-01
4.349742106534152386e-01,8.562900759094191905e-01,6.633578605718265520e-01
7.291005161465735629e-02,6.099804732505047511e-01,7.731936469244826693e-01
4.083587817686848975e-01,4.511036612608286811e-01,2.195466742166131136e-01
5.987493566451351779e-01,1.604816872941660089e-01,4.955597885570666161e-01
2.832268299392968203e-01,9.574850373494553368e-01,7.708778027976138647e-01
3.696183804923441896e-01,9.403111180873967578e-01,6.954617606503019633e-01
3.508804712112907342e-01,8.360865417588675408e-01,9.884595226993678763e-01
7.898402172077756411e-02,8.227683215377717962e-01,8.828601597034767545e-01
8.221103769149556983e-01,1.472399948234203171e-01,5.456639381653869414e-01
6.109855942568522824e-01,1.896331575153737958e-01,3.376679758516987206e-02
2.873519470707031065e-02,6.553306316537238496e-01,5.995837843459487226e-01
7.151036520157189047e-01,2.951344313541159892e-02,5.213356815120473442e-03
4.548130201032871689e-01,2.543213075157774172e-01,3.632362030634389560e-01
1.544845274847095329e-02,5.502292363781440265e-01,2.937238494928819943e-01
4.387798233571800210e-01,4.345946587950241247e-01,3.025061798784602907e-01
9.594130884481119059e-01,5.870047548730213949e-01,6.922111228606708799e-02
6.156252459820152900e-01,5.170661329377400639e-01,4.397492746397847485e-01
2.227843933272355414e-04,8.402704102195641678e-01,3.703916010631541633e-01
8.812848943216565756e-01,5.756109331422929465e-01,6.112006709007291594e-01
9.249589667464196419e-01,4.515835944807589097e-01,7.147330750558814616e-01
8.475111698962289886e-02,3.156509177968096491e-01,3.822534929166229167e-01
7.231339955438389477e-01,2.942323292100958998e-01,7.957337889917951435e-01
2.276824237634262893e-01,8.095882732939337911e-01,3.580239567683207724e-01
2.501353142086384373e-01,4.244180419328735798e-02,2.931312252705779997e-01
9.664380224068734870e-01,4.335255052519801922e-01,9.514067456424150082e-01
1.517986813496933207e-01,1.172422956928592663e-01,4.510591759118542932e-01
1.424971265308185853e-01,9.502965107793348576e-02,7.302373004774929122e-01
1.188884222447283978e-02,9.676717644053345335e-02,3.314665149475323203e-01
2.443034348824605351e-01,9.373694670234542503e-01,7.882914400600768978e-01
1.194385277918642574e-01,6.525055503371411936e-01,9.662399561555591321e-01
4.903196777733972445e-01,5.430953325851453073e-01,4.541248684801839630e-01
5.309966369924312701e-03,1.140620242784021743e-01,2.561414879294376945e-01
4.423079836094803152e-01,8.312632161925237462e-02,4.789861653885563175e-01
2.032679828604110339e-01,8.994231976229742909e-01,5.467445212004553579e-01
1.261011213461226133e-01,1.172338260688190470e-01,7.873401063528172594e-01
1.354136418784335216e-02,9.436830705560164123e-01,4.755514155859392744e-01
4.554589573957205095e-01,7.836479816188243186e-01,4.888430196521671434e-01
5.548861057363787541e-01,1.724882481788617694e-01,6.772499630990257424e-01
7.385057380620895229e-01,9.017356653801666955e-02,8.385381183867696153e-01
2.036046450956019438e-01,5.707643270216311571e-01,6.841206781601748554e-01
6.744758980848838403e-01,7.406746121086323909e-01,7.470128546477134979e-01
4.247059034773831288e-01,2.474797300163367186e-02,6.206143073563692436e-01
9.960825012481601126e-01,1.666040744121555228e-02,5.878113789109017384e-01
9.869882342404741049e-01,9.233809366351607428e-01,9.317175918688911374e-01
4.924276762557220355e-01,4.937368261651680079e-01,9.128852118818002737e-01
4.141309118869206385e-01,3.781960808894035964e-03,9.209161378474352011e-01
8.056490999742046411e-01,1.565413742302683708e-01,7.464946714466486055e-01
1.785648480520012349e-01,8.175162674841965904e-01,3.732530143593241201e-01
9.892114826146538586e-01,8.247136389102159848e-01,3.746926669240620011e-01
3.598067873774458691e-01,7.615037510857505243e-01,1.299217552873445092e-01
6.991672110212872049e-01,4.609300904783442121e-02,5.246229268348493457e-01
5.294221345627905251e-01,3.549454933023110659e-01,1.586042940247888167e-01
9.168191192556963687e-01,7.216737206566135043e-01,2.195626723133679015e-01
2.342466716118187797e-01,4.219575878738071051e-01,7.294439828933084735e-01
4.717892314651754848e-01,7.235739405586489870e-01,6.805087899453929889e-01
7.491377994141488195e-01,9.135617573877063968e-01,5.783247351287537086e-01
1.907675949622270606e-01,7.536699816608760649e-03,6.569699853032138215e-01
2.528252122323020323e-01,3.846303790827738656e-01,2.275687049305592513e-01
6.665501145485852597e-02,6.316256875219692368e-01,3.826095642146621900e-01
8.095745970911272238e-01,3.004630213452008647e-01,6.666043929774593257e-01
5.312367607194843355e-01,4.373339441137176209e-01,3.581643156875959910e-01
3.941977914070926570e-01,6.022402130256017116e-01,8.823775825466387834e-01
3.846851237069193186e-01,4.375221274543805716e-01,3.784549654857090051e-01
1.264712247898330810e-01,4.912629811711863859e-01,2.304808934997364389e-01
5.203616115473982395e-01,1.570866109861357440e-01,8.317568550027710783e-01
8.052273811876246024e-01,3.250348750940840192e-01,3.869715691970634364e-01
9.778924463737125317e-01,5.493581175767771052e-01,3.791207953324685631e-01
5.762746970151854109e-01,9.647604020658459012e-01,1.079785497625340707e-02
1.508279031309405216e-01,3.619987304166482067e-01,4.405348118258922696e-02
3.239750173239286379e-02,9.628465331127056270e-02,8.282734191728921003e-01
9.782970773366387318e-01,8.322894535864843180e-01,3.070126083258064575e-01
6.306265844312290980e-01,4.157754653860106231e-01,2.485705753475407898e-01
2.199358111914325731e-01,4.023014479877025096e-01,5.576512712548953310e-02
9.621215375364623457e-01,1.625482436563833177e-01,2.779470985949408224e-01
2.795930328366936779e-01,6.574263245682971935e-01,1.132181235818374709e-02
9.877535380919220120e-01,3.845626614868883353e-01,6.104489368252116188e-01
4.847313295364045205e-01,8.575155280186390616e-01,8.484733721637207626e-01
9.906233281575508309e-01,8.425852817538392880e-01,6.270563484032846135e-01
5.155587660217059165e-01,1.610127329925273854e-01,7.223150462795816518e-01
9.023870495962260652e-01,6.389059889529661307e-01,4.211740139347799339e-01
5.845599895071535990e-01,1.821147675093924834e-01,5.707043077153730604e-01
3.409919177653832900e-01,1.140333506555812892e-01,1.835648853631217658e-01
7.185446056892179634e-01,3.728654915222596733e-01,7.152940468563359078e-01
2.627084872771408008e-01,3.449664395238779546e-01,5.743865550627307304e-01
4.473196692726716384e-01,8.858363721137839653e-01,9.946985906216800899e-01
7.057013793366051502e-01,3.735305727499611539e-01,4.405126575931871402e-01
6.823478322053083689e-01,8.956730066147120528e-01,7.622422727082298621e-01
1.005202888493175184e-01,8.300321013824215610e-01,9.980667942263508063e-01
4.175739876821206176e-01,9.274917898265565563e-01,1.733540511557435382e-01
9.283195812658563417e-01,3.121994636506435494e-01,3.231842758735398169e-01
2.270987832771110826e-01,8.874136204612591561e-01,7.504069427843674811e-01
3.251273384708447400e-01,1.001279733277228301e-01,8.244280134883307243e-01
2.522035953314457624e-01,5.286176277460725714e-01,9.821303204724497471e-01
2.393205016461750212e-01,3.313263285326631946e-01,5.164411841006226744e-01
5.564896353951417352e-01,6.939651953057323075e-01,7.120348732823741367e-01
1.770451149877350083e-02,2.240175453869147626e-01,4.284981915244744366e-01
8.143810693187295557e-01,6.144213993622436032e-01,2.917954430075823113e-01
3.949745360741907518e-02,3.319208446482105890e-01,2.035494766327928806e-01
4.156068505551617775e-01,3.722929506523237064e-01,1.766103238052375568e-01
5.074835665583656841e-01,3.644572846227407403e-01,1.196189807077655542e-01
8.243267451543161428e-01,4.164915284543853069e-01,9.873711633802885190e-01
8.538458741192498369e-01,4.657566157451910049e-01,6.387142719303192662e-01
6.334499414152421348e-01,2.456132007925906358e-01,3.639596980328481113e-01
1.748356324491950886e-02,7.680213249740990289e-01,6.994128912732878733e-01
1.866167851416024037e-01,2.525208104590229707e-01,6.726307009523658786e-01
2.863194903578647477e-02,3.629503843195723833e-01,8.667146344014572401e-01
7.358119375517657712e-02,4.451425996923685791e-01,7.295092452578224584e-01
1.743024115075919589e-01,9.183355046312969838e-01,2.507703651547320556e-01
1.927274162583365591e-01,3.578174819767113712e-01,7.587094716892784918e-01
9.381452520616783142e-01,3.644082559902329654e-01,3.066821486412852904e-01
8.932870324876647228e-01,2.557036576551852125e-01,4.270802740854039437e-01
9.690941350770586604e-01,2.355489794174989715e-01,4.789471747688088810e-01
4.422870375093650441e-01,2.387516379045482307e-01,4.577890773659106793e-01
1.777001775927445903e-01,4.039954329073076611e-01,7.555427703026302844e-01
6.700619061107591090e-01,6.737477706751318074e-01,1.892569111137110127e-04
4.960785876426475616e-01,3.274584432783169685e-01,8.822163402045027913e-01
8.794977554306603329e-01,5.019213753582116855e-01,2.395794228145891047e-01
8.510342230783674022e-01,9.372645448501447651e-01,9.365388446185278770e-01
4.239323510382243532e-01,2.130495869803045172e-01,2.212480203781143073e-01
5.764005104420338865e-01,3.080921116210969535e-01,6.215810484108877931e-01
3.355420139579952110e-01,5.138625875671429810e-01,5.874599054908664630e-01
7.547460861635354457e-01,7.214384340512551841e-01,7.410427871196877403e-01
7.840316630513985974e-01,9.759560007311971486e-01,2.990348379493354969e-01
4.000287862916985793e-01,8.679294499501967186e-01,1.866303646905376201e-01
2.759179140944411079e-01,5.362901003408679923e-01,1.603124808362274001e-01
1.895788086558434227e-01,6.872726477918453813e-01,9.897161129908632615e-01
8.684196766549121538e-01,6.768333794333346587e-01,9.657079345783925461e-01
3.851146680646434506e-01,2.476688429913875833e-01,4.943528051648165000e-01
7.928403944925566105e-01,1.026393937779741528e-01,3.488601007383810293e-01
9.368030817403062427e-01,8.914641810809439404e-01,2.910960405362030823e-01
3.529316304158728324e-01,2.426993202221091606e-01,1.406137504383021541e-01
