4.280767967966873089e-01,6.689402085763451744e-02,3.067746112493274779e-02
2.604758040172574507e-01,7.207635134698149315e-01,8.450886876964085470e-01
5.497796330975990298e-01,2.559547455529663784e-01,4.811234145016997088e-01
1.392347947743772796e-01,6.412864442769372619e-01,5.349018243430795350e-01
6.274908292918580655e-01,5.543477659230455767e-01,5.692166884926714854e-01
9.775611258175620488e-01,7.741947065894931868e-01,5.635334523582338218e-01
6.491656684023883184e-01,8.549257413164772501e-01,3.769576493127562156e-01
8.301919609274335254e-01,5.000961648201118770e-01,6.927798835211541606e-01
6.443923053651774424e-01,2.768755710109622736e-01,8.444452443108597661e-01
8.802185195007194984e-01,1.831199681415738301e-01,7.093594362717404733e-01
5.687695440908090427e-01,5.401915351092655415e-01,6.402356279498265801e-01
3.083249010540637380e-01,5.317855800017635692e-01,2.741049206920995740e-01
9.949863621849325268e-01,2.996553262936449968e-01,3.684052570392326587e-01
8.225680586872753386e-01,2.505984377885939196e-01,2.888218629256206205e-01
4.053978333755936525e-02,8.007817384927392590e-01,6.467281053082984954e-02
5.391487565873767096e-01,8.833042853111772175e-01,2.389569019900902314e-01
5.889889541126879235e-01,2.690823014304168925e-01,7.133648406324533120e-02
6.560812784312234358e-01,6.432430611224350114e-01,1.155353468968745023e-02
5.656936143567673492e-01,5.895365601285775803e-01,3.661544238303944265e-01
4.040368452525446852e-01,2.172376510399804950e-01,6.996435759922156050e-01
7.219497430070918043e-01,5.694493701175127320e-01,6.294972771716804694e-01
7.674362595427218769e-01,2.801792912080555142e-01,8.190207788451464577e-01
1.749390577884257780e-02,6.004492000724785949e-01,9.939246647470845186e-02
6.865534837415258052e-01,7.969135448649766751e-01,5.838446805682168117e-01
6.987607769730904694e-01,1.112622209054036082e-01,9.354585668625160499e-01
6.055559898098678007e-01,7.322300069415859092e-01,1.735947142006095678e-01
5.048137193132792300e-01,1.650351227670204812e-01,3.992274339127840355e-01
4.794278014863750936e-01,2.509405738393746255e-01,2.801853654617362244e-01
8.620970475494165175e-01,9.241218843648193459e-01,3.882501147575171396e-01
5.509611777869831695e-01,6.531767477838129610e-01,4.873055999170692321e-01
1.033911145583218394e-01,4.874609097291808801e-01,8.143618651473581993e-01
1.998880187144591591e-02,3.033661792391173506e-02,1.262613175214333250e-01
8.096991625713960694e-01,8.366108904385110012e-01,1.917439669205430741e-01
1.351783930685059865e-01,4.776191396891792396e-01,1.519045635100164660e-01
8.257402816341853358e-01,9.183258674763390417e-01,6.333832599146449471e-02
2.199609873918285663e-01,1.128489786519053517e-01,7.621935386994116435e-02
4.426464043418126826e-01,3.123844628931958800e-01,1.197478043142303772e-01
2.007734055798019446e-01,2.259472744989310389e-01,9.695333867578662668e-01
5.698921565361478869e-01,6.761347298788072946e-01,9.505610161862898533e-02
1.001338589735147888e-01,8.327978772436634980e-01,2.770612905107701085e-01
6.918601428974685552e-01,5.103277751123378447e-01,2.641866311531019251e-01
4.906135110165603663e-01,1.558469898427363720e-01,4.858487178770304338e-01
8.865577138883625752e-01,8.592761461908023923e-01,6.103382986046892444e-01
9.375995507214355262e-01,6.017621528014097665e-01,1.014519125387391973e-02
2.301951792272437514e-01,8.531393307186083685e-01,4.670315907162837510e-01
7.630081437569511404e-01,8.469473892778048851e-01,1.852400621846164164e-01
7.793349119913161038e-01,9.119940703126758752e-01,2.154443486712341871e-01
1.124203294469316994e-01,4.382713262149958711e-01,4.901150029225305182e-01
4.804349070996845050e-01,2.465462107981979401e-01,6.622809856275323481e-01
6.938357125568999084e-01,1.112807931672548101e-01,1.349914651217717365e-01
2.109741463731841238e-01,2.536675597401349957e-02,8.468456225209085586e-01
5.389725928535989974e-01,3.776982777471166175e-01,1.201060546731093082e-01
2.922593457230358016e-01,1.925787252839906705e-01,3.973198926504313278e-01
8.466592452592003326e-02,7.310910170520544815e-01,5.178663125701941095e-01
7.902578575135925654e-01,5.935704490535251843e-01,9.269231863385561931e-01
2.115205330139717788e-01,1.115677167765821709e-01,6.256755809695845327e-01
6.195957760076934440e-01,5.970908801383737474e-01,2.518512426034351659e-01
2.770535115528950376e-01,3.846656389376326146e-01,8.366174713527578799e-01
3.317727238056933370e-01,6.436520342425495755e-01,8.016150855723568336e-01
6.433628879053669980e-01,1.138354781441895947e-01,6.389530963374028261e-01
4.965971402349039776e-01,6.106545458266450233e-01,1.333046768435045548e-01
3.369387280926653405e-01,2.213743976951300096e-01,5.175891368447073093e-01
2.498798444797425411e-01,2.221154633209043716e-01,3.761502152806948107e-01
9.062894734031045063e-01,1.853255543873101319e-01,8.910973183955187560e-01
3.966142753896559903e-01,5.290669080246082068e-01,2.169800965773205359e-01
8.780369682040156665e-01,4.740871968480130372e-01,8.568344233145344102e-01
7.624359295631473188e-01,8.899461629046716560e-01,3.477704188107454408e-01
1.423657437712692042e-01,5.391314905718280759e-02,9.412893587867526835e-01
6.702301265596634083e-01,1.767840453509649246e-01,2.932181214766217403e-01
8.693515831344132971e-01,8.991242179627996212e-01,4.162985578228017847e-02
3.265571726363999394e-01,4.271773454225139544e-01,1.853605792587986745e-01
2.778626659301423052e-01,4.927233329059831357e-01,8.585475163679926469e-01
7.343226605724457734e-01,9.572949277646806143e-01,3.315699643580916067e-02
8.794773866119692807e-01,4.342404371087992265e-01,6.261855436740654257e-01
1.200247937535394716e-01,7.951074325196413328e-01,3.468656897306718889e-01
4.382986932035671801e-01,3.562830121304517705e-01,6.032099882100461219e-02
4.855982823360462941e-01,8.067582069156459257e-01,3.173855359335725490e-01
1.215084092678911931e-01,9.117920289959768887e-01,6.796101622889971772e-02
6.323884748991320803e-01,7.641266484011906002e-01,6.904186299256065418e-01
3.954223119555227983e-01,8.047530755125266166e-01,6.580890906833040122e-01
6.644101542293934237e-02,5.706110943761710796e-01,8.345395076160974090e-01
9.832427981141900197e-01,7.020028943500876695e-01,8.082405931736156290e-01
3.186173705968899927e-01,6.550026627922684863e-01,3.837668239397357128e-01
1.153073439995822014e-02,8.550369425396320278e-01,4.006431649578960918e-01
9.734878080452518123e-01,9.924852843340883357e-01,9.212395553137410209e-01
5.206105115022349183e-01,7.529594275200353071e-01,5.092208831418442161e-01
2.415298778701547855e-01,1.107514562869837960e-03,8.605316094169656038e-01
7.924222628896363529e-01,3.951038226739616022e-01,4.110868634256740206e-01
1.227291962487575550e-02,9.623700219517198340e-01,3.842240915393393408e-01
6.264596448807425721e-01,6.067645981715663606e-01,1.539156429778726354e-01
2.044492267741935265e-01,8.481793996567946747e-01,6.334945037016271874e-01
2.562136227146132317e-01,1.915614085271064582e-01,5.825273890455753278e-01
3.184299437770884422e-01,3.018673385692229871e-01,6.834221447168730146e-01
9.140409070567119265e-01,1.045987601701960923e-01,3.230014255470949891e-01
6.666909993709095872e-01,6.891549921845346871e-01,1.502121061235749400e-01
6.831148446063456392e-01,9.908161872074724430e-01,7.430192202727554651e-01
5.050529981778048016e-01,5.625299983705471796e-01,2.276499947269660096e-01
5.292488295248828356e-01,6.446745636598022466e-01,7.614916162925815524e-01
7.506124281812301957e-01,1.376141789776786917e-01,2.085787981506225242e-01
8.944561455309307796e-03,2.369959836696813316e-01,6.073296286835385693e-01
