3.176721340607011612e-01,4.804519640886866227e-01,9.313963389558944650e-01
1.128270950351083490e-01,9.227877503562397221e-01,7.235382205426716951e-01
9.123111300936895818e-01,9.154755113376483733e-01,7.812595036375125090e-01
9.137718523897139233e-01,2.363440110700232299e-02,4.219270678643149974e-02
4.487891815261607631e-01,2.268868182786216714e-01,5.488013020454144408e-01
9.041457544334043916e-01,5.211868113372354339e-01,2.439876670354995669e-01
7.536870188419595440e-01,7.520337043917997288e-01,3.152316248348130401e-01
1.882918611433350708e-01,5.194157883441442580e-01,3.346720325876417768e-01
2.316777748035386830e-01,6.410884875368554336e-01,1.396701113694842622e-02
9.017718490495776340e-01,3.869209629422720731e-01,1.247213568559724095e-01
6.506271556383603771e-01,8.576312818698418328e-01,4.879959919794163437e-01
9.499505503591265665e-01,8.870176495006669715e-01,3.449702252029960281e-01
9.004217761870645376e-01,5.514886330525177183e-01,3.739770747702756415e-01
8.509312348158799555e-01,9.437809176611411388e-02,4.709915053294483345e-01
5.065780004276121407e-02,8.036512266735489352e-01,6.890233667874867685e-02
6.150482785580205780e-01,9.066065500470293914e-01,5.458076005919938467e-01
8.017977165076579649e-01,9.475829374500721602e-02,1.706550636227340823e-01
8.192671257041348465e-01,3.511010250523781684e-01,3.343969138646926131e-01
4.741447021635123438e-01,6.345766038132801823e-01,2.070278289903674240e-01
7.749678331039181467e-01,3.993794038859705964e-01,6.357831871413421876e-02
5.442024861388425894e-01,2.920474215064358114e-01,1.784971440262097531e-01
1.506544102303892796e-01,1.152363413357678779e-01,7.614582055319312204e-01
8.880656534663452506e-01,9.566365326317615159e-01,1.104820701643011160e-01
6.092327750029095101e-01,2.215315305754301800e-01,6.700065255682312593e-01
3.052987939258106076e-01,1.288741872868703897e-02,8.801075843864469839e-02
8.094111587264299912e-01,6.110527855192993130e-02,6.816366686446564405e-01
4.224699462954173423e-01,3.824746946268051673e-01,6.088394869785227481e-01
8.708584800108303270e-01,8.027327541418773915e-01,5.885686617427089429e-01
4.936436086064355244e-02,1.656110515033542008e-01,9.295893736863035661e-01
9.946881224205526006e-01,4.994019801252498336e-01,6.199716206904649640e-01
8.694594511885594956e-01,6.223508361981441306e-01,7.198881000019857757e-01
6.791012504342941458e-02,4.501417474225355431e-02,4.309071796387980990e-01
8.640299488040099618e-01,3.443079378081959074e-01,4.342486144332445841e-01
3.053605750036550992e-01,9.648755701333020518e-01,5.093592788893732681e-01
4.909791184892025040e-01,4.656281324062930826e-01,3.414921455129797945e-01
3.201843493618297121e-01,1.233995487512482558e-01,4.925199533102422311e-01
7.112579374964451695e-01,4.329967051169855141e-01,2.510071289623649893e-01
3.584314646651453051e-01,5.540825168883820595e-01,6.868033656150709376e-01
8.199105354908908794e-01,9.949377595096865479e-01,6.012536589654482455e-02
7.534890326452488019e-01,7.937656026008270693e-01,4.676819518797797892e-01
2.725873759129057161e-01,4.495167318356102504e-01,1.417368508845738839e-01
9.737872598128323176e-01,7.190808386471884139e-01,7.137597275187615997e-01
9.467978129421129596e-01,4.510796523897036003e-01,2.851388442482839514e-01
9.328096371568270762e-01,1.463116480865740421e-01,3.017892416110317111e-01
5.668196117580659443e-01,9.956836509543709468e-04,8.912171236396845275e-01
2.513727050018481624e-01,8.935928037396131396e-01,4.359636390412378049e-01
8.670557171779500472e-01,3.722179989796119415e-01,1.569842278290624060e-01
3.303447582542055061e-01,6.479099579618473603e-01,2.715619944276009834e-01
2.945349239780812312e-01,9.024990742755983897e-01,6.511342853108978979e-01
7.811846043008171536e-01,6.416955568739419746e-01,3.215235087495560418e-02
7.181524018972309520e-01,7.964879270380272880e-01,8.391731664717266836e-01
3.238406663001520691e-01,3.202012003298051468e-01,8.002802790304931468e-01
5.259988301773500519e-01,2.278708480505021727e-01,1.782668902777849729e-01
6.776188663324067551e-01,6.667009284916750600e-01,2.263585534938026278e-01
7.739555728396890766e-01,8.647847545127606006e-01,7.031972095533212119e-01
9.942461642077855544e-01,6.995023765775407742e-01,3.254786821663572249e-01
5.687196117667194795e-01,2.941422193591969325e-01,7.287938966007723174e-02
7.492745724347427139e-02,2.510035168938140604e-02,4.748575455280011903e-01
5.937681394829658066e-01,7.754658708088034702e-01,8.523486216092618362e-01
4.962100241876807871e-01,4.996149996969362350e-01,2.723059385243039587e-01
6.720329356464604942e-01,4.856070233945910530e-01,9.224916874585986637e-02
9.852568781686350530e-01,3.948117358061540294e-01,2.338645902925653441e-01
9.845244243442309307e-01,5.651848396950747144e-01,9.616597105958197833e-01
7.122346445358186395e-01,8.538627414414889927e-02,4.913994690704817092e-01
3.037736208747188194e-01,7.661052654214316471e-01,9.236808932776109371e-01
2.533715942334979765e-01,4.044003702439193937e-01,8.690021298757385493e-01
4.669603417365764120e-02,6.920871797561782834e-01,8.546864282259775125e-01
6.825959324888902779e-01,3.656914246885439868e-01,9.273280058554789207e-02
1.027389093048541868e-01,9.395918140307335520e-01,6.403655768143566851e-01
2.347918593322884107e-01,8.624638550006695770e-01,7.924469009878754022e-02
5.020985882140075462e-01,4.446548349001786526e-01,1.814575922752114101e-01
9.124257106601415535e-01,6.722697259931676994e-01,5.953351761642385886e-01
1.734170653620781266e-01,2.052484072183480279e-02,7.935179406621770681e-01
5.659886511247401719e-01,4.419498352862661905e-01,3.411503101492734391e-01
2.369331813812082244e-01,3.540825405236565082e-01,1.082707662859357933e-01
6.057517298043886278e-01,1.461954178092362833e-01,4.197432470693329698e-02
3.087834570799242728e-01,8.281789555762987254e-01,5.632181043793198505e-01
5.037037312561587488e-01,4.039875582694620881e-01,9.691663861126355028e-01
9.127942552251980812e-01,5.906877417413179954e-01,2.686737310677241863e-01
3.772549211111949630e-01,1.568583821154383440e-01,8.838927914092402638e-01
5.219018955583397679e-01,7.302814003295454715e-01,1.984435492725021843e-01
7.755035331221348249e-01,3.944509363519403955e-01,8.716697477038182207e-02
5.531987388114751880e-01,5.312204960314941271e-01,1.445471712630090888e-01
5.457810895874131152e-01,9.040028397545855077e-01,5.952473498389747597e-01
7.235193355877741483e-01,1.850098118594932783e-01,3.814195459304599023e-01
5.866874653743511248e-01,4.676627698457243021e-01,5.709989766087897323e-02
6.415660544518031472e-01,5.356928432962128062e-01,6.109142618774867639e-01
1.000820423720895080e-01,6.381538270668858370e-01,4.704711244623865918e-01
5.301783312285901495e-01,7.186469956007057736e-02,4.599682960019656486e-01
1.653811020033002510e-01,5.743540574370209484e-03,2.503725900199773591e-01
3.025716099153363814e-02,5.468053547691219540e-01,7.039621298830134322e-02
3.931846288378121335e-01,2.122239891514300369e-01,6.538098031749199901e-01
1.549130298275774864e-01,4.731877386227001381e-01,4.013711622178209870e-01
9.444744666534198307e-01,6.722851830466243239e-01,9.293411862434760584e-01
9.393386588109688962e-01,3.024739693157201259e-01,6.218827184755528759e-01
2.424593565030960240e-01,7.093748255998058028e-01,6.068180243617579128e-01
6.414224814172631017e-02,2.949041290633940271e-01,6.300257897783478889e-01
7.440504756178636381e-01,6.145209665137317812e-01,4.255026094422798000e-01
2.539744746350749427e-01,6.074015247203975454e-01,8.586539927276578554e-01
2.183587117338847694e-01,4.208947302808381252e-01,6.694678123324143693e-01
4.332054328287733291e-01,6.433129282572640495e-01,7.766229717392307830e-01
8.754236049030958977e-01,9.850407717607133629e-01,8.984100251259081737e-01
5.906140142641569390e-03,4.414513368505246227e-01,3.127263564519630057e-01
6.011972875372972869e-02,7.993856608931318997e-01,8.711615923376906379e-01
1.709499816077043599e-01,4.698373234016038902e-01,1.596523768432632773e-01
4.743618835325146277e-01,3.658126498154214978e-01,3.605769908949129077e-01
5.482061708303961334e-01,2.449894873227665970e-01,6.427375411066652555e-01
6.655460457077192471e-01,3.019585806705488151e-01,9.720417481357701561e-01
7.109472302108740260e-01,5.427360657172577429e-01,1.591956453190899179e-01
6.189673168693399230e-02,7.607860846170803049e-01,5.275167143559568173e-01
9.431812315584962025e-01,1.421609800147299874e-01,6.532011681508959056e-01
1.281434964311289892e-01,4.462642188238330476e-02,9.956982611906952663e-01
2.196063436829980287e-01,3.798170672636036471e-02,5.152228651057965125e-01
9.997922718592334723e-01,8.279262407896599285e-01,4.982244982345340745e-01
7.767027387556146856e-02,8.044553301478154506e-01,6.996845623897240962e-03
9.119345913016477789e-01,4.402975355177687344e-01,4.893169444011755687e-01
7.078330300653858931e-01,4.231839183568117946e-01,3.691612244005171295e-01
8.565041004775112432e-01,3.511342595239952402e-02,4.042988219285027496e-01
5.616074687038451474e-01,8.887694767097960025e-01,6.877984119103484062e-01
4.388600292604362130e-01,2.996105904446044743e-01,6.974913473783521667e-01
9.374368409272366698e-01,2.990838684586284435e-01,3.406421128780723340e-02
6.502572729391286055e-01,4.846221585451462310e-01,6.593668468109703529e-01
2.705437161954579173e-01,8.919221922059227259e-01,8.517813263628816189e-01
4.737461233541849781e-01,8.799732092655887516e-02,8.484694706538430387e-01
7.420780046139772157e-01,1.445830400992711429e-01,9.302740814533247971e-01
1.384968212002692933e-01,6.455054214948904301e-01,6.210930921057840060e-01
8.513585248717313592e-01,7.464249991005482698e-01,2.474673776461683294e-01
4.977869256974154499e-02,5.386494306976088442e-01,3.399776616554628372e-01
4.158720962297245416e-01,1.677914519439483998e-01,6.547197322610996961e-01
3.126371036949748827e-01,9.789163350046453660e-01,7.516368598783448318e-01
2.129438122229665442e-01,4.618046896514125255e-01,2.135192944568662377e-01
2.012932429026272896e-01,2.957279083184700674e-01,5.081338095854402992e-01
7.761471017698451380e-02,9.297119653362516667e-01,7.703301835503014727e-01
9.758363565002351470e-01,7.849029493481072262e-01,6.023003718420172348e-01
5.010253920624222479e-01,9.018300202238568319e-01,1.790867731545799924e-01
8.512879846838188325e-01,1.134799902910365033e-01,1.052087000158224983e-01
8.887905188278421020e-01,4.455111703642509191e-01,7.829762948075624784e-02
4.712417079036852474e-01,3.459428150466168361e-01,7.209749070802425885e-01
8.061476068142410245e-01,3.276695986815115758e-01,5.124178665247113296e-01
2.693995791184551347e-01,7.767454444780080847e-01,9.346240844097244427e-01
9.892342159552499625e-01,4.753937219820858484e-01,5.301987910248667779e-01
5.433565049784259138e-01,7.199329340088743701e-01,1.823584481994172668e-01
7.112203968605882443e-01,3.292857347859533546e-01,6.221201513389603699e-01
9.710710925468338806e-01,5.182491858920507122e-01,8.322746702809662445e-01
6.055027838994224698e-01,2.382272625890472506e-01,2.993620772203640090e-01
9.542623812603920896e-01,9.369336001194839003e-01,4.418940396800022929e-01
8.266075889025342738e-01,9.418903219902601265e-01,6.033495381198749064e-01
8.218383033471571286e-01,5.938228458514285268e-01,8.084115729203087408e-01
7.363825011525741981e-01,8.833936837900235872e-02,1.843107934778455137e-01
5.961476772211491415e-01,4.279480200125940215e-02,5.191036718859235455e-01
6.622533817044389259e-01,9.067776510636809117e-01,4.746551252162840573e-01
5.151688587017658749e-01,7.828786424726406068e-01,8.656866473481148461e-01
3.217740191160189944e-01,1.661629325595224138e-01,7.506135103890450022e-01
2.093730367315794760e-01,1.580218342192710734e-01,8.198913272252457141e-01
3.422688713126400550e-01,8.245186567959882362e-01,9.189758364588703765e-01
5.260321505438274592e-01,7.603728168664305453e-01,1.093080665579563293e-01
1.683347522331960500e-01,1.613253397272880196e-01,8.920220215768963623e-01
2.488099451070072687e-01,2.024797719447543054e-01,8.416045408192790456e-01
7.709979189717255377e-01,2.408927764720123488e-01,7.397853948861543572e-01
7.723743988984096420e-01,3.357394173140334503e-01,3.191180326636081643e-01
2.690622777765728779e-01,3.536692153724874110e-02,6.027153839001224700e-01
5.603850136436847595e-01,4.112062654554575758e-01,2.628897281100054384e-01
5.436845005696596678e-01,8.288000730062473620e-01,2.488042544815477486e-01
7.534732893906452844e-01,7.676079779833947514e-01,3.812947331649640947e-02
6.313249058637341316e-01,4.256891908186776208e-01,2.301490408519040187e-01
3.373210203065939439e-01,1.262950380359655345e-01,1.111020050427702355e-01
9.483548518857464193e-01,4.959593237945868482e-01,9.994955560333723676e-01
1.840507413853021967e-01,3.156639241133549767e-01,7.740571975816160633e-01
3.958453752879347309e-01,4.715581624693362395e-01,5.405908830996438708e-01
8.200216991503963548e-01,1.700882757571469117e-01,9.483094803952035745e-01
3.665324953669928387e-01,8.724933337430286207e-01,4.526551276796875189e-02
1.651085062860427888e-01,7.596052400138666449e-01,3.579310265382068534e-01
2.041736714870512337e-01,6.830004596637822001e-01,3.999528324582509731e-01
3.108454018313466793e-02,1.564975238520057710e-01,7.135004017386407105e-01
2.009218822886765787e-01,6.630555672258439115e-01,1.163978866030074277e-01
8.674224632834534043e-01,3.245820881606008568e-01,5.981061279917422313e-01
4.920647396910775573e-01,5.473749836728858398e-02,4.286401541639447421e-01
5.840017457453077210e-01,7.027936774045184798e-02,1.831509223810126041e-01
6.440474066623167460e-01,3.238817910439649728e-01,2.287139097852530778e-02
6.470916872777300322e-01,5.716542518175965482e-01,5.525897997090286617e-01
7.702032479420516387e-01,5.983483205675997896e-01,3.754253791015538244e-02
5.409902723733358565e-01,6.376439765138137705e-01,2.462958135056985132e-01
2.209664757068652285e-01,6.139020205440713918e-01,4.575145335875487884e-01
5.678458572315229214e-01,9.306246166595975033e-01,2.453050391400889430e-01
5.811561008043139021e-01,4.426497650922046612e-01,7.394832977097669513e-01
3.933722691838449359e-01,2.405080871400711029e-01,5.425805306272090123e-01
6.336528795536071623e-01,9.606556934051803109e-01,1.559647358711074849e-01
5.835305994909992799e-01,2.897810978235715318e-02,4.476700149436796394e-01
4.674850381530650800e-01,3.153791423151544038e-01,5.627351835456873008e-01
3.348082440262589721e-01,8.610972074789718933e-01,1.484946708554463202e-01
4.398098361755433672e-01,2.461644670727434203e-01,9.948479099539596637e-01
4.531880946613180416e-01,8.793809961530623109e-01,3.997284195983430433e-02
7.918980425232247100e-02,8.331241690505273301e-01,3.987821955343179292e-01
7.271832781741738305e-01,2.605851609543856640e-01,1.501059768749112289e-01
4.733932614952248707e-01,4.607674131895962422e-01,2.290659250240723033e-02
1.600575695174853985e-01,4.147810588009327448e-01,8.146720128227036284e-01
3.889754804326467363e-01,3.310970223276562541e-01,2.445283581108281812e-02
1.122349818535077759e-01,6.169728895524858592e-01,3.288411967433850780e-01
7.122752381911436892e-01,7.583604270167718653e-01,8.398426576061279736e-02
9.752110039947256004e-01,6.656284559313876414e-01,2.269772054759293667e-01
3.680952461534618969e-01,5.056594643229103125e-01,5.360099802667652735e-01
8.074507906423866732e-01,8.363926846735593168e-01,8.141774537906543152e-03
7.460797819560057720e-01,7.161205007182380733e-01,9.887982055453912178e-01
5.323928363905470196e-01,4.273025685584397326e-02,3.670495990704897293e-01
3.421918914423347502e-01,8.368059158301247580e-01,4.277227492591597624e-01
8.188171966702906257e-01,1.036247605548556994e-01,9.316816200412003646e-02
7.912000615426189043e-01,9.240648726246261102e-01,7.746336679489550514e-01
8.825937405217291198e-01,8.608551375939476058e-01,7.353724596882270648e-01
8.400068835448075699e-01,2.613460057496923561e-01,5.879393820247380553e-03
9.941348944700485468e-01,3.250820605938293806e-01,7.189775635606422410e-01
8.306921253153968232e-01,3.918165541043414635e-01,5.535727415870017598e-01
8.768592101912220382e-01,9.671102395351597325e-01,5.648253953248881798e-01
8.453436403735560267e-01,8.126738456658881837e-01,5.219946127512282708e-01
8.614960785035220558e-01,7.501296118586153749e-02,7.135448186698584161e-01
6.890342286941351091e-01,9.188119761844586453e-01,9.334763341877746479e-01
6.307502337686027305e-01,5.091002490627327681e-02,7.113176259807625357e-01
7.262770403360605531e-01,3.782418212064656560e-01,4.024378753202106918e-02
2.257375449527054823e-02,6.788080669251634891e-01,9.725745744016027761e-01
3.519502485657524105e-01,2.022660963338303031e-01,8.559937707783952243e-01
6.822054055751545221e-01,1.373090658632180050e-01,9.881955549942701422e-01
2.831899173446655871e-01,4.830760289075034519e-01,2.609442823203178552e-02
9.168036133695119938e-01,5.757849956669465197e-01,5.286480892639892071e-01
7.688253121435743020e-01,4.315736947538643120e-01,4.862499344448927285e-01
1.014426526740301870e-01,9.624264147094074850e-01,2.152915142946322247e-01
9.907997310933016610e-01,5.546584935825157325e-01,2.739528739267026447e-01
5.388197505635301532e-01,3.596385684841665320e-01,6.649870465076559434e-01
8.528664202476928802e-01,2.794318802404154312e-01,5.566119735410447467e-01
1.782207621212414939e-01,8.198744698372210093e-01,8.138697096792770758e-01
4.345724722687982489e-02,1.593233120094772470e-01,8.151338922603106329e-01
8.490318284544884353e-01,4.483631483502406034e-01,3.491160821323529007e-01
3.912215873590784154e-01,8.835933964944181485e-01,9.807537491970693688e-01
1.458390563379111660e-01,4.021566252958698184e-01,9.010661620235105307e-01
3.368560962988347285e-01,8.737447251128642733e-01,6.093192967850911135e-01
3.391302579633548309e-02,9.750078616945501153e-01,2.615971517050251771e-01
7.511626859881517237e-01,1.439379822377168106e-01,4.133232330198901572e-01
6.226094202375438424e-01,4.816583682972425118e-01,7.086293019855198771e-01
2.352453356981805133e-01,8.869129995522148091e-01,3.609489268649416216e-01
7.140927071545521976e-01,2.173379934077671605e-01,1.966316462499313467e-01
9.989650113825481181e-01,2.004625275584783761e-01,3.049496188707713218e-01
2.874542921080210922e-01,4.819027001541755784e-01,6.893243016565813175e-01
5.284723175251025973e-01,8.557374646099060733e-01,7.644477665418016876e-01
9.720364325730724842e-01,4.541041117889057510e-01,9.093822652079608382e-01
8.974161164258365186e-01,8.189726698602177724e-01,8.244573383512895370e-01
5.625527369628496865e-01,4.181596638212980999e-01,5.364947575171297167e-01
7.732476901315394890e-01,2.315078822879529374e-01,7.153624501477708897e-01
7.634673721446422201e-01,2.490772232111766460e-01,9.807210660657670331e-01
2.828527103902943596e-01,9.004007859056469831e-01,9.627168226347503355e-01
4.495893124586647360e-01,7.788802186292101970e-01,9.915469560202113675e-01
4.028108665709628777e-01,2.566589445562125205e-01,5.200209646397704333e-01
4.912542955467203987e-01,6.684919895435335047e-01,6.084740728897422013e-01
5.541672043566425732e-02,7.397958491441725126e-01,2.410456016687467784e-02
8.183763178315595077e-01,9.033222929464074236e-01,9.537704936540050138e-01
5.909852228709033817e-02,8.102644703037298335e-02,1.019041510282615581e-01
6.950029300157278822e-01,8.544130147745767623e-01,9.454886804129675193e-01
9.861824640121045205e-01,7.890096667497851213e-01,6.543396384317905490e-01
1.243520853777402291e-01,3.461105676315536783e-01,7.760298878385494259e-01
8.745040999588075126e-01,3.774694275710654967e-02,1.954554976013378464e-03
6.308930604142942711e-01,6.788081051822956180e-01,2.693741369751013748e-01
2.971029857442823996e-01,4.613186199899124151e-01,2.751756175518587089e-01
5.152411394552391943e-01,7.993504189045348429e-01,5.422522473979408675e-01
9.634421549601550616e-01,8.838717735022422195e-01,2.914738150318918475e-01
4.146241438032419735e-01,9.154699408102118241e-01,7.737461106150387291e-01
3.641817201413645178e-01,4.787085672781581369e-01,1.089338093950931174e-01
9.186685670966441286e-01,6.576113019681195659e-02,7.839929170888988441e-01
9.313033179182537147e-01,4.047978355626853375e-01,9.021468300570718579e-01
2.741362519508531159e-01,4.737754503935753814e-02,7.467884915919031918e-02
2.852649290046594954e-01,3.781893303687554608e-01,1.872147291169510286e-01
3.999378179238037845e-01,5.697388683643678231e-02,4.455728196367841898e-01
9.694420103726226756e-01,1.138325043521892788e-01,9.507193838672064468e-01
1.677575049455259926e-01,8.842092071093408112e-01,4.423658921116042642e-01
9.593100334048628719e-01,5.380644482470864354e-01,1.783537705248910976e-01
4.515559127630651703e-01,9.088640904117399888e-01,7.551358836120756202e-01
2.032701262009517507e-01,1.268170005309613435e-01,7.549008175770127727e-01
1.013103231354109957e-01,7.284495886051812752e-01,4.248786328936580148e-01
5.159239545437920293e-01,6.907216378717750960e-01,9.648711415493582688e-02
4.357705570693485297e-01,2.967062822101435016e-01,6.678015172295077573e-01
2.449162029080735881e-01,3.478609348834786896e-01,9.404115614901562559e-01
2.152470910503146984e-01,4.195417856007168655e-01,7.667835751360145835e-01
2.690761797236688180e-01,1.899958202509773875e-01,8.819597155131471133e-01
1.457033618881131698e-02,2.944147551939469976e-01,3.902087916195026152e-01
7.838272849538825415e-01,7.289753655503995455e-01,3.952687075228478175e-01
9.305860879210706704e-01,9.957240692826203610e-01,7.483361609629486377e-01
6.587684085028462366e-01,4.429348718807892826e-01,8.721137845677274791e-01
9.118888099574871120e-01,8.071348650368843636e-01,9.365038815421483642e-01
5.966608682161167465e-01,4.720741209216684497e-01,5.550642645874119818e-01
7.239274390605011655e-01,8.838609983932839143e-01,8.101095659039843078e-01
1.127642374039474760e-01,5.641021795095687574e-01,5.559189401489065263e-01
6.223589649542170532e-01,4.882008599343149458e-01,5.710625024504000224e-01
9.447905651371545366e-01,3.894740946843552321e-01,4.840302835499490364e-01
4.709649045294659331e-01,9.841573322409198354e-01,5.964635807178858551e-01
7.239852726256015281e-01,3.472926937409226422e-01,7.797214003098407176e-02
5.083946012650529811e-01,5.746525697096306340e-01,1.039811478193710670e-01
5.588671384317320801e-01,2.149251441704828069e-01,1.825194430192345063e-02
7.725125279532848444e-01,7.288458815419383008e-01,8.100643654540866656e-01
6.151026176519517330e-01,7.777066722755260342e-01,3.324941386078571481e-01
6.188372934095474065e-01,6.439553034426600542e-01,2.017991605344616746e-01
6.739050716428808263e-01,7.412222000312697068e-01,6.336811972600502330e-01
4.043334546629895332e-02,7.675508885458702801e-01,1.725951454690756171e-01
2.249497156977402490e-01,4.547713275695762780e-01,3.550343690549468967e-01
3.305120478032627096e-01,9.415765033949085039e-01,1.610523361185048907e-01
4.494212392585628102e-02,6.997064214993000686e-01,7.823004651252444264e-01
5.314064220099793401e-01,6.298565949585611667e-01,1.931321668670386016e-01
7.973216703793507554e-01,1.869932520926804731e-01,4.840019239643454929e-01
1.508536482900220133e-01,8.527507288622379056e-01,7.122311546391523196e-01
8.421011106187893391e-01,7.404533350431740102e-01,2.800750896940014112e-01
2.778929777162395531e-01,9.589256544821752604e-01,7.229871545386129528e-01
5.807987380450629900e-03,7.008174590247042701e-01,7.361035135065577828e-01
6.896082546282500392e-01,5.528183352773586856e-01,5.910370231884444214e-01
8.214100882476298437e-01,9.629390112656347478e-01,6.712504792736606607e-01
4.980621701152843084e-01,2.483338341518205317e-01,6.140514725164673004e-01
9.643572419122656836e-01,4.346533034926622907e-01,5.637444868554160049e-01
1.236967259606759351e-01,1.078111048997498767e-01,3.339785508131489777e-01
4.360558754117639380e-01,5.283619592980257629e-01,7.861507628705640682e-01
7.120040711599640026e-01,2.974525941002698071e-01,5.876454685479902684e-01
4.934536760206597039e-01,5.621273398448386471e-01,2.190161492051323489e-02
5.811775659139729600e-01,7.555342787218666256e-01,5.741391922549715643e-01
4.778188736843396178e-01,7.834564435189513842e-01,3.109515233693794789e-01
8.577610585003868637e-01,9.092827690045852673e-01,8.888479672642087825e-01
1.477927912493751661e-01,6.807469664891030448e-01,6.701459687107486074e-01
9.103710166223643041e-01,2.729086732812593397e-01,8.515599394365106489e-01
4.766707615194876180e-01,1.328960345771752483e-01,1.998129698766152318e-01
9.699405993932780357e-01,6.516340483805846961e-01,2.897420370535302991e-01
9.744624971743532926e-01,8.886028277091464478e-01,2.076626212937993099e-01
2.325169278463390388e-02,6.902449399276735509e-01,7.933011143023449563e-01
3.064005894121342166e-01,2.196188959741646185e-01,7.680404580132587089e-01
6.889242522404774860e-01,1.504338267599627521e-01,7.688987025929152619e-01
2.002941765845747124e-01,7.955685878888090201e-01,5.072376320663793958e-01
2.932565913766512766e-01,1.258512457681715269e-02,1.339783073504711153e-01
3.852005248936882786e-01,6.525123341232992313e-01,9.717780537914258998e-01
6.434529328081252109e-01,8.969201727033369043e-01,9.450529425112690340e-01
6.303602727505063230e-01,2.135681046403403727e-01,3.502596309963251775e-01
8.749675978749134053e-01,6.944451439051417818e-01,6.497097031291489966e-01
8.489034822881700304e-01,9.471532246954755818e-01,9.370615715124491762e-01
8.713898597981044603e-01,5.105247457905330855e-01,3.009047124173288568e-01
4.871945676414337623e-01,7.226068799629873363e-01,3.975893312699342319e-01
5.339894049181004299e-03,1.774328198290631153e-02,8.993241545082910626e-01
5.405342364981499115e-01,5.958680225635282213e-01,9.563999031796757144e-01
5.252452984729611973e-01,5.117138174641626680e-01,8.506772579663378631e-01
2.514312233120774565e-02,3.125347366169882735e-01,8.113887264101693475e-01
4.795512406650845882e-01,7.943580043098672494e-01,8.957829311080811596e-01
2.035971759168430095e-01,5.095260697213959133e-01,3.406882692151161907e-01
9.873129637850227569e-01,3.197844885486010869e-01,6.912383442261456068e-01
7.875564537708246160e-02,4.362857726197973962e-01,6.732776499833927897e-01
3.995262389209296439e-01,6.414698859647771645e-01,8.690029083469468230e-01
8.489350824736263679e-01,2.263436824328777242e-01,5.271389571779427907e-01
8.864726289460334030e-04,4.807173385738208182e-01,9.672222455208313585e-01
3.059104623493303921e-01,3.561688662144851802e-01,2.734331655430719543e-01
4.170468826051823008e-01,2.065582622740369523e-03,3.457652206374123294e-01
1.125757977058774451e-01,5.486945803163777446e-01,2.134209591448565924e-02
4.083282750344702228e-01,8.810872167361361029e-01,8.666976524787404212e-01
6.313309367257369242e-01,6.368568262188833984e-02,9.669307537184920198e-01
2.183496575425526443e-01,7.367653860795678744e-01,9.877164023692948103e-01
3.829907638434634221e-01,3.324920603518544127e-02,6.491455634994036661e-01
4.497908001179318216e-01,4.524913829582944969e-01,4.823431795239241371e-01
2.089752895150867040e-01,3.513701380597298307e-01,7.039976883181371381e-01
6.125915651219812075e-01,4.423034318193164172e-02,3.494214228051750748e-02
1.145140195912065506e-01,8.593332967677944634e-01,1.068270364074945800e-01
1.157920671071953622e-01,3.485782910016241853e-01,4.289953421875213335e-01
7.164422709927376065e-02,7.376629659543615380e-01,5.705426399659005998e-01
3.696546682650083682e-01,4.138968705055569020e-01,2.149983458468396336e-02
8.058284750562079157e-01,7.004164024782322251e-01,5.188037006279943020e-01
2.737023123359734189e-01,5.164875878347601201e-01,5.200582086231991807e-01
3.892418282888477910e-01,4.451464786637990834e-01,1.364716934196774645e-01
3.214456937900613820e-01,7.595680331466273527e-01,7.678204448068838284e-01
8.069736298132745844e-01,7.815352274469788973e-01,5.947627266281698688e-01
9.871219725814839308e-02,4.153440462714271808e-01,7.599754889097256605e-01
5.718468751826959462e-01,4.802338125162975979e-01,3.174754534000518991e-01
2.290852730352145317e-01,4.296521588746697873e-01,3.354877308836563543e-01
2.288271935418093594e-01,3.020786570022542250e-01,2.943156698132488591e-01
4.055361347044003084e-01,2.983878729129482155e-01,7.221246501870434154e-01
7.341050530401432850e-01,5.776954589843805721e-01,4.697350766391904520e-01
4.651379638869100885e-01,1.490956510352777764e-01,8.868204027515138588e-01
7.017783973727653724e-03,1.154915543116233900e-01,6.240015934945093434e-01
3.446831972565779223e-01,4.403903740905574793e-01,3.293878439584602136e-01
3.818237591100269723e-01,2.274418903856610941e-01,1.190306429145341349e-01
2.554907293432087112e-01,2.365965744454721076e-01,6.523655943812267655e-01
9.380368771218452473e-01,4.211272600754730755e-01,1.273895508982337832e-01
3.587238887766716067e-01,4.450417056490187928e-01,2.395992917982951997e-01
6.664552823017191319e-01,2.791806580268494375e-01,5.714317253413823128e-01
6.129724993566715296e-01,8.508193630984505207e-01,8.089575891785325545e-01
6.707118848350915874e-01,6.043125649404107458e-01,2.695688793354653612e-01
3.320748508522644027e-01,7.837794565281327452e-01,7.560718236684343951e-01
5.824023523807170255e-01,4.260968897545536205e-01,1.768139795215051269e-02
9.805781748892248295e-01,7.905074330766215240e-01,4.646071553097691487e-01
6.441147795507546903e-01,3.014629707955586158e-01,3.913673212045531979e-02
4.541117941781033229e-01,3.067385813712492082e-01,8.010105585101295889e-01
5.774298243944462339e-01,5.572345018089316371e-01,2.150001114983527417e-01
7.318661838439799450e-01,1.361694044376542401e-01,8.196295439057199594e-02
5.608703325506176895e-01,5.338668720004751123e-01,3.685226555908412971e-01
3.375968492348243588e-01,3.796938915708840678e-01,2.213585926960731642e-01
5.228033747749012417e-01,6.440859770397661110e-01,9.625522446730563342e-01
6.182631709188003422e-01,9.843492377375870905e-01,5.497758789775757382e-01
5.710958796463100340e-01,9.204446921482700716e-03,2.829924099708225338e-02
3.125998061510245618e-01,7.125531727032072826e-01,5.364846007477394041e-01
6.712585797252439423e-01,5.990484612031705680e-01,6.535734444941831978e-01
1.871493211172754467e-01,7.600626922605693281e-01,8.775663624835745580e-01
1.625684740242561155e-01,5.679454141914773713e-01,9.765686587310117295e-01
2.653870118755334850e-01,5.225030555433837209e-01,1.298276591671394531e-01
3.980698951104332250e-01,8.610700959014127021e-01,3.950519357730323255e-01
3.617669445088156355e-01,7.780147231261277385e-01,2.657314553078859998e-02
3.760314598193691404e-01,4.759724737415660378e-01,8.069101154906557216e-01
6.276338699781177644e-01,2.239666320104106711e-01,9.972613270257784102e-01
4.716079121860894396e-02,1.400097291839893510e-01,3.187130984403581113e-01
6.442594447527961732e-01,4.014505042095178888e-01,2.169020673883876871e-01
9.448606719769062634e-01,6.725567020943101770e-02,9.623001398128278039e-01
3.327978902947248407e-02,1.238871040630318276e-02,3.257610956183898399e-01
9.290839164311931464e-01,1.955777173744127628e-01,8.038702109231873338e-01
4.657727203054051746e-02,4.944743486562702683e-01,8.911920712408973877e-01
5.862736109868190715e-01,6.534729577089182229e-02,1.403741920696411905e-01
7.089239563777380848e-01,8.980790883696110338e-02,3.363649740329102134e-01
5.081577550514204678e-02,3.153918188751405616e-01,6.487040177770297955e-01
6.343379151138358596e-01,8.133464004976294071e-01,9.172073317322571029e-01
7.447001298269050329e-01,9.919937643489484813e-01,4.234556896467531750e-01
3.134509083622033510e-01,4.574040421306354576e-01,8.608816702438215618e-02
1.501607138944588415e-01,1.703074307030111312e-01,4.435102846152220168e-01
9.654125375355320227e-01,5.158438540684199269e-01,7.487281691246164828e-01
1.740004104122652162e-01,7.276984493271985155e-01,9.753781981369725740e-01
9.761693438686112057e-01,4.094722618709135675e-01,4.389775156443129767e-01
4.755933692272278357e-01,4.625392443923211916e-01,1.074898098896506227e-01
5.526726913239057293e-01,6.934113573852097590e-01,8.311201722756638155e-01
3.946291769317750164e-01,7.620821071660696111e-01,9.322422548376356755e-01
8.484492832148657904e-01,6.224268610662085921e-01,3.823458750874086931e-03
2.352397084485361445e-01,7.421049573145149791e-01,8.159350652524570702e-01
8.359783346605651477e-01,8.179063311215872822e-01,3.875708844568710454e-01
1.340799295312505857e-01,6.857011523128574426e-01,4.067522266811212095e-01
9.829287313361356748e-01,9.594426997741740681e-01,6.569462497662085232e-01
9.815510759903663951e-01,1.752150309747245727e-01,3.963565727482443179e-01
1.836229983455817116e-01,6.976572246096675034e-01,8.699577360219137301e-01
8.015338301108605457e-01,6.619748865568131357e-01,3.624324011203806650e-01
1.603929350187021097e-01,2.603189207386089610e-01,6.273682654671727255e-01
8.329893156689094358e-02,4.960242913256044384e-01,6.905259481799576049e-01
4.417546733350038446e-01,1.805394979699914693e-02,1.574687903202913741e-01
7.229388433907213418e-01,3.150853445013712673e-01,9.379749511099361170e-01
1.078757158608156796e-01,8.402242585432583288e-01,1.352045502134529009e-01
1.214741311288879411e-01,3.021922480882327511e-01,4.740613970722215020e-01
6.150716523411847714e-02,5.497371817380873882e-01,8.657951824029064269e-01
9.742197498881630668e-01,1.021891173560273147e-01,1.317487684809260928e-01
8.224102456598945121e-01,9.536510660623637170e-01,2.561724717423543574e-01
9.508549842066309488e-01,5.735782899354343600e-01,2.309960838754121504e-03
2.429859682093812312e-01,8.019927704764931997e-01,4.405436471692933953e-01
7.322629960936887228e-01,6.370826357279416596e-01,2.507678723933158826e-01
8.210680393232059338e-01,5.128404641834399813e-01,8.461694776195115564e-01
9.297436416831742489e-01,4.127300300926988186e-01,9.977405552059338545e-01
1.128620980030221599e-01,5.257570344300783738e-01,3.882531363595176366e-03
6.443905752237785167e-01,3.780251770896775332e-01,1.528911576775054959e-01
3.278532793335655615e-01,5.642991410044482237e-01,3.688294902713318280e-02
8.836393716405565035e-01,9.233498274640871140e-01,6.932039207376879952e-01
4.218944321353607085e-01,2.630900851938133833e-02,1.225251517491916520e-01
6.896706801300493961e-01,2.032982592493837171e-01,3.009257854069963267e-01
4.710865974595542793e-01,6.251939157269299496e-01,6.214068815698472470e-01
5.603875932644921676e-01,2.070228886151792569e-02,4.679276836675284601e-01
1.936795994540975174e-01,3.765554057661713028e-01,4.039672074488038778e-01
9.744776640329937401e-01,9.946221140481795731e-01,1.609517840217684626e-01
2.906182837782320671e-01,7.814547571328286368e-01,6.442459023576604382e-01
3.886807029951453440e-01,4.456944196190613106e-01,2.716398403940598616e-01
8.147191623938810912e-01,5.848516989248513376e-01,6.691046379606553351e-01
5.797712201957172518e-02,6.667837873087223421e-01,8.492944753123636836e-01
6.343006858047854912e-01,5.447775312795105629e-01,8.796989874975679191e-01
3.269368225171231934e-01,3.494948354030114057e-01,4.924089152083883647e-01
7.812862517889561653e-01,2.578690930464331288e-01,8.429139268520704498e-01
4.554313649489660776e-02,7.304832144581481224e-01,4.648758544559949968e-02
8.202893941181713666e-01,5.816940845574459784e-01,2.145430694643478686e-01
4.589450921341504674e-01,6.986426701121348781e-01,1.746692019146983688e-01
8.167532351118526046e-01,5.333604184033717832e-01,5.564021567817255542e-01
1.528012937082283695e-01,9.238131523211068341e-02,1.079240026886238990e-01
3.893280446138857043e-01,2.979826918449052231e-01,1.356368559184528699e-03
8.386410482622446150e-01,2.973189913592576561e-01,2.781705658250301916e-01
3.738281089498273202e-01,4.463422941888938178e-01,5.861560574022210979e-01
2.205456553670872566e-01,4.809993049234931872e-01,2.695307631596424169e-01
5.080751239388729967e-01,7.506458100313868620e-01,2.705217631890811658e-01
3.964672117873608848e-01,3.087690885413505448e-01,8.569042935451285370e-01
6.090279318251387020e-01,7.760439902373261756e-01,4.820508219027558328e-01
9.584940453437473806e-02,2.458539192653338423e-01,9.322186722557121996e-01
4.479273339304575829e-01,1.027588636159310065e-01,6.166014946065695446e-01
1.325031393727502671e-01,1.579403883604549863e-01,9.834125136167861658e-01
5.433314916492737456e-01,7.688642834213510469e-01,6.483329621570402823e-01
7.390438708844366822e-01,1.613025537482368765e-01,5.164470342639174705e-01
6.220816345234153610e-01,4.391824315099326359e-01,8.110814263803529656e-01
9.514610855752274610e-01,7.992002696037630027e-01,7.203045377333605614e-02
6.389514191068184079e-01,6.213633486589119626e-01,9.568062573552489347e-01
5.913556659219816325e-01,5.688456117499373077e-01,7.370510542939615606e-01
1.449330138006834634e-01,6.497319014686641081e-01,5.224100864082537043e-02
3.705623445082589784e-01,4.268089002783868047e-01,8.689795170056009432e-01
1.275022664562688313e-01,2.199677232261622040e-01,2.793429807172490564e-01
3.437768200829566245e-01,8.777521963967234164e-01,4.434961039965955587e-01
6.009538724708238799e-01,4.079464127713811061e-01,1.259312260979190690e-01
5.451981281448858851e-01,5.466379062306183645e-01,6.884782453221548471e-01
9.136101005373804540e-01,6.514723279291432245e-01,7.098788845341099663e-01
5.286234251233531412e-01,6.165722504814781235e-01,6.013768779284290877e-01
8.883619101918616145e-01,5.470505597153325628e-01,7.671780367341622942e-01
5.164707501065580741e-01,7.978321717629536236e-01,4.157266322741423048e-01
4.730215132589175031e-01,7.798043366980025315e-01,1.719843209150898611e-01
6.244363981583186396e-01,7.298790443588264454e-01,8.394507207311572294e-01
8.421091784122228807e-01,1.520426182563390238e-01,8.417591305325842210e-01
3.774714925057177650e-01,2.453236414046333635e-01,6.252372299813053758e-01
9.819643971874162380e-01,3.592557345411095948e-02,4.712872004747067356e-01
7.719904496363005908e-01,8.428488258655674192e-01,3.206826479870672486e-01
5.106373980562500803e-01,7.462091167373717804e-01,7.021304510217970529e-01
5.040094721095899066e-01,2.367066936678465794e-01,1.205348165619409828e-01
8.694804685792633103e-01,2.921515148386010230e-01,8.493509171210845698e-01
