4.335690000921434972e-01,8.580022861300629078e-01,9.852979077647713302e-01
6.019495832575475491e-01,8.173468316480206886e-01,2.081779521890191331e-01
4.729581640543633059e-01,4.647369073539464601e-02,2.193403224072144608e-01
2.236590058263695502e-01,8.174653227304672365e-01,4.831991616547727242e-01
1.945820162772515793e-02,6.929565331622149493e-01,8.881377231699504327e-01
7.507897719929311764e-01,1.169031187125093574e-01,2.628967910218893422e-02
3.110085981758341500e-01,8.663320056107163269e-01,8.416619259304517486e-01
4.017756623210441136e-01,1.995432684147877556e-01,3.211903159587825574e-01
8.692798742684409996e-01,3.186700609531558648e-01,9.230567752872155252e-01
3.780435971609441559e-01,1.312087070356016127e-02,6.675174591739667651e-01
9.759700159133589681e-01,4.891294989219463485e-01,5.414924987893753316e-01
9.701955645200854850e-01,7.276544053971994996e-01,8.241420968633099697e-01
9.953824179862645893e-01,3.933681011774744496e-01,4.183004105224452651e-02
5.001763714598187471e-01,7.532329721340831341e-01,2.738596270987821990e-01
2.578280783113326979e-01,6.180903415498950615e-01,6.293487159636894646e-01
5.000858592422325888e-01,5.594692242678604988e-01,8.761079025623755845e-01
4.301318571575312166e-01,7.575721089820104392e-01,5.721993568736538638e-02
8.774819781901286309e-01,4.706498626496357085e-01,4.741362964650092104e-01
1.819009591705722517e-01,6.101577230694472664e-01,5.245971039785336520e-01
4.526282107764675322e-01,3.030858265467616386e-01,7.413934252861278384e-01
4.694894401605520518e-02,4.079236980657966471e-01,3.682477573104184776e-01
7.614809208861801348e-01,2.284093271618279353e-01,4.215058797011645986e-01
5.862522614827455625e-01,9.608116429507540524e-01,5.115607595697707621e-01
1.737537204591506068e-01,2.909360050356561977e-01,7.200678962542144124e-01
7.565482409342282333e-01,8.732755377637243521e-01,6.756564138593126323e-01
2.195892174764048077e-01,5.306396138760227643e-02,9.335087705430070715e-01
2.954089390893356315e-01,4.808902605619861381e-01,8.634433364414821899e-01
1.794690823975808591e-01,9.732858020206318628e-01,9.765961414966982668e-01
9.843678587646859102e-01,4.216977918905475686e-01,1.816894500431239790e-01
1.337023453376045001e-01,6.947610603099396709e-02,5.524564015202509948e-01
1.983816629723741398e-01,3.239598774710664708e-01,9.403331634248812687e-02
6.905690445970117386e-01,1.095541038305579695e-01,1.535139401926371994e-01
2.481687501998941503e-02,3.783451077373277682e-01,5.591829675742622241e-01
1.047770432590445777e-01,9.288602212173944217e-01,3.086108810858101403e-02
2.075706740353777668e-01,8.084634811610997840e-01,5.063337408961319230e-01
2.074221368767819040e-01,9.212762252972329646e-01,7.351905625163254188e-01
7.608594844814169367e-01,3.960966422588249047e-01,3.305235433551100277e-01
4.198413762213939471e-01,2.784732333820308936e-01,6.821688613049750050e-01
8.136838658634557575e-01,1.556353363689763070e-01,1.365817841801897359e-03
7.725111392660569676e-01,6.617437640694675549e-01,2.400365655422369571e-01
2.677783982280672603e-01,8.216245951015693771e-01,4.655724250488038063e-01
6.586833032101625518e-01,7.088326711664642010e-01,8.353468279440039446e-01
5.618349177035468767e-01,5.259064865991347482e-01,2.088673674615860731e-01
4.370906603980531102e-01,2.786924597298681139e-01,6.700769697912284384e-01
6.697581577505293815e-01,3.628599109066588113e-01,7.436433993766290440e-01
1.993745122900275613e-01,2.743886779787213515e-01,9.031758681867239069e-01
9.205776035387410738e-01,6.592455180292068340e-01,4.036471334087919915e-01
1.887329660844010437e-01,6.919455657473564392e-01,9.618818842149143844e-01
1.294124684397638392e-01,4.526865742822373528e-01,2.355337416029673614e-01
1.022292475709173365e-01,7.049820793020510346e-01,8.240066373149785850e-01
4.711637892287110496e-01,4.845048355410237484e-01,5.205600559215223244e-01
6.830237328470283309e-01,7.025147869367884823e-01,6.380642878491972203e-01
1.108370319487823608e-01,1.736495947922629401e-01,5.483332046536484317e-01
4.283696065580459011e-01,3.346036381948169769e-01,6.669698241550993112e-01
4.031828326067310453e-01,3.264739374338525568e-01,4.145449953842051949e-01
8.850341402541215263e-01,5.996290049241727038e-01,5.049849743915424405e-02
1.794429277715667848e-01,5.355372733580633371e-01,4.958969447794973062e-01
6.572678770561972694e-01,2.549603449568512703e-01,2.585390612041775782e-01
3.261907982410127138e-01,1.448089207416214386e-02,1.500374021790568113e-01
2.467170863010080817e-01,2.405545917179956472e-01,3.782601291938717525e-01
3.037827063138154315e-01,6.168315065376783757e-01,7.214916410807823421e-01
1.545208389945096350e-02,4.033734593327763518e-01,6.219016434896076362e-01
8.669899642190032063e-01,3.695593518847893888e-01,8.310949133670716416e-01
2.757425126249970493e-01,3.156465052076837807e-01,4.065087778161158294e-01
6.367797467709677139e-01,5.787761162557073513e-01,9.888474032008729431e-01
5.304073634102152157e-01,4.274302320237954866e-01,5.077213000126440390e-01
9.144018635979843657e-01,8.294850076503228475e-01,5.961318251096102694e-01
9.333171677292820823e-01,8.859449900606254369e-01,4.579991220151955478e-01
4.922812407726917527e-02,7.149756481488105386e-01,2.681694098878184551e-01
8.896054705863912782e-01,8.318502929528649448e-01,7.553603346462554047e-01
7.822682006889107864e-01,4.327418288921647260e-02,3.483071378545921082e-02
2.918730774017872509e-01,3.531813708607770552e-01,2.629754001048920653e-01
6.602554832667062445e-01,6.801992257999459612e-01,8.724621085955865940e-01
3.811398887545611736e-01,7.955793375740352058e-01,7.763609196693579406e-01
8.707973282642824664e-01,8.709906326890942685e-01,5.971049499443243924e-01
8.304472770002879756e-01,1.554081052356005577e-01,1.205186469275676409e-01
6.961695982140198025e-01,3.321980890984499446e-02,6.066831741845435388e-01
4.063194159577931952e-02,8.778175477973179097e-01,7.129308280102983897e-01
9.519114454228605471e-01,8.969385944662966459e-02,9.773396917240328996e-01
6.680061933894370085e-01,6.233554777267147351e-01,1.526713969287810668e-01
3.728290654974840690e-01,8.253642973635372249e-01,8.354001612017403211e-02
5.488858101541327361e-01,6.711696719019433210e-01,7.318122024865526543e-01
6.669263977807848853e-01,8.771497435525610342e-01,3.739528455476104352e-02
4.104127127871862735e-01,8.014931236835801664e-01,1.922505976133326300e-02
6.592385669938560788e-01,7.980941614359150504e-01,2.791510053237332700e-01
9.957263641119761255e-01,1.957761351275814077e-01,1.889943441162789117e-01
7.745855253726291467e-01,1.819023107665874717e-01,3.160554530885693048e-01
9.645083732991734937e-01,1.720854142272182363e-01,5.361273356456537353e-01
9.547627168009139575e-01,9.064133468577184605e-02,2.513498229383515081e-02
3.278175811305231724e-01,2.844984178351833704e-01,6.032819792385926139e-01
1.613339822849557681e-02,3.159217313803960314e-01,1.490696055299113310e-01
3.046067742751690233e-01,8.896775191586494547e-01,1.168420775320959670e-01
3.365712083866503335e-01,4.778863574756219146e-01,7.886895855433695424e-02
1.700190938166326049e-01,9.929313505494002934e-01,9.740252394991043561e-01
9.500934875106351596e-01,9.054455300242616467e-01,7.470598710408431486e-01
3.787694406369810363e-01,3.509281804849929687e-01,8.881837538833802226e-01
1.886361698378125062e-02,4.971932735862822916e-01,1.262602638808081323e-01
5.725468154667777698e-01,6.089175377335057648e-01,5.604501606491179011e-01
4.095663602288670546e-01,9.688246513961384920e-02,6.091474487368928603e-01
5.262339220728979861e-01,2.162621165029956494e-01,8.053896349124110010e-01
