2.548256292330562944e-01,9.912848196835856163e-01,9.829799727397650067e-01
1.920038968160896475e-01,9.608291918718495639e-01,3.591724941096614554e-01
3.363581638743602387e-01,1.922582143334445881e-01,8.008089578391703878e-01
6.713575881157118896e-02,2.731561531681887534e-01,5.825207589931673535e-01
1.102815837203009464e-01,9.125293222083562528e-01,2.476855650977834999e-01
7.623234605077024995e-01,5.944668139143304275e-01,3.147988610522498565e-01
8.198113906664005190e-01,7.578092690861615299e-01,7.257896071909683000e-01
5.231107276048717614e-01,6.866650512400234163e-01,6.550096786887175115e-01
6.900154569102614488e-01,8.486129847765929712e-01,5.880853766719007503e-01
4.800853761227148464e-01,5.019175342414774477e-01,8.925864359659396730e-02
3.241679910233402628e-01,7.513823740129411677e-01,2.555739020015500573e-01
6.802665227298401174e-01,4.308256573050662785e-01,2.326936179762617574e-01
2.786813378488445236e-01,3.641187412984450145e-01,3.330789791674295675e-01
4.786759365464132721e-03,4.181863787431526758e-01,5.411842701097814290e-01
9.530798636895976284e-02,7.427815462898819110e-01,5.846996579162764274e-01
9.865953922840944301e-01,3.170958123711198340e-01,6.166697147221331665e-01
6.057214902183072347e-01,1.990759112716780077e-01,9.961796757448270201e-01
9.991438514584196628e-01,7.318881936646628450e-01,8.874032012689724302e-01
3.825852933099656017e-01,1.754263843232372055e-01,6.432629378243138740e-01
8.888347382304443434e-01,8.636667973997110836e-01,9.727353887212064620e-02
7.024743676689647609e-01,5.539644754470897103e-01,5.446034904600499660e-01
8.589142288343842857e-02,3.445479463723992719e-01,7.636410442526683218e-01
8.381431742966500842e-01,7.567589560956875516e-01,8.710325912821957894e-01
5.043528186040984185e-01,7.676376197587320149e-02,9.710934896721112874e-02
5.423348207710524393e-01,1.994313225129469291e-01,9.315455878054655914e-01
8.634885060030009774e-01,9.452226935169061317e-02,2.814741311136167434e-01
1.751231279590504952e-01,9.397710637886014240e-02,4.482637158833640001e-01
6.148500591485833722e-01,3.137552238152777617e-01,5.705859841698220913e-01
8.873056155646389387e-01,3.961167847563334954e-01,2.293374873963219818e-01
5.512567411439812659e-01,3.535906737725753590e-01,1.184398740485027579e-01
8.649993184033204496e-01,3.768935047545500794e-01,5.219879728796894547e-03
1.515450570375312944e-01,8.458486362202520814e-01,3.139609503450935257e-03
2.172243796805956029e-01,2.589122810606238057e-01,2.447392039036205835e-01
5.661904033586757645e-01,8.255590253161332326e-01,4.711788260269718087e-01
1.853381319489270096e-01,2.000040208143664122e-01,2.133564574148238968e-01
2.327900069502321090e-01,2.026209603544071314e-02,7.335840779417535096e-01
4.278030229943460272e-01,1.496499007954716909e-01,2.475779882654907116e-01
4.729098603452938088e-01,3.735050508114561296e-01,6.774914288948381547e-01
3.213458492566054758e-01,6.019134528797598360e-01,4.965253129300624124e-01
7.996086893110545546e-01,6.312169331444820175e-01,7.336073669651472784e-01
3.921775193462985198e-01,1.707181730677488352e-01,6.901507941399530610e-01
2.410054190284650621e-01,3.975901636454226562e-02,1.753846195598173230e-01
1.870671653473617857e-01,9.101078715000056052e-01,4.140083846643825005e-01
8.578726367125922847e-01,8.891664108342970385e-01,8.957353253021196338e-01
4.693204557828248857e-01,1.958577717986184075e-01,8.277205206843774032e-01
2.376087866859358799e-01,1.985337616278453066e-01,8.535628653147200318e-01
3.854609283758052563e-01,4.102047890820674780e-01,5.339030012492019805e-01
5.625470255366916694e-01,9.513046451467480624e-01,2.370325636635451927e-01
9.042816772528728952e-01,4.713217786635423012e-01,6.948777628036775234e-01
3.273929062227941555e-01,6.079775960494637754e-01,6.528391896374643455e-01
8.114064672482625973e-01,2.150970388298940605e-01,8.283968847234474131e-01
1.380847542829782837e-01,2.989898263270210910e-01,8.669147256995727302e-01
3.824809344803239419e-01,6.128385793044119900e-01,6.621482890924347275e-01
1.200016493571292031e-01,8.780569982440478149e-03,5.713183399040855370e-01
8.544218134415456634e-01,1.160081145989440010e-01,2.165712323193760280e-01
2.326601454800482083e-01,7.790539186870772959e-01,1.977726144392618624e-01
6.220313545551297008e-01,3.497795869597003504e-01,7.373795549807063976e-01
7.177998972178618597e-01,6.877792303717062961e-01,1.969741290332898132e-01
7.579106244879677545e-01,3.392006978049811883e-01,5.466355693963820261e-02
9.636999779572850144e-01,2.572552556918041855e-01,5.691562863141763629e-01
4.021969740928061920e-01,8.219843544351437270e-01,5.571300520853085247e-01
8.928056430976792912e-01,8.723942136635198796e-02,9.565411411184501222e-01
2.425072044600197207e-01,9.773570011709851180e-01,7.566886020276175628e-02
1.783150475727813822e-01,9.449223593893822937e-01,4.587080761776232141e-01
8.374055407532545736e-01,5.698525983951961971e-01,1.937044429057510619e-02
7.423622879507729699e-01,4.699456470780041251e-01,8.508387017665939300e-01
1.073913187109354350e-01,7.602739728017646748e-01,3.243400915733128942e-01
4.985650403785317764e-01,9.387395992175819881e-01,5.506933541202727600e-01
7.980573746079214770e-01,8.079086056002735550e-01,6.151276788431871978e-01
1.063884956381134783e-01,5.014014031611043754e-01,4.469336080093349040e-01
6.781524953298083691e-01,3.953985886624077351e-01,5.849223736266176976e-01
7.966689515919026521e-01,2.442266411790988689e-01,2.512673830611654724e-01
7.943100520760216776e-01,8.981548931847455064e-01,7.460359930429031339e-01
1.608253476324676967e-01,2.720666748574993576e-01,5.908799057257559939e-01
7.836347164823941336e-01,2.208120917247158310e-02,5.533810691697771400e-01
2.686784005757766325e-01,5.851188987835984623e-01,7.052067363498529806e-01
8.347690228232785836e-01,4.990305874002483044e-01,1.293550286050929587e-01
9.214264941129820530e-01,9.159694071073652966e-01,1.491552521752165239e-01
6.502278018967867501e-01,6.186331362452555105e-01,6.486050347875648159e-01
8.180470598978997199e-01,3.993102997188197056e-01,6.219309803608689124e-01
9.773097974323855519e-01,6.704509537421399212e-01,9.178133500712389869e-01
2.975897323959775242e-02,4.705229172516813829e-01,6.068203888007885904e-01
5.541379134078318058e-01,8.276095478046728848e-01,1.735435575816225429e-01
8.756341833357532689e-01,4.458046474957737537e-01,8.424661083371660641e-01
3.183897912852179379e-01,4.951621231158298553e-02,5.693407263625417380e-01
5.896675482226529930e-01,2.717392058392840148e-01,5.336728805244257412e-01
4.051093876542233296e-02,8.944101528784642596e-02,3.727909569344839413e-01
3.830613200456083334e-01,9.740542557285101211e-01,7.543655917374159081e-01
8.102050319045421833e-01,2.475834256297296809e-01,7.446696920891145988e-01
2.652718730562668714e-01,4.035175122971983441e-01,9.140052374418576875e-01
7.351404231653820842e-01,8.072320437040754193e-01,6.105602516996788687e-02
5.985206808368797038e-01,7.238335937979319956e-01,4.864128919337767920e-01
2.895700281375175322e-01,8.102678613960830889e-01,7.861729914303623445e-01
4.721894688641175009e-01,8.430523141467950454e-01,4.968394748648240489e-01
4.834129640054817267e-01,1.213858199535889915e-01,6.135077109584474719e-01
7.839500677181471255e-01,2.506660496637536095e-02,8.903450895328212100e-01
9.965007290357437153e-01,5.284815435694210084e-01,1.761084910139965043e-01
5.711428666444665625e-01,7.402490435479768260e-01,7.415369211408993078e-01
2.782720421350420859e-01,2.540318536732814048e-01,4.305814052532762615e-01
1.313721200223231245e-01,1.667028230075308093e-01,8.664144152143975486e-01
