6.258660290745702293e-01,1.156824632901950478e-01,5.541504047962830803e-02
7.020054927807628520e-02,4.171169321961043508e-02,8.541131301291225997e-01
7.469750824613062834e-01,6.719648733957980236e-01,8.160836803303467279e-01
2.729723438786525458e-01,9.102955839579169872e-01,9.374486011951269626e-01
4.701141794064210844e-01,1.247565780277944958e-01,9.049558323463757770e-02
2.790451259749008317e-01,4.937083167098904601e-01,9.854948910726630817e-01
2.914928712777746789e-01,2.502683851650336910e-01,8.744758940025031402e-01
7.177649877672931389e-02,4.725097115058385366e-01,7.613050031636827697e-01
1.213631796170111521e-01,7.965869506056667548e-01,4.387328323603546520e-01
6.468364363159313513e-01,5.696131359533507243e-01,2.155039485645252606e-01
9.746931592734247030e-01,3.509529872492244129e-01,8.893030196440737667e-01
2.168715296277611282e-01,6.741614927308819949e-01,5.310618647542786341e-03
5.975392952923858081e-01,9.333454431394881956e-01,1.920086446841552386e-01
3.839718706561999761e-01,2.351485959564381112e-02,6.965625100344833287e-01
6.128225499691113409e-01,8.345674255779089723e-01,6.732294217413058446e-01
6.623944029664469157e-01,7.008380134214688972e-01,8.680433918492879153e-01
3.853711634542080766e-01,3.767025716133368674e-01,7.071035035673167712e-02
9.057477224058710918e-01,1.483516784685967593e-02,4.284123624738067626e-02
8.191668293423087777e-01,5.785681238568074480e-02,1.191645412397319692e-01
7.016181392780594939e-01,1.204905042441632990e-01,9.870407377924581560e-01
4.916278421735846837e-01,5.607295262815868986e-01,5.573912362762851735e-01
4.747061850119217441e-01,4.839145986632034102e-01,1.876678811322759488e-01
8.194938250275317637e-01,2.223507871799728086e-01,3.838434902392130477e-01
5.489455300429496587e-01,3.516284273116244696e-01,9.937714005558051511e-01
6.351196920901240883e-01,7.422381986321233693e-01,3.104370830000473536e-01
8.245170174128846341e-01,1.520069726446003910e-01,5.055934648948947618e-01
2.781195118334998106e-01,7.197709606933231363e-01,4.815100875988024276e-01
5.955443115973925172e-01,5.107020016224326220e-01,5.856541872109374269e-01
7.455850146626397112e-02,2.506885617492191631e-01,5.042708188807054626e-01
6.596378835914389338e-01,1.512937831782945608e-01,5.729315788506580409e-01
9.392106666989061825e-01,4.714786527241613401e-01,9.354366215451960231e-01
8.340946382719109931e-01,6.983114460109953736e-01,6.143856346590710338e-01
9.254850849406039970e-01,5.869592522506262844e-01,5.549725462644338192e-01
6.167710567449432579e-01,1.752592280414880799e-01,9.080054771781632672e-01
6.481925004105459909e-01,8.439682072807251911e-01,4.079557362819671296e-01
1.654992366438787776e-01,2.991812354391103490e-01,1.969340933961118978e-01
4.213001828488236455e-01,6.402567819852362785e-01,1.543550109957816385e-01
7.382114350385028390e-01,3.951314473704121699e-01,7.676363917435643502e-01
3.672778608849766036e-01,3.157200513749052195e-01,2.490192573396432518e-01
7.563349906477101481e-01,7.074029077882603156e-01,3.339342467727479669e-02
3.088908838119241995e-02,7.423869036406515187e-01,2.277455350621104824e-01
7.649934505736639689e-01,2.764639532149848478e-01,1.029590764247960699e-01
4.890529613007719156e-01,3.573491289531460779e-01,6.808627195651976161e-01
5.512089371866122356e-01,4.580464310919578619e-01,9.817233009143558897e-01
6.245004623883229078e-01,3.752608175110550004e-02,2.514741483069651284e-01
5.681251962609776829e-01,2.328742678313955317e-03,9.048647711918759162e-01
7.568484914445370304e-01,5.897970204437276154e-01,6.994816490784345753e-01
9.240731721845750757e-01,3.592156794560514843e-01,7.290769702771452421e-01
1.407883641674387842e-01,9.672553768610866465e-01,4.535058292426574766e-02
4.448231410321268342e-02,6.552061499517165544e-01,9.206397728928892299e-01
4.458734905299516216e-01,5.725344350992573883e-01,5.951623474223363131e-01
6.505348134351776057e-01,5.561266450943371797e-01,3.489736712166441324e-01
3.591717570393165859e-01,5.431815616156721038e-01,8.107279104446273310e-01
2.040085667004851722e-01,4.341129274761893475e-01,4.784170250765262811e-02
8.505379846096624563e-01,3.560724334123522850e-01,5.784526865472663371e-01
4.839409059102939281e-02,6.676097670796369288e-01,6.750175583531792256e-02
6.700140780620966741e-02,2.213445465994017258e-01,9.680639863777982246e-01
1.488756156908161987e-01,1.840276773308648917e-01,3.995360112944312814e-01
9.337098141401978246e-02,6.208371166343323866e-01,3.684953123214165238e-01
2.230611360274407096e-01,5.149723937450955136e-01,3.188343353333510377e-01
4.076839133404210891e-01,7.623153219015869064e-01,9.026817386630464624e-01
2.846974520867856517e-01,9.976416209143265101e-01,6.913601497949806163e-02
3.003929302933053824e-01,5.727856619641606972e-01,5.113926247206638243e-01
3.550752373958947494e-01,7.491294553602867445e-01,4.651970674199676914e-01
5.246321377203041481e-01,8.842629063261164823e-01,4.413945735080972987e-01
7.388400740148548529e-01,2.643550132314719248e-01,3.218452334466139764e-01
6.454901142459046337e-01,1.724179542431654166e-01,9.157917363422090062e-01
5.063261595736323617e-01,3.227932443572089083e-01,4.093533189001762329e-01
3.664732066106224373e-01,1.099265378550309258e-01,4.021065736040860816e-01
3.946374494061937188e-01,5.714300435491757035e-01,7.531237071114603721e-01
9.264611676019267605e-01,7.949313612766527593e-01,8.354149118735864077e-01
8.903567722489994507e-01,1.504986606305358521e-02,9.181316654237590136e-01
1.272842532920516190e-01,7.216683522996223399e-01,6.298122603732829727e-01
5.682960746095820914e-01,9.872382476142349539e-02,3.644568947452841989e-01
9.906300278471391607e-02,6.693387771615478821e-01,8.425727783594239018e-01
2.198928518900935547e-01,3.524085545705321065e-01,2.415319325683724649e-01
2.611763727449291084e-01,3.583948692115676016e-01,9.749595855730908145e-01
2.318289895188229144e-01,7.166091376306806815e-01,9.265905478602439738e-01
6.482529448424054763e-01,5.160503523630873834e-01,9.846045452832606903e-01
6.686993241484197048e-01,5.155628205335854863e-01,4.278127283432741068e-01
6.726271341230979361e-01,7.797555951073571467e-01,4.608713412836015211e-01
5.573270007082986588e-01,5.142995455854755260e-01,4.226691464982331725e-01
3.628853052281506564e-01,4.486000491096969744e-01,1.473715875690514432e-01
2.949500293993746469e-01,3.537553568632687551e-01,6.975180695901164185e-01
6.061857545090334476e-01,2.605045008291413389e-01,1.856600147584681615e-01
3.349917583296382340e-01,2.166620125350476878e-01,2.605758490301085528e-01
4.128822971209351600e-01,7.826563466049593076e-01,3.442539475315747888e-01
2.382849725141579222e-01,5.252425512981725442e-01,4.920726829914784384e-01
2.107604847462807296e-02,2.486137490464507271e-01,1.508527110489474854e-01
1.885724138172412134e-01,9.860052883629223386e-01,9.929398468631197572e-01
3.651281368653734871e-01,8.143249814944999443e-01,5.387886221250753893e-01
6.961962691483983834e-01,4.094737451649587134e-01,1.901553678156286953e-01
3.843106488936800513e-01,2.729854989629272310e-01,5.335735753016064287e-01
2.498405408584062348e-01,5.167405758528831328e-01,7.165550761028740556e-01
4.467000805468732683e-01,7.203529759987984393e-01,2.415624392973212409e-01
2.703614437798889103e-01,7.158363374181248018e-01,2.061286974920640835e-01
2.190990672338012368e-01,1.844838798780331635e-01,4.965139219827373607e-01
3.115466172652022747e-01,2.222680406326186242e-01,8.829394129212031483e-01
7.292321670561017211e-01,6.381679768519099571e-02,5.659650459812679557e-01
4.743894661543542890e-01,3.567333211732842679e-01,6.185199809367027957e-01
3.858172782153446168e-02,4.076562000154791976e-01,8.303852919604861604e-01
2.946553391384564291e-01,3.630805906702179175e-01,9.859530939692011664e-01
5.798788458168026017e-01,1.320379731045122629e-01,3.396935216840696325e-01
8.345067688361960112e-01,6.410600711227237847e-01,4.728580704734364204e-01
1.035258969571005716e-01,3.497929412330814669e-01,8.298550760345527744e-01
5.657983441458830365e-01,8.662855161459914743e-02,1.483522474227788601e-01
2.416089943073618240e-02,1.906201002565420799e-01,5.095993164024914535e-02
9.873137556058874109e-01,9.039713223999304992e-01,6.745015904777698079e-01
8.057455768025484355e-01,5.758374171828752885e-01,8.286636199338898168e-01
5.223040881669773761e-01,9.838621532644886702e-01,5.006209604194700180e-01
3.039635102741614636e-01,5.305364131018966978e-01,3.142359310801732253e-01
9.957163015244848703e-01,5.282091729451047213e-01,1.445794416516218428e-01
7.728107653104877572e-01,6.979356800937823735e-01,9.295871768107687450e-01
7.941633787773324515e-01,2.616525479734155279e-01,8.325184932292921669e-01
1.537841323044042419e-02,9.351612818448217235e-01,6.437431800536863591e-01
6.692618130086851469e-01,5.933756074836876726e-01,6.480574075448799487e-01
4.120793578972087312e-01,2.388719850472883488e-01,4.456460670335844476e-01
4.969776158531783450e-01,6.835923450138766677e-01,8.885379448660222224e-01
1.035886594735238031e-01,8.590037740624327789e-01,4.411049130907185312e-02
3.524996540517117971e-01,1.594684361348167601e-01,2.847286618339832653e-01
8.068847144536790417e-01,2.661783109499803457e-01,3.680539652791281480e-01
7.409431281236377176e-01,3.025898201835128809e-01,7.846483062763720540e-02
9.718536611035407669e-01,2.555329152170640050e-01,5.047539133572467307e-01
4.525229978379528006e-01,9.760731763015676465e-01,6.812717712400314651e-01
8.109122594064946954e-01,7.828817437870534413e-01,7.110910687061793301e-01
2.906144901277198933e-01,7.394889988578525752e-01,9.186985993068391698e-01
8.490021977691758481e-01,5.042754583913807709e-01,6.132522586566772071e-01
8.553990138711002889e-01,9.819168610557985621e-01,1.692551703103234439e-01
2.564836651208333151e-01,6.063913523365273006e-01,8.099877354150121223e-01
2.635545544271212792e-01,6.589601618197438171e-01,3.783188085546427271e-01
8.972689209841626656e-01,3.271642915332727553e-01,4.694097628849869253e-01
7.348767335592102379e-01,6.037570253887591942e-01,9.834757965633097454e-01
4.027545688941589486e-01,2.544430369791886859e-01,2.644562880117574677e-01
8.814328897245771177e-01,2.668783306272644040e-01,8.367408927690422882e-02
6.338925835525212049e-01,4.527825864560499625e-01,5.609843306368498261e-01
4.615902347138137740e-01,3.408270360979959168e-02,3.166529641153359442e-01
5.771869638627376009e-01,5.128819136361979503e-01,1.347378776463534766e-01
5.284764939629041924e-01,3.598177976229131048e-01,7.339608015684506714e-01
2.356597205593768951e-02,4.682947837473350194e-01,7.159246083462711407e-01
3.822298726437410865e-01,5.742684412766482227e-01,7.432165760007962696e-01
9.635992912281166056e-01,5.201089029040739664e-01,8.949832243450789315e-01
1.377344180050283917e-01,5.769989242869560941e-01,5.364479356736876481e-01
7.944655788000011265e-01,6.793838440063719730e-01,8.151302371746929065e-01
8.451427327002625223e-01,7.036805585991852130e-01,5.541345430974741193e-01
2.746296785477159164e-01,7.689763126687058081e-01,2.580831542119158550e-01
9.946755029856727548e-01,2.756911308225570290e-01,5.180248561422404752e-01
9.040212616992848726e-01,7.693773952505064129e-01,2.387296348376233279e-01
6.576530970837921597e-01,3.963947330057889795e-01,3.982766779553413850e-01
9.760823416463336732e-01,7.586767051011235052e-01,7.668994388707597309e-01
6.940040160743895514e-01,2.508500170887966174e-01,5.886374823515527765e-02
4.872040236285812842e-02,2.848034744877329105e-01,9.883177779273991659e-01
4.627394564748823491e-01,5.402934943770197895e-01,4.118295209538948010e-01
8.256299787037607585e-01,1.228291510955811239e-01,3.498171716014074617e-01
9.949831726154919620e-01,3.641313442007506618e-01,9.773006489562177102e-01
8.241579153349057885e-01,5.264854576332768099e-01,2.172256993901231503e-01
3.022239249349537582e-01,9.377981213605043331e-01,5.479848611341208153e-01
4.289081459128617491e-01,4.002643458819634681e-01,5.343717092660408285e-01
8.426981376451943007e-01,9.323767148644024338e-03,1.795393909257144704e-01
3.168360884369225694e-01,5.080794127884132871e-01,2.640391844891153417e-01
4.990976275929491779e-01,1.100327845384833081e-01,2.565602279894689808e-01
6.979051795633527400e-01,4.865458399150039970e-01,9.060210598993592157e-01
8.012975849628167779e-01,4.594321522576967354e-01,7.484294603720609285e-01
8.310606299625945548e-01,7.739883781539406149e-01,8.660416789977898322e-01
2.201484790421103233e-01,1.891409375983394980e-01,4.272708615498583828e-01
8.614742284436888164e-01,6.418688909659236996e-01,2.615153685354081325e-01
7.421241916879421918e-01,7.589255687582132648e-01,2.936455381405390641e-01
3.798844949825908035e-01,9.102185509792436457e-01,4.170579063089564498e-01
2.628439225641775456e-01,2.612826535786049176e-01,5.225913727132310838e-01
9.493961308899273588e-01,6.218532445502973349e-01,7.152181468844311940e-01
2.841783375495190445e-01,3.204518363520932889e-01,4.284310758494499494e-01
8.036769079925671910e-01,7.165094290998326176e-01,1.226320262363133073e-01
4.017103427012241879e-01,9.761803322059314780e-01,3.312984427171709045e-01
1.300993821059286404e-01,4.319482717392283400e-01,9.282747562647605255e-01
8.746525892766620069e-01,3.746664145159905868e-02,6.935400097410084896e-01
3.526639447174857445e-01,6.753435425912931445e-01,7.085611825519116946e-01
2.239131024663214564e-01,2.725738400020156771e-01,4.512612748860880263e-01
7.886934582884331801e-01,6.317565928801136543e-01,2.638050870865032982e-01
5.293986013605666008e-01,6.786871539490294536e-01,5.458174666669225461e-01
7.119463690409607581e-01,6.452935765443690297e-02,1.254490393822296213e-01
8.963437730654489899e-01,1.112957077473479828e-01,1.941502149034053382e-01
5.493580572559549902e-01,9.934892765564584671e-03,9.578459793509931375e-01
3.005310499447743089e-01,8.600171457768082117e-01,6.744919843806790327e-01
8.648284899728431174e-01,7.712698879205143188e-01,9.367080853175631106e-01
2.270017230144313336e-01,3.241344355385143983e-01,5.791935352113135593e-01
8.283082016960574556e-01,2.175643914049671945e-01,7.029370879395476779e-01
2.112379850491092892e-01,9.155962652959668269e-01,2.226588559020179492e-01
3.682961940662167200e-01,1.005375026563566365e-01,8.336258499878089756e-01
3.326949090187246716e-01,1.900522177332387708e-01,1.696381691550454818e-01
5.106000608670930863e-01,6.229902135676534947e-03,6.640823352646239019e-01
3.370037218797931056e-01,9.447747751700659169e-01,2.126288939755839325e-01
7.638558915349809020e-01,7.901223110599228105e-01,4.029396458126275338e-01
7.171432332643741248e-01,1.257381303929208105e-01,9.061794712985803413e-01
5.864544250813267245e-01,5.493603652661791514e-01,3.963640159693412324e-01
1.613692411177708452e-01,7.055191553413877603e-01,5.645335741238232119e-01
2.743856453273247897e-01,6.814103684069879874e-01,7.860432199509521656e-01
4.031906062624512899e-01,3.632560802528908006e-01,9.526287973412582710e-01
9.186444873789536558e-01,9.280652758100967903e-01,5.488231118230875172e-01
4.571037286952930323e-01,1.851337004542454867e-01,5.397024145464595080e-01
3.558629913946222967e-01,8.052596666247248125e-01,7.963368656125492384e-01
9.171213271367285591e-01,4.150956752991343812e-01,5.039214278771027011e-01
9.717623816249171265e-01,6.937115568507450369e-01,1.869647148967323869e-02
5.356110708987893432e-02,8.498406283775045145e-01,3.654482920021250303e-01
2.164832249191972480e-02,3.672492997332688081e-02,6.005080756527855224e-01
6.073240057689972549e-01,9.226052859711262322e-01,8.039954761422363205e-01
7.324610295756779355e-01,2.358702723512688948e-01,3.987037904805500466e-01
7.267746597258173402e-01,1.171991312061648749e-01,2.829337496645663030e-01
8.400777994585069131e-01,1.876987053464775901e-01,5.994672739685383833e-01
3.078499622642705269e-01,6.593525173236296499e-01,2.558674471267130546e-01
8.504771187514912345e-01,6.568218382306654224e-01,6.974822068650428086e-01
6.888988067797180426e-01,6.261643252691921901e-01,3.847366206427869084e-01
8.764167143257474146e-01,5.758375790442583630e-01,8.626904219408767505e-01
7.917224508996126842e-01,7.551147575550717361e-01,3.231117460066704750e-01
3.995132541824357730e-01,9.364029924787864445e-02,9.479883073322332709e-01
1.976533912515024971e-01,8.199742273087486932e-01,5.995802394224594156e-01
7.351934365603087773e-01,7.575642080441473691e-01,4.446905306329040908e-01
1.521440071631046109e-01,3.087713259252015119e-01,6.052896091453355831e-01
9.459547510814760862e-01,1.747444912702391662e-01,3.727850691942491412e-01
3.732161119641262959e-01,7.403828889568220273e-01,9.726046580244364081e-01
6.418589371026863777e-01,1.159434193970509952e-02,7.156905965513193912e-02
8.973708619762539307e-01,4.086221740686741821e-01,1.094709158606910204e-02
5.635697517493394315e-01,8.897945869789373186e-01,5.108177048444696444e-01
9.384808683589196399e-02,8.661336754167712204e-01,3.454844985764338183e-01
5.532360760524610566e-01,7.162540242023428538e-01,3.074511173408500664e-02
9.837383329907007923e-01,4.707776484000142370e-01,5.989988855877078633e-01
1.382771984425401612e-01,2.629491576902330818e-01,7.492588186747475287e-01
9.898499476638096262e-01,3.489966785561736673e-01,3.385282411592394070e-01
8.943505930550557093e-01,4.748449462636850082e-02,4.562656663609304664e-01
6.033281995175705514e-01,1.471952398403617579e-01,2.376113128147693265e-01
1.450744594657065178e-01,6.434782244202087442e-01,2.926105623464956285e-01
3.585627539931059982e-01,2.517242510378463471e-01,4.903767099649347649e-02
5.691715846965086367e-01,1.911387137929709823e-01,9.696583922060165728e-01
3.162382246630484062e-01,3.489146881517719567e-01,3.980620649863260141e-01
1.010265498984820320e-01,3.696647307058775755e-01,6.506532145668986189e-01
2.398172307778984047e-01,4.701676487631755164e-01,2.271361933356221829e-01
3.447132635838755510e-01,3.282145066930429733e-01,7.467360576721500109e-01
6.059913436034725098e-01,2.565216604579043658e-01,1.538740899275329310e-01
5.361737621075562954e-01,9.175950782125473770e-01,8.433617420102763607e-01
8.415334606533576567e-01,5.205559950003867398e-01,2.772535583069662968e-01
5.677062900353478936e-01,6.208235801558202871e-01,9.606636766079157397e-01
7.447598487450356464e-01,5.273443774281139085e-02,9.143819418662775256e-01
2.733388909255239918e-01,5.430790654270344353e-01,2.851379960543187764e-01
5.853883157616449617e-01,2.293902404069293466e-01,4.519596136788842644e-01
9.270363524450109249e-02,5.662058886944498770e-02,7.839533601773573945e-02
8.993448224203870467e-02,4.584309998088095250e-01,6.297539274815551202e-01
2.131658917625083305e-01,2.121559096120669841e-01,2.325354297904643763e-01
7.189221153989708846e-01,5.638765728491615947e-01,6.795494934199395320e-01
5.495754263916523552e-01,5.919472914771517491e-01,7.630212395302942152e-01
4.231529338845682053e-01,6.251493771030081081e-02,4.075157885821242276e-01
1.588318567904576373e-01,5.365948005905536444e-01,2.172355201400775204e-01
7.183723753302219128e-01,7.859483067371071385e-01,3.359573513842754044e-01
3.796755297539284868e-01,5.115395881370816689e-01,2.390907805752728876e-01
8.620458961562693645e-02,7.026053309585369444e-01,4.002527065588540323e-01
7.232169157445289542e-03,8.165650377896047640e-01,9.458275110195597524e-01
8.203441294568210029e-01,2.263075070398283817e-01,8.655692825661972511e-01
7.390964856075455947e-01,4.320966172543252437e-01,4.242119418259896468e-01
7.249706394223021100e-01,8.154580014404056998e-01,8.398450676916021651e-01
6.856902599984273650e-01,3.798007727356702556e-01,6.084667265604010167e-01
2.555318333956021482e-01,3.311080148773123399e-01,6.038679021890438481e-01
1.991115726306074141e-01,7.363649005240668899e-01,8.051868399215186267e-01
6.857697841535763672e-01,6.461754283577156865e-01,5.196056983266800211e-01
3.530832733488975528e-02,5.922138325166963480e-01,4.934209830618494497e-01
3.242221000676028808e-01,6.208396402920470791e-01,2.704178625278571557e-01
7.992334904762148362e-01,2.558599886204437901e-03,1.309174720847535722e-01
7.311891928314423472e-01,1.709672820961731787e-01,8.363973646876761148e-01
8.070012857347641511e-02,3.499395858297502659e-01,8.138268355680846611e-01
4.949251426498296746e-01,5.742122641177151987e-01,6.794977979990635131e-01
6.759486160547920619e-01,8.508927964679000588e-01,9.856161385361236205e-01
6.157871465096859120e-01,5.891150464284147237e-01,2.727111280751781663e-02
3.439044096565442299e-01,7.928262637408882707e-01,2.685139435061312252e-01
3.410461197702003844e-01,6.081915750753152938e-02,6.389451327462631891e-01
3.715722408579634761e-01,5.034910117812805286e-01,6.352354235215011968e-01
9.550181929223456878e-01,1.634613235992677938e-01,7.147958609439527544e-01
6.913754492276634744e-01,1.680918840907725809e-01,1.399005255985065199e-01
5.263663026905023301e-01,5.598061242558540762e-01,6.089529579876914456e-01
6.880548388621834377e-01,6.696415087464065996e-01,6.169107761650541866e-01
3.187797516078889615e-01,4.501283712098850254e-01,3.811205064471719917e-01
5.766042917609136564e-01,5.740536862981658883e-01,6.986536520769313086e-01
5.044257942572538678e-02,5.859345714582304687e-01,5.678464172361854523e-01
1.113106475906966431e-02,9.678574395026557919e-01,1.942517791321494158e-01
1.724502573146914353e-01,6.252759078706947582e-01,7.484466201509135663e-01
7.190745123734557653e-01,8.021860514759452387e-01,9.751788413333137839e-01
1.975551097603017725e-01,7.209461234975181876e-01,9.315504449411403654e-01
8.452815768701326116e-01,8.985410964653981480e-01,2.712322768011186103e-01
3.359293225817715500e-01,3.077898777278252895e-01,5.040438822905772831e-01
8.197226539188473549e-02,9.282242406447335226e-01,1.591316010688481608e-01
3.132722042813770313e-01,9.327031937152374663e-02,2.898537078908642872e-01
7.090714185151737459e-01,6.094219766427501073e-01,8.258199856386589932e-01
4.350573371262568267e-01,2.298575417288954981e-01,5.765554937133299251e-01
2.123986619176086998e-01,3.052416333250176361e-01,2.394679609365897299e-01
2.692595964077223458e-01,5.381210926599688804e-01,9.629013675906658021e-01
4.656881089287345787e-01,8.010491167531003098e-01,4.877937996444461355e-01
1.882599672674744040e-01,5.882170658666944218e-01,2.221386124898979686e-01
7.800055274668492578e-01,4.711879552940411164e-01,9.112713060222421557e-02
9.523618081609122044e-01,8.843767279492767974e-01,4.260483528547660548e-01
4.623200409511311060e-01,7.127514367966527598e-01,7.666288407734481725e-01
4.724754324748662304e-01,9.573443829206115252e-01,9.902123897357647531e-01
2.980258243494355863e-01,9.497019411553278001e-01,8.485311983467819230e-01
3.029059366601135617e-01,8.845525727580142439e-01,5.953480642407625867e-01
5.267565890108850679e-01,5.726634093920288660e-01,8.482498059829294279e-01
4.664097566179182808e-01,2.246755918602327817e-01,6.623268660137692221e-01
6.588330740608636660e-01,4.937152261616266635e-01,4.625931278753102616e-01
6.300151326201259838e-01,1.555649754862254985e-01,9.475069923195051924e-01
6.465815066006699308e-01,4.952472955214864969e-01,4.691135570683887535e-01
6.211876188765552698e-02,5.661776300178067434e-01,1.133722066625999503e-01
7.282735717119770413e-02,5.858473996401158956e-02,6.913010463230919722e-01
7.003754216554025636e-02,6.751261475240722953e-01,7.037326886669457160e-01
6.460241896694646213e-01,9.033750098455556321e-01,8.637504233740679327e-01
7.288472801066822049e-01,2.685767022376890356e-01,2.673171810364393108e-01
8.310772562860472279e-01,3.590714674093450354e-01,2.467888834287675914e-01
7.705333912542801089e-01,9.038838781767680741e-01,6.059478106225385519e-01
9.904346744864569452e-01,6.947301155927749772e-01,9.303837139954825863e-01
9.942853403365764509e-01,4.785286720296553220e-01,4.018500800981388288e-01
3.107624271876511246e-01,1.421164933412143450e-01,8.596367232535944147e-01
1.033407388991425258e-01,3.849574124561281341e-01,4.193214698493208381e-03
9.005399292941088651e-01,5.640443822801035623e-01,1.117943800399922027e-01
3.139983753068404937e-01,1.970608608932873373e-01,3.526739640790913510e-01
7.202904612063092404e-01,2.487407355965309819e-03,1.892600317368805518e-01
5.818018958360484660e-01,3.682601562245043647e-01,6.808645751438499039e-01
1.679338291436488495e-01,5.170542488432745554e-01,2.346023881189974736e-01
8.285848792380411387e-01,5.619812526347286452e-01,5.232922837614351064e-02
6.436467859969630112e-02,7.200742149637751055e-01,8.840645593697020743e-01
5.435040560557047318e-02,1.997932730385280076e-01,2.657647070792792388e-01
2.678999889725532935e-01,3.465487193320242465e-01,4.796058016095383625e-02
6.552895323669762906e-01,7.379925318020935654e-01,1.093625608782533565e-02
4.161127049239488063e-02,5.796989079220274954e-01,8.148942660900989621e-01
8.039373406128003108e-02,2.237447322478418599e-01,7.517265485070796505e-01
4.101923416509435372e-01,8.734055448143719369e-01,5.262752791193064938e-01
3.213907713263929322e-01,2.654429769237569570e-01,2.689209324786930866e-01
9.789869304297657004e-01,5.961682479799773615e-01,9.185794657069077385e-01
1.734877349338633801e-01,8.523557178936066459e-01,1.772505782369478977e-01
9.414358414387649088e-01,3.114871421619422875e-01,8.615245170087145743e-01
9.179021671326770271e-02,8.778709121232849411e-01,4.868691190221620113e-01
8.058795411803110209e-01,8.336173988876095509e-01,3.608122994975804243e-01
8.172732030789083835e-01,1.705373890698038686e-01,5.178261334122241655e-01
4.782603416956673348e-01,1.055681307198630403e-01,2.083701626327340017e-01
5.983715733981000984e-01,7.477179845312519335e-01,3.933301367023833706e-01
4.084081594382802383e-01,4.415628421624687716e-01,3.495853204410485082e-01
9.980229311271501258e-01,3.800550290081283755e-02,5.736470469305391395e-01
4.049948597074747303e-01,2.146798306008420587e-01,5.365421715992000351e-01
3.687008004732351685e-01,6.233590263943522558e-01,1.531092553426058878e-01
6.793031572516583516e-02,4.781241943096836700e-01,3.711057910620779721e-01
6.734706861120718369e-01,3.728304784211032841e-01,3.897347589619268859e-01
5.692012210402732642e-01,7.099914159650309031e-01,2.458787954677166265e-02
6.450050056246535712e-01,7.321636272525967604e-01,9.722918343356813375e-01
2.597897734189055230e-01,4.565928332005436685e-01,4.891104083108285261e-01
5.098113815571719831e-01,3.705351618600354335e-01,3.244171784927269986e-01
4.494350376484412823e-02,1.619582515716713189e-01,5.761791573848008552e-01
1.165054229457860302e-01,4.059479126738223531e-01,6.901275397288709756e-01
2.704488460762050073e-01,5.845619912225027415e-01,7.681819775499755254e-01
3.425413446735406930e-01,8.197809100234393354e-01,4.425798036413254311e-01
2.809692153767138212e-01,7.602354151750549960e-01,4.662297811121202118e-01
9.852621526806640828e-01,4.399371709162606114e-01,8.458383712799453225e-01
9.937252362699297015e-01,2.069509371386737406e-01,4.048515117833879629e-01
2.747123234339063913e-01,7.678547970683303747e-01,8.597251039731321764e-01
8.125328208405943053e-01,3.710465987539723898e-01,5.113470259513077654e-01
9.866029641193647670e-01,1.946148883048628431e-01,6.058686872904706089e-02
9.314750579395280061e-01,6.245420815788331748e-01,8.964977224126275956e-01
3.416021606987964532e-01,1.625916931379112196e-02,5.947295120417167569e-01
9.497411337527417174e-01,6.512000938251516491e-01,9.865733721017744262e-01
8.883261895209237924e-02,3.284961871158574853e-01,7.636532507417023163e-01
2.621655731244697529e-01,2.326681638498619975e-01,2.492687484428945943e-02
4.691190408176520998e-01,8.736979129150891366e-01,6.486358236353291229e-01
7.180239658729947738e-01,6.324030802291313869e-02,9.526391677054736329e-01
4.641282344727006848e-01,2.233492426245983209e-01,7.775626057627821330e-01
2.506733917086942931e-01,8.153055738157743981e-01,3.258156205468416555e-01
8.688934418926042014e-01,8.623257341600154557e-01,4.384689362291028791e-01
4.867893648688047525e-01,2.020418870654606680e-01,8.364756271333526616e-01
7.629886873784413881e-01,9.659581457096464430e-01,3.559645742472680174e-01
8.190181199680124369e-02,2.129049197429228046e-01,9.096567837871502027e-01
3.880599811995638637e-01,7.295297500525552703e-01,9.131988240124526701e-01
5.052406011678938214e-01,6.451110715280296004e-01,3.949093852445633157e-01
2.425895671660941444e-01,3.222405927314297980e-01,3.798716291950646751e-01
3.674988343767290333e-01,2.864237701607430520e-01,3.815891295622757529e-01
5.998253996054720982e-01,5.578339895370761914e-01,5.370298223658909187e-01
7.609064479999734232e-01,1.239564066435999701e-01,5.294446678942791307e-01
1.301512642612219217e-01,5.396757006979723270e-01,4.163568068245191434e-01
4.676878954530795385e-01,7.306684274210445418e-01,3.820151062079684134e-01
2.655653792631199606e-01,6.386755541865718477e-02,1.945080217634399533e-01
4.626316903622325061e-01,2.583382866305192760e-01,3.689081156832952901e-01
6.116009772681376688e-01,8.042354600620890137e-01,9.026088991275849072e-01
8.446072656790748479e-02,4.364223921144740892e-01,7.134333383240042403e-01
9.968953390930906933e-01,9.413107505136503184e-01,8.844233756712058803e-01
2.330004590186766089e-01,4.887446803884443192e-02,3.915798206837862727e-01
8.892946943431888629e-01,1.574410096678422466e-01,7.803462016530720025e-01
4.720864506429897078e-01,4.422261624021167625e-01,4.192001289308096013e-01
7.629763628997279223e-01,8.058440641534281301e-02,7.549701009701962340e-01
6.547529403537455384e-01,4.855997919379920758e-01,2.689685294546073635e-02
2.871586990183397914e-01,1.638810480366132971e-01,9.593111685984421211e-01
5.021831988306618699e-01,2.456981496063757042e-01,8.209850653916428431e-02
5.659522070983962205e-01,7.642640282013117847e-01,5.888723655396657097e-01
7.996959662916346412e-01,6.177237284814588447e-01,7.877449662284059517e-01
8.540631257566587697e-01,4.467139229440615367e-01,2.185523889015983379e-02
9.318687207480017554e-01,9.202735649340043622e-01,4.872228926461107390e-01
9.531521875043407199e-01,8.666484000376907249e-01,9.143218749852956018e-01
2.941395072809420697e-01,3.259584910572213001e-01,9.544594016938203751e-01
3.836009125942958509e-01,4.853206107765560828e-01,1.365372735822265593e-01
8.160833086614917020e-01,9.007861029990382740e-02,9.051166081254597984e-01
8.959644398255093289e-01,3.959923983793427471e-01,6.516221648686446599e-01
1.377358396965693288e-01,5.133222640676654569e-01,3.634808839973222572e-01
3.113693488944845322e-01,2.961272872863014438e-01,4.438005876162168795e-01
7.274096674836281196e-01,9.970265948408169043e-01,6.465731801803199508e-01
8.273358012160990649e-01,5.504334606475524971e-01,5.339339371888656149e-01
8.764603134909020321e-01,3.731281224901320526e-01,2.827486030833248343e-01
7.644764444820214555e-01,1.194476629119319844e-01,1.045276479838538330e-01
7.838984556687318417e-01,1.283418959567018680e-01,2.134862147980859381e-01
1.841728544854356331e-01,7.901360559674321937e-01,5.951653086464726572e-01
7.105469949025386978e-01,7.912585984073550183e-01,9.532695175070778904e-01
8.218003875125268198e-01,4.958014017417462505e-01,3.620710372519987397e-01
7.630825861432345425e-01,4.033756552994727240e-01,2.891379085776446534e-01
7.084114782140704669e-01,2.508580437801968266e-01,7.758044617968903323e-01
7.428373439359022834e-01,8.407475292726022120e-01,1.764407616649603661e-01
9.973690738381076892e-01,4.418435971423571029e-01,1.350065480026965137e-01
3.919400148238120218e-01,2.778066935137524229e-02,1.123122639939424516e-01
3.243221614055167290e-01,5.051515715935401829e-01,4.899934543472694859e-01
2.618181796952309126e-01,5.365624653978782188e-01,7.806827827481217508e-01
7.941314526805236529e-01,5.285682090920572618e-01,4.930772756644472565e-01
3.214080114307319436e-01,9.130581184539288131e-01,7.524702952219711749e-01
4.986764184752398021e-01,6.564064848559928445e-01,8.775154346186940790e-01
1.970710425849153680e-02,2.779799463846437391e-01,5.125024831353677257e-01
2.975268440692608873e-01,3.068644623927542225e-01,3.683385611009567517e-01
2.484000775431385311e-01,5.615425001388767434e-01,3.400895655986428956e-01
4.532892520383835500e-01,1.643186176969370083e-01,2.170313105064519688e-01
2.961605928020388800e-01,1.282478234849060428e-03,3.334036312250461265e-01
3.699682215236765881e-02,3.379024995180734958e-01,6.295209877568883616e-01
9.874320047882797491e-01,8.321635256069898068e-01,1.164475947605632111e-01
5.708620752953678101e-01,2.272303327697633435e-01,9.963205829311992945e-01
3.275041187165383949e-02,5.339278637765038082e-01,5.857794611720149591e-01
2.396766926352862370e-01,4.450902350688107356e-01,4.860594418165826713e-01
1.668413495323768370e-01,1.914355779242131739e-01,9.728568263264364413e-01
3.454353728308134919e-01,5.414775860575719024e-01,3.219063712805890765e-01
7.688921121467704456e-01,4.812532933845976579e-01,4.689162942863065453e-01
8.355194557475863482e-01,8.236669502418392241e-02,5.256871772523398212e-01
7.960934852949929086e-01,8.763939427441655994e-01,1.189593417410265141e-01
1.220048288385283675e-01,6.621954978505151246e-03,7.890912350059130498e-01
2.610225355459427909e-01,5.165618653392973769e-01,6.748850950838325424e-03
3.856485766908213098e-02,2.642269941143898793e-01,8.424765034874667213e-01
4.338041964655020566e-01,2.779369611705747589e-01,6.120638059685735710e-01
6.482912281889102735e-01,6.586543177809959237e-01,7.868335243250017541e-01
7.081017550078463341e-01,2.660750286702138201e-01,8.832407940539473978e-01
3.298674368892732245e-01,6.128513003433030404e-01,4.814595511201114064e-02
6.188701641669940301e-01,8.422478797090018343e-01,5.544653314544542022e-01
2.363963585554729185e-02,4.389939927900774475e-01,7.700554557084127172e-01
8.707860016650746937e-01,6.046989500471141588e-01,5.411816578223276331e-01
2.618275511477315964e-01,5.793271649210774976e-01,6.454967153144794967e-01
3.933342454168952118e-01,8.413873256584252225e-01,2.577454216067470716e-01
7.595358212802340026e-01,1.567550885884637646e-01,8.522068467266871172e-01
8.005973808339361675e-01,4.335371613637992727e-01,2.732191304857312097e-01
1.026015798686088498e-01,9.420937255115470199e-01,1.619761797379598578e-01
4.440277321251607789e-01,1.299808078131630129e-01,3.232084956097680539e-01
3.995552858573683253e-01,7.491980832613525099e-01,1.048680024495475260e-01
2.655690237118202290e-02,9.348273081892038983e-01,3.275242437548371299e-01
3.921226351210030936e-01,9.254679275499977376e-02,5.675778065696066577e-01
5.614955437936930416e-01,2.203046169820025435e-01,3.136036362732534943e-01
6.832383581414461782e-01,8.774123983632864388e-02,6.199313104799533125e-01
5.122182237789844050e-01,9.619393035387039381e-01,3.003879032559829687e-01
6.590957196120539319e-02,1.529876138828019094e-01,5.646485957710745129e-01
8.509317457517939776e-02,6.847562506911054614e-01,5.058442480767921801e-01
2.811074961335527922e-01,8.582508339192359559e-01,2.657539079588059350e-01
8.566436210400153461e-01,8.760328674929560577e-01,6.126927678958499213e-01
9.511732870803424333e-01,4.868937017817618340e-01,8.286349635471911279e-01
2.509481095685149876e-01,6.807656087919972121e-01,5.313934805497225744e-01
6.211184188881805346e-01,3.405491648548960582e-01,5.551053107475752979e-01
9.761674138530151978e-01,9.372522319097253973e-01,2.952589012026758386e-01
4.813304136764421370e-01,9.886566376623906471e-02,7.336282481486462448e-01
9.513067136238857469e-01,8.921440503147151091e-01,5.457082382738464021e-01
7.154667102169738335e-01,4.405015771617125653e-01,4.776968310394386075e-01
2.190747221236122311e-01,8.282689255458275390e-02,1.930073942153280875e-01
6.024253645031204529e-01,1.871029740924131657e-01,1.975505826018695288e-01
1.914313657297102012e-01,5.077547072623782576e-01,3.434202941329909109e-01
6.728361009154166794e-01,7.292631864758429838e-01,8.850627975775204881e-01
2.177691224048894370e-01,8.286640537499824211e-01,4.414703382926603581e-01
7.199158358389731172e-01,3.652740639189372418e-01,4.030260956936060346e-02
7.588577031870183953e-01,1.192088838879762358e-01,5.825528323003182907e-01
4.501864589602198041e-01,6.538126463201033856e-01,6.661705949607524824e-01
5.457767775493634899e-01,6.841082451225732886e-02,9.410986570765936809e-01
9.249354241355128847e-01,1.502595828122391675e-01,3.523890647334086967e-01
4.929222507963293420e-01,9.458553963599282133e-01,8.510053873876789465e-01
8.046191874735197924e-02,4.038646846117207589e-01,1.807688372548136302e-01
9.879311363574114768e-01,8.243857697019235653e-01,4.125495631642798200e-01
9.580123687005481781e-02,1.635191008555578751e-01,3.932191626500501913e-01
3.713379757755220778e-01,5.319331107229268163e-01,1.197223654128883874e-01
7.606737058861925416e-01,5.171904018074309217e-01,1.902098190413693546e-01
3.326594244297914615e-01,2.022122409244431207e-02,2.140474938619495449e-01
5.933218338378776213e-02,7.403984464691413248e-01,3.313372124631978055e-01
5.966343140655009369e-01,1.896644439535197790e-01,3.924090709425520629e-02
8.388060435027645534e-01,2.964894449632163864e-01,3.032831844942299737e-01
1.653777635935849144e-01,5.460932745591451365e-02,2.457294143563848454e-01
7.145126741264627990e-01,3.964403777643332738e-02,4.621390034621946086e-01
1.487652802183297984e-01,8.414542710230941136e-01,9.875190183070614580e-01
1.368411204552542060e-01,8.763734449034955576e-01,2.336700482952777103e-01
8.491213158686466977e-01,7.910543813818152747e-01,6.526793593541657668e-01
6.222190230177598869e-01,3.154831879013287876e-01,8.635922443866567155e-01
5.070906032991756573e-01,5.277871529079478652e-01,9.482239986508266272e-01
4.722907538195761923e-01,4.908477334986627305e-02,1.340544481527058407e-01
2.923995659064311248e-01,9.704077469304682735e-01,3.842826233034452033e-01
2.435961623744110627e-01,6.025397630298582330e-01,6.666412210230227009e-01
9.651526626659225894e-01,3.593415578030711988e-02,9.454534410391890464e-01
9.611501973174038094e-01,1.793703654502332157e-01,6.155989017368490579e-02
5.573548224858190236e-01,7.720112438421348200e-01,7.161636752595232913e-01
5.746973868743243674e-02,1.267536055561372388e-01,8.158050654855316663e-01
