7.900735268501620778e-01,2.331798388910878428e-01,5.809327127312747807e-01
3.544882605499061201e-01,2.067336650533734277e-01,8.266974327384360999e-01
2.489279910800550333e-01,7.175643236295037308e-02,7.658647918876037020e-01
2.827579106164854750e-01,1.752547672915358845e-01,4.047349600443285178e-01
6.462363064481609909e-01,8.873947624412588109e-01,8.362683970077430251e-01
9.393758301538183142e-01,2.572424034432146955e-01,4.605552941369824849e-01
6.787336227920134357e-01,3.284626334395914782e-01,3.521264262611818463e-01
1.939170142081265702e-01,7.414908343962479664e-01,3.099282758711372487e-01
6.014673244264689966e-01,9.468139061811476909e-01,6.899897278399974576e-01
5.521104004308212687e-01,5.454832070073387662e-01,5.582967293366025707e-01
4.209871442916759410e-01,3.709047264640265018e-01,5.314306878545012047e-01
7.324614738077025455e-01,5.648489315397213772e-01,4.303140406437979681e-01
9.536642662487779809e-01,2.174294710644240070e-01,5.772226987242199403e-01
1.540341492758245945e-02,3.277241373021966275e-01,8.473434656497458306e-02
6.510216869280466279e-01,4.376833102123722785e-02,2.486918520463097249e-01
1.960469822118724448e-01,8.254315600228856464e-02,9.430907616852224340e-02
7.760649303560367418e-01,9.216641262710789650e-01,1.656089893696778281e-01
1.781355674675226819e-01,2.296695906131065446e-01,8.157721247630355110e-01
8.109295279836215009e-02,8.145671760968763442e-01,7.256603738042722851e-01
9.936615104637247509e-02,9.851704352029304612e-01,5.216056777377506837e-01
9.346397467144755833e-01,8.848810203744725822e-01,6.255290281351860715e-01
5.620217310872404060e-01,1.799124505906812832e-01,8.927309601462463107e-01
8.564327226302670404e-02,1.096868561297563716e-01,6.418834301116995711e-01
3.965328507939872571e-01,6.571349232564642762e-01,5.313139736990373230e-01
5.185659462061120717e-01,3.726294898624079588e-01,5.488696448185962362e-01
7.586765954552868729e-01,7.902681567204419277e-01,1.379307595108228979e-01
6.035999075622634491e-01,6.455990062012293418e-01,4.706433522072616116e-01
7.942551751513994285e-01,8.632819847503639954e-01,8.557378403924471577e-01
1.247139559127985464e-02,2.876736715786523124e-01,9.373184089925145068e-01
5.344206867633786162e-01,7.619667274933492607e-01,5.243247012163009257e-01
5.609338223888279407e-01,6.706326178910965163e-01,1.247461274334820125e-01
8.442692816808727851e-01,8.841730407496969368e-01,9.879743565953142959e-01
3.372423985465424767e-01,5.679865174900222691e-02,8.104687216477004519e-01
2.318353636457783917e-01,6.927680137748051248e-01,5.850489007596813007e-01
1.113634131920437920e-02,6.261702923422090006e-01,8.196630862126127459e-01
7.121220280620829124e-01,3.502786397261798967e-01,7.968677676366942020e-01
3.833270781593686172e-01,8.006855250793221135e-01,6.568247471191390741e-02
7.836509422621553700e-01,8.108955819440943902e-01,6.520640050935824217e-01
1.183680573255442292e-01,2.251907902599367128e-01,5.095617918598509544e-01
8.165223751826812260e-01,8.701405586325657859e-01,7.449343245817562353e-01
8.735987829581021158e-01,5.244957149369000593e-02,9.996364206940197006e-01
9.048383695002641947e-01,2.341795863407153400e-01,7.800511493448715195e-01
6.815047718592943671e-01,5.652713253476387978e-01,3.766617270738630285e-01
3.596398544270065223e-01,2.496131531234662138e-01,6.219199834758062373e-01
9.510285586287334780e-01,2.922765208527101644e-01,6.223851161781824848e-01
9.770369263513045688e-01,7.389078115983551687e-01,1.660478539217901117e-01
7.663246070010361066e-01,8.966715935701666806e-01,9.379359961068151064e-01
3.380590838249556418e-01,1.719815423377762942e-01,9.000814970343227195e-01
7.086585658000876808e-02,2.373242874598102681e-01,8.857096685495491339e-02
5.356304364493642556e-01,4.211957267531935001e-01,8.243128932800248831e-01
4.752392989187198546e-01,9.702603937720823968e-01,3.514247708111336577e-01
8.603321519223222635e-01,2.177018457888976188e-01,5.875892437743203134e-01
8.843414599917022167e-01,4.599470499482948282e-01,2.671918350933135677e-01
3.966658658372722579e-01,9.411263288560767215e-01,5.623006246140680453e-01
6.938979364638071523e-01,1.841729954990647400e-01,8.383269433315684305e-01
4.068684024528869125e-01,5.717885797021097227e-01,6.407392782715046753e-01
1.248458159224248298e-01,9.914007077996970230e-01,2.439123511089680285e-01
1.892928752080854649e-01,6.168687069037249726e-01,1.718935822996545681e-01
7.495594239216369914e-01,3.407615615249851571e-01,9.279424853922835226e-02
1.920706989074316695e-01,2.145777745634581679e-01,7.363442506893256301e-01
3.182112494428442906e-01,9.778524964931520902e-01,8.086781969814771376e-02
9.947239161166910870e-01,8.953110313519457852e-01,9.770044197879870218e-01
1.017469894462502689e-01,6.631861309199345023e-01,5.196488011302389243e-01
8.775014564053217336e-01,4.093112779033012405e-01,3.492169510416649469e-01
4.022608334610255909e-02,6.243235185911206742e-01,7.062830332879117545e-01
6.198159002988984367e-01,6.490124736600989541e-01,7.312536272124831038e-01
6.070158752838099581e-01,5.053280124753573022e-01,2.942420314885663135e-02
5.710245909807237785e-01,2.116593270475084498e-01,4.017508943062431115e-02
3.770840500736921674e-01,5.639974578461330879e-01,6.188755426449583652e-01
8.245979089873564094e-01,8.211574257585564363e-01,7.024731533780694814e-01
8.753400943165086101e-01,9.977958606036573252e-01,3.842967887440452701e-01
9.399612139867287164e-01,6.842168119123875902e-01,7.189536831235574521e-01
7.950909468715375850e-01,4.052971443330410928e-02,1.041053032874557083e-01
8.137987461989431015e-01,4.586833726688952506e-01,9.395370570672451072e-01
1.701359019608036371e-01,2.320112428342642197e-01,5.925003307455145585e-02
2.784575944906325651e-01,8.589501544559358104e-01,5.482991436493775961e-01
2.655366967332858374e-01,7.488941590758861899e-01,5.130878024489959888e-01
2.255264559528094015e-01,7.342434137096194302e-01,2.915514092726234630e-01
4.696037501436953754e-01,8.275875063796077624e-01,1.317826551844466509e-01
5.041162007025296043e-01,3.435850038428247544e-01,6.037834407073684462e-01
7.566367597169831871e-01,4.477793737641608818e-01,6.649285925981143208e-01
3.358716153344420974e-01,4.950679966947514332e-01,7.617022573871874425e-01
7.533444543904515012e-01,8.889266250923152368e-01,4.798274871002510267e-01
3.641378863641931973e-01,1.998732332886735685e-01,1.214361310824455531e-01
1.532724912036493858e-01,8.926938428094433053e-01,5.471736148283912193e-01
9.942905795779942713e-01,3.279442570427577586e-01,4.206206804883982908e-02
2.858669397141211377e-02,1.447977880380864057e-01,5.412714375064233696e-01
5.605667296860283866e-01,9.072264431251666483e-01,3.892579055790553744e-01
2.542222214866785013e-02,5.298628509983660528e-02,6.842263036117282038e-01
3.790198218949365483e-01,1.694704580317876186e-01,5.542089815650279583e-01
3.516692373412318995e-01,2.198245577044476429e-01,6.202374108051207369e-01
5.226323540566191195e-02,1.900707120310846099e-01,5.028826578317641127e-01
6.142014150662322702e-01,2.964506810501357226e-01,4.923922469943619040e-01
6.759165060512046797e-01,6.262864196892884427e-01,3.259789344332538752e-01
9.398046895684212254e-01,6.643412621320510247e-01,2.654324813421321538e-01
7.884527157065510661e-01,7.100408548383221330e-01,1.693902921922552096e-01
3.070040385680370409e-01,8.945231406029745536e-01,7.582202328426691507e-01
4.143338928845411440e-01,9.032214052992154629e-01,4.301115973947081672e-01
1.585233702920105792e-01,5.207741711278184304e-01,3.642929561534756777e-01
3.169758335556382978e-02,1.291399996633684211e-01,1.553249700872227912e-02
2.741657540315383113e-01,3.902326065651228193e-01,6.865808671814987996e-02
1.457060863019858932e-01,5.476391359320764707e-01,5.292179224444437668e-01
4.097569490898190780e-01,9.470960177169309713e-01,9.513695075460933959e-01
7.380215305930091230e-01,1.356847166410530825e-01,3.421258561179034707e-01
2.756178555907611294e-01,4.228010575372226354e-01,2.377567022820622489e-01
7.687371119266785957e-01,2.711386083591666996e-01,8.245512869972444481e-01
3.479150704247170323e-01,4.495117252741206437e-01,7.592574275891555979e-01
4.947436809339719188e-01,3.864079337185841734e-01,8.605905153048168943e-01
4.422256051809521082e-01,3.105754942114679062e-01,7.823258682610284565e-01
9.400761496641449888e-01,4.459830125250381361e-01,5.198840324018022541e-01
9.812763381056172074e-01,6.224102833268219115e-01,3.351102189493757599e-01
7.023248565303321644e-01,7.457531975782130118e-01,8.674238249972812120e-01
5.113239233733722910e-01,2.601773142038474873e-01,3.166959520575033382e-01
6.720875012197266019e-01,4.151023513197057424e-01,9.682543229652261774e-01
5.754278275171604839e-01,6.305897027756615092e-01,1.998290177797945599e-01
6.542870287643941518e-01,4.233775602769516144e-01,8.420529856785214928e-01
6.816609051859012780e-01,6.780834196227358834e-01,4.830565649104444637e-01
5.954148018032325851e-01,9.335107898740057086e-01,4.816069272523340050e-01
2.156712552210108269e-01,5.949470977249645687e-01,9.539772831104387230e-01
6.990081346250053285e-01,4.840958624676006128e-01,5.998441152193394466e-01
4.007443871815952186e-02,3.235560005889698276e-01,5.572624417699864052e-01
5.175101955466104853e-01,8.940535472016231111e-04,7.587944089917122437e-01
7.012959361895181321e-01,2.393985186461022874e-02,3.004362882127957768e-01
1.504540511227991928e-01,3.118494512377015804e-01,4.133959205070986132e-01
5.820117353448162056e-01,9.097179839533131585e-01,9.696369867670123766e-01
6.405223326717253141e-01,6.226324677059202894e-02,7.790052429528826483e-01
6.487861238001499942e-01,5.723830440669889219e-01,8.299445818629491711e-01
7.041161323016975615e-02,9.941880478222253625e-02,2.104166936153583078e-01
9.348837688207820573e-01,3.198489280858877182e-01,4.749966850722401324e-01
5.214813847426680304e-02,3.258676286998751781e-01,8.071386140942982124e-01
8.611369521686474959e-01,7.702594011774382965e-01,7.038304537073158951e-02
4.796448695563202413e-01,1.956263262638233691e-01,8.956465614754710591e-01
6.080224797602462594e-01,1.090607272047576792e-01,1.150393684511893388e-01
1.454833885930943982e-01,8.929068298472723209e-01,5.723649500162810710e-01
7.382246095069139313e-01,5.345068003803785661e-01,3.811056145447316856e-01
6.089336270718891386e-01,7.408907008608716094e-01,3.357895969025561644e-01
2.881065744993216438e-02,1.018519651587747044e-01,5.777840252127299792e-01
1.413774065750902365e-01,4.359947580181960936e-01,7.434703200607963858e-01
2.951765015866424369e-01,4.792416663941796440e-01,3.349963967610658511e-01
4.490642085018171636e-01,2.595808638928785994e-01,5.945222310982253289e-01
3.305407099143901073e-01,3.637702759982798240e-01,7.131049718849490349e-01
4.985807941917766994e-01,2.910778431785262521e-01,7.119749881119222801e-01
5.555682622442088547e-01,8.900896364776615943e-01,9.734808195632861372e-01
3.075119277350217839e-01,3.439000022623013297e-01,8.605171639926407767e-01
9.380699499029947486e-01,9.370302535126329158e-02,7.687004467192557478e-01
7.336058984900220015e-01,6.221731735456017542e-01,1.871508410365110286e-01
4.579852794091050505e-01,7.266904661085591410e-01,8.754867808751534142e-01
2.778662033100298689e-02,5.266378778269263927e-01,5.634375146349546171e-02
4.947149530677216189e-01,2.673912960691855467e-01,3.230566184681366027e-01
4.600326159220231581e-01,8.378931007044142509e-01,4.989998169356631985e-01
3.276751346876521920e-01,8.791076408528528674e-01,9.800800626168022500e-01
4.025019736648403068e-01,1.616501354676098678e-01,8.019943692937202551e-01
9.130309374998710759e-01,8.610031850758912420e-01,4.926015111750570163e-02
3.693132622878025906e-01,8.037475368734644521e-01,2.519151475219160163e-01
6.507376109221223448e-01,6.711323411848618692e-01,5.049867135459306100e-01
5.160356199031219671e-01,2.529586694793911628e-01,1.070913134768401997e-01
8.361501576227925447e-01,1.459548496540756801e-01,8.562393771266272324e-01
2.857384562503939573e-02,4.219732992611517908e-01,5.659575458897185829e-01
4.772415108300720465e-02,8.171715316045445876e-01,4.389128028300873785e-01
3.437226779622150064e-01,7.723611739080643579e-01,4.911926393970384996e-01
4.236297170077396590e-02,5.824832714396829259e-01,9.374712026471071491e-01
4.181710220004943857e-01,5.753820265928216715e-01,5.765597582920454212e-01
8.993301933048236663e-02,3.565203988598125706e-01,2.974530870196823162e-02
6.005892159701257116e-01,2.826280751264643731e-01,4.352797577335142387e-01
1.874020624184247197e-01,4.069906785357138013e-01,9.546371355375937728e-01
6.435805698000039987e-01,8.599372913424108145e-02,6.269539897760932901e-01
4.856989238630624595e-01,8.457985030963781625e-01,9.821964407597022495e-01
7.486405668781762612e-01,3.704776993561536003e-01,1.789761671351285388e-01
4.465799104770178385e-01,1.566917732295436405e-01,8.884407077387986851e-01
1.745367892737903492e-02,8.109065216412475463e-01,1.936491914006062132e-01
8.815046167086975082e-01,7.350953889132788577e-01,6.478798490157886558e-01
3.442581845954140185e-01,5.054462668469990039e-01,6.624334297423221107e-01
5.863837939322044113e-01,2.752823149960319515e-01,5.756685013220891323e-01
9.938263192220979647e-01,4.034641393097124773e-01,2.967177226263876255e-01
5.054699729104517036e-01,7.013730355357409296e-01,6.394737600625265417e-01
8.769033348519205129e-01,5.884663899869322368e-01,5.866210249323812187e-01
1.373562715894204311e-01,7.374154765737540584e-01,7.840386754501398325e-01
8.672008482847851640e-01,6.828882178379805934e-01,3.770130944987666322e-01
6.766882102342000049e-01,4.155326365830791513e-01,6.147427405693690616e-01
4.571441943503552485e-01,8.369822149956742674e-01,3.308090901442346521e-01
2.694716756840072058e-01,2.215078896835905864e-01,4.823269127701863557e-01
9.787988973534123005e-02,1.024567332497552385e-01,5.659026700874218996e-01
2.364187781082727202e-02,3.056590102177134671e-01,1.175140821051989803e-01
5.449398258129938277e-01,2.039442649097044091e-01,1.356123352120256476e-01
1.968149185802052781e-01,6.670917874338889719e-01,8.676265071306571430e-01
9.020651519876340396e-01,4.675026932238393051e-01,4.925528103973205729e-01
4.699083292144771162e-01,7.413105229233836191e-01,7.695031687542794874e-01
9.621312076730665908e-01,8.761831701284442664e-01,2.710225462362884086e-01
6.364136045360653249e-01,4.030651697732535732e-01,3.181168272901382377e-01
9.827264058920507361e-01,2.827631478208840754e-01,2.459313145548336355e-02
1.204285546855131672e-01,7.700212448812938648e-01,2.044839385396333142e-01
7.325038840646057592e-01,5.103389077378415184e-01,4.007050327339622964e-01
3.624433684718296744e-01,3.392808218040803681e-01,7.712448886773931589e-01
7.885513235688592637e-01,4.609168015028849430e-01,6.498269785916692687e-01
9.987408317744795871e-01,1.237655637230827832e-02,3.748519181033548309e-01
5.129099078337636675e-01,8.633994611557860299e-02,5.585487748179018830e-01
1.160129042544422173e-01,6.395682393610945260e-01,8.603389034552187953e-01
2.720215510847153739e-01,4.539952661621360352e-02,7.438336713268001166e-02
7.699919578176694923e-01,8.229442322306824709e-01,4.539179535862583048e-01
3.245998894743509222e-01,1.166851740688992223e-01,8.555686681754609557e-01
6.179531684692477489e-01,2.904116762416487640e-01,5.056401227591719172e-01
9.905853745291298695e-01,2.579609032472481855e-01,6.909375286718122400e-02
3.716690008218856978e-01,8.623004871977723029e-01,1.918949572156551930e-01
6.169768546285840927e-01,1.174953054430553090e-01,2.532953462162269576e-01
8.419531324003382000e-02,1.969631247556280496e-02,6.361580248974268992e-01
4.423079002893882672e-01,7.001936293499855246e-02,3.791697893745086256e-01
4.528444760070806652e-01,9.924361577814888591e-02,1.461288190332822312e-01
6.052884014506035859e-01,6.259641892187399748e-01,9.063915841602045997e-01
7.666474165742309665e-02,9.886340553827688282e-01,2.434656545745494949e-02
6.177718313017199758e-02,6.902679716832060830e-02,7.689204785530454611e-01
9.202210550809105660e-01,7.566743310240084952e-01,9.621852813468723120e-03
5.525446687588588812e-01,4.148285142618907129e-01,7.768087254233544403e-01
1.772804059618560135e-01,8.113227104234891351e-01,1.589500918031661048e-01
2.551038511517230711e-01,2.807244669547822591e-01,3.716683662982921410e-01
5.809131824479067951e-01,2.055991411117908951e-01,6.391988175344786027e-01
7.691319632925246452e-01,5.167049352615091795e-01,8.690145499885526537e-02
4.566008791882886220e-01,1.246989274495380329e-02,5.523568096676175765e-01
4.893860103893419300e-01,6.635677233770302941e-01,6.665367919269948871e-02
9.441620773931282962e-01,3.952450699758675023e-01,9.481556460294363609e-01
6.956116584445672935e-01,4.058638587650629237e-01,9.229243697156233051e-01
4.013701274277424735e-01,7.234186899878058963e-01,7.600222485306495912e-02
1.499086754650480469e-02,4.667405171589646962e-01,2.324160168460962517e-01
6.316405877666814161e-01,5.547078887619816268e-02,7.724553011909029987e-02
7.359866642205258325e-01,3.718258057128321914e-01,6.684965201096385590e-01
8.234208433956280437e-01,2.322510730647125987e-01,7.048841994059528160e-01
7.393128232833273694e-01,1.411165673656373798e-01,2.987889513267097952e-01
5.418841861957583994e-01,2.904021793413015251e-01,7.274118394270191468e-01
5.816735597141282632e-01,7.161100258998261969e-01,8.963244014412671268e-01
9.527018044397010943e-01,9.108168252818533706e-01,6.842857210558193071e-01
9.340453264092812846e-01,3.666011161085522829e-01,2.194653282489363866e-01
1.235794130115421829e-01,5.033736049483856778e-01,4.071696300990899076e-01
5.596951430733579924e-01,4.747848657479158963e-02,8.991183858436556653e-01
1.560513790511763865e-02,4.978576454543033325e-01,7.394685461102330493e-01
2.383231113106090149e-01,7.600106969188067385e-01,9.858359620103475107e-01
6.776289724027454442e-01,9.376896547775889212e-01,3.115799609963163519e-01
3.643766425745551540e-01,3.515316140849948923e-01,7.904126718609998381e-01
4.647946311370695360e-01,4.878575911437628143e-01,8.051989583926096872e-01
7.987926910895379873e-01,6.296561042261318297e-01,7.603175147063391259e-01
4.043621231958336448e-01,3.230950666736387422e-02,5.643112858801567766e-01
7.655106919437459911e-02,4.725082776916162963e-01,6.560752049724050128e-02
1.581498508961756144e-01,4.522872056408387964e-01,7.551732778005665336e-01
5.967836695905509581e-01,3.743570244434224481e-01,9.257526015415890042e-01
1.761947128809221441e-01,7.799636461737686766e-01,2.235129678230853845e-01
8.665921588168623568e-02,3.075234136228700565e-01,1.102018807091572627e-01
6.456477331134143904e-01,8.830673100173856982e-01,9.162433225240669277e-01
3.985749346094626944e-01,4.984781575222765326e-01,9.098395551747961996e-02
1.886065168795927338e-01,7.990126626839635371e-01,5.290813194729466762e-01
6.338622120950263561e-01,8.234938285461569363e-01,6.100612379915487660e-01
4.815049434324738531e-01,4.517203324781409179e-01,8.030626941201490787e-03
2.611494327052990005e-01,7.346283997571877444e-01,9.387275350934052298e-01
7.515087111888492100e-01,5.919647025798220330e-01,4.726720972082091299e-01
3.290592595646711915e-01,8.020068039573874374e-01,4.186964475032223243e-01
3.421565130306192248e-02,4.369510923651711565e-01,6.590007367938370830e-01
1.740103034205824351e-01,6.269502585616687496e-01,4.281650391835215563e-01
3.475192681951612128e-01,9.924234644341812794e-01,1.634319950411491362e-01
8.912539573396571768e-02,9.578813938688202079e-01,6.685980041486431213e-01
5.862658605730235450e-01,2.594742168535102422e-02,6.420522384850499975e-01
9.151573081270290011e-01,4.898682704423522605e-01,5.514798413351611472e-01
5.289945897452363877e-02,5.727981997016451388e-01,8.758622339937791601e-01
4.958749570207084956e-01,7.039456416504936698e-01,3.477046140640549510e-02
3.684682700366540553e-01,9.194717887863490535e-02,7.202431979439731791e-01
8.742454904986437514e-01,6.072652117731625054e-01,1.509772963900279930e-01
8.675366252104266263e-01,9.443223273285844543e-01,1.632757951489960391e-01
6.382323557596566443e-01,7.158030184465117296e-01,2.794853285453051672e-01
7.698064921738267952e-02,7.004383705818569839e-01,9.667610217412939688e-01
3.682667699166322084e-01,3.754034780851790432e-01,4.305535290819761940e-02
5.806737886945817495e-01,2.453354515486106946e-01,9.965657025502685507e-01
8.438905472922526574e-01,6.186467415716793150e-01,5.553959198577728129e-01
2.860793461163365636e-01,3.566033133707640079e-01,3.726082301802140506e-01
7.026386229542039841e-01,7.788161715086843184e-01,4.824453994228655729e-01
1.730839867130194998e-01,3.779476040482639965e-01,6.947616152104370002e-01
8.835266850700819186e-01,5.433438472320041290e-01,5.994297165240106695e-01
6.419568431318279922e-01,3.604125427547690830e-01,6.499432020776962915e-03
6.930377558783618053e-02,9.097513447741347736e-01,2.590691318753565175e-01
9.120363930171530020e-01,9.061899970361773082e-01,3.992241773233100588e-01
7.030621522056810235e-01,1.767927876288208910e-01,1.911684138642577580e-01
2.129505521249300815e-01,3.328549826123924360e-01,8.445761574254140314e-01
8.981829331087263224e-01,2.154947769058769280e-01,6.359219236459703328e-01
7.099586961638305604e-01,4.529922964875271463e-01,8.348220711611376021e-02
7.797034583825246390e-02,2.714994178970235872e-01,9.639683156614662352e-01
8.568033865142641314e-01,2.791575619591566415e-01,7.573368691610182779e-03
3.116549813074811492e-01,2.391875103289518023e-01,7.798064854707109639e-02
1.073280434250571957e-01,7.855076227753005069e-01,6.087768881382156216e-01
1.125114321364967251e-01,3.672938845926843054e-01,6.388471141782249285e-01
1.165052370435670781e-02,3.988032842387655430e-01,7.823311904350872537e-01
7.181746932893643409e-01,4.873847961570303422e-01,8.721072800356945987e-01
9.258429634908346140e-01,4.246779755978837834e-01,8.903502786601540375e-01
3.819946168329346747e-01,1.288782319308312552e-01,7.276444991409940499e-01
5.557885139401240737e-01,1.817056623645523228e-01,9.039607772559686838e-01
7.927362254644723105e-01,1.169327541721221220e-01,3.410694800809459526e-01
6.277498610061240658e-01,1.645780178773849078e-01,9.406602263617436233e-02
4.072305191598191154e-02,2.964248078906221995e-01,9.299089883072421125e-01
1.219341901297648079e-01,7.099109816778915727e-01,7.366825194216615191e-01
8.213807942170274767e-01,9.368248241086463146e-02,7.832620844707495200e-01
3.639770609959113168e-01,9.868732995136013653e-01,3.197031987231679917e-02
1.579287563708969833e-01,4.479487189521358381e-02,9.309400117074519976e-01
5.898983335514125237e-01,2.248240349901464707e-02,3.150167572276596495e-01
8.671110266884444195e-01,2.633960265617343310e-01,2.358928669444617654e-01
9.064663420764019763e-01,1.896498512012660953e-01,1.430536105710475958e-01
5.502108897997783910e-01,7.558045081009107102e-01,1.086596030558305559e-01
5.473166438935593847e-01,8.447661316279719834e-03,5.083876543347963795e-01
2.924912110463614434e-01,6.780216359877182519e-01,5.043788940746500860e-01
6.100720556640394365e-01,6.132810434117312859e-01,8.911569750199451745e-01
7.274129232881989537e-01,3.337308132785223869e-01,7.060650723047019461e-01
9.915210431745495878e-01,6.967078831641650982e-01,4.929019500042112201e-01
2.578608590921360744e-02,7.588804318835103979e-01,2.700806386982906870e-01
3.361885837442306624e-01,5.176110206422355198e-01,2.538227422159989866e-01
6.353552494204883772e-01,3.698859867999373385e-01,1.444552318080928321e-01
6.458119567103671743e-01,3.658794866693638737e-01,1.548587248295243413e-01
4.838792562765703575e-02,5.575526458772844807e-01,9.467377766147559992e-01
4.801121391729228360e-01,9.750709197282907414e-01,2.740194661935246856e-01
5.736368302502864447e-01,9.424985312826560380e-01,8.672644648809159085e-01
4.630166339107338880e-01,9.755435204864838505e-01,3.026412375185496551e-01
4.972160828082436979e-01,1.132680332159613501e-01,8.608021175467019948e-01
1.934964878751433970e-01,4.418484710541996652e-01,8.658144442976301036e-02
6.840987963848714770e-01,6.131198869075425995e-01,8.096876720149470685e-03
2.735235765482509906e-01,1.906975607894674241e-01,2.855265196721045173e-01
8.044256965888696431e-02,4.778670044536281747e-02,3.668279781666174966e-01
2.051026211326880677e-01,4.847948166866606901e-01,3.473164226706282331e-01
4.076983894567176581e-02,2.460427633220999555e-01,3.247147389675064666e-02
4.362714618095490104e-01,5.382811128974329673e-02,8.861293747783184349e-01
2.787523193491457940e-01,1.231385825748406715e-01,5.090009188004100960e-01
6.643172793832363698e-02,7.691495680841332616e-01,7.917024181832401641e-01
7.244490860720076419e-01,4.948614168589344775e-01,8.646166820119418617e-01
3.227658126523458293e-02,3.068302512970364493e-01,5.003256207134247902e-01
5.813823777110252999e-01,6.664638358644485727e-01,4.001498800683410684e-01
9.802498677347597500e-01,8.164451314899250356e-01,1.806561688636236784e-01
2.880514281220825090e-03,4.055966176523566613e-01,8.882958541797336682e-02
5.835738936687577816e-01,9.003134370520871066e-02,5.292573606445206691e-01
6.831800438991475488e-02,6.072546785227036503e-01,2.412646496940882290e-01
2.137526032170500301e-01,2.569602487316895445e-01,5.718020575004375550e-01
6.133749642895593990e-01,8.460142616567507545e-01,6.074860993760422545e-01
5.602425835465895121e-01,9.683731371415665867e-01,7.018149295299052071e-01
5.012646662473575487e-01,9.074705444620473349e-01,2.195046427127087529e-01
2.643230470813848765e-01,6.607416099242089391e-01,5.217099039428737539e-01
6.408870927312285692e-01,5.177224978965391244e-01,1.674821735291112113e-01
5.970772892004519994e-01,5.482183310071085947e-01,5.043854974861049500e-01
2.170080109769815246e-01,6.029390280211026631e-01,6.936085622048060451e-03
6.017827825292989541e-01,5.891680061712165628e-01,4.408318380838520678e-01
4.565954216203649274e-02,2.288515337603647115e-02,5.922272098439571586e-01
1.708226121285637555e-01,2.065061208510939883e-01,9.827426180570134617e-01
2.191736960864981709e-01,8.652685479154610393e-01,7.817858379589845974e-01
4.703486154410894127e-01,5.227775140557163747e-01,2.649095207301388477e-01
1.981448632415105937e-02,7.236661679014084747e-01,1.844692851314243542e-01
8.452574718430312384e-01,5.426606263095276050e-01,7.581028531575444429e-01
7.866574796101575284e-01,8.500387613699122991e-01,8.235816900630785753e-01
6.236712417694204591e-01,9.975992081636301245e-01,6.564167409184368251e-01
5.919515203062953868e-01,1.911338602119427854e-01,8.540590255321555135e-01
4.996252115906708591e-01,5.174309837601276385e-01,9.585787275512389627e-01
2.496528787601488553e-01,5.841684107771636381e-01,8.234034836357054798e-01
7.234980783953908201e-01,7.583953939666538968e-01,8.318666605519459134e-01
9.693656741013347844e-01,9.423283616395307094e-01,5.553262097640584427e-01
1.064539531707032749e-01,9.950345409203669167e-01,9.849345996721773355e-01
7.002432012177610687e-01,1.981268735692368610e-01,3.222825701130386244e-01
7.770331286647175206e-01,8.360869718231537240e-01,5.240018184464068085e-02
5.964374944923883648e-01,1.174420570322917134e-01,1.478141501130544322e-01
1.216537356437089601e-01,4.224267981874219036e-01,1.500773173832781193e-01
5.103264964273985793e-01,3.738952144579026360e-01,3.499675397946933053e-01
6.371356663093321604e-01,7.112259687467541447e-01,5.503979184648299938e-02
3.470537208677102470e-01,8.370063332402122303e-02,3.926890342667200828e-01
3.663071466826335332e-01,6.774873210580444338e-01,7.209628979432169960e-02
5.996699595181157472e-01,1.100727498899471968e-01,9.532607029205910631e-01
7.112419689106286302e-02,8.070953132288035681e-01,3.233809987343081449e-01
6.395284454688455744e-01,3.871973625667810559e-01,8.081972296032228220e-01
9.049900509963046957e-01,2.740325887216431555e-01,8.130169707174785820e-01
2.749063552927615284e-01,3.889725542227109312e-01,7.628803665217565033e-03
7.712631377110956699e-02,9.660977554754009988e-01,2.718739940955730017e-01
9.688913346652117120e-01,6.625810917404658662e-01,7.599250580360427110e-01
8.284546377489883096e-01,6.613496097435498378e-01,2.256611045061693854e-01
6.297214490939424536e-01,5.637257942937584643e-01,6.728641807787533180e-01
7.217446313455575524e-01,7.019769318777719924e-01,2.748796301227626193e-01
7.821900305567980327e-01,7.814044706401854778e-01,2.757888878212041428e-01
3.532536793533459507e-01,9.804844077073131547e-01,7.136772519071911125e-01
6.437136567258746611e-01,3.393958908860523760e-01,2.510177243355331544e-01
6.771631783861357112e-01,2.318721424431876565e-01,6.774960472124669231e-03
3.968182604101000432e-01,4.747129609928795180e-01,6.845931246951246774e-01
2.828626566207503856e-02,4.412830149580714290e-01,9.967609858896827602e-01
1.489842260803664331e-01,6.699037347758303174e-01,8.976549099719534075e-01
1.138429532599769534e-01,5.301252850274820183e-01,5.679381801991824075e-01
7.651707863487118289e-01,2.504057616228562155e-01,3.931793634900451195e-01
9.078385093819972829e-01,3.116036636602947940e-01,7.701505326612119173e-01
6.187509178378090002e-01,6.057745848098797792e-01,9.108277969584800404e-01
4.707771195489631744e-01,1.624486105250045886e-01,3.427647627108683093e-01
7.318476512652752897e-01,6.699838795788111145e-01,5.477837247933401432e-01
3.233432605898580725e-01,5.071896413515608604e-02,4.593858400993293678e-01
8.620527372656674459e-01,7.070475918179603969e-01,3.606672802673125400e-01
5.827785358474891764e-01,1.761640010614236029e-01,7.888770519217471744e-01
9.936382381820412224e-01,3.880401015556061983e-01,3.926128619808272324e-01
7.871399690503395608e-01,6.612155088273767856e-01,1.769935334450893905e-01
2.023582545240001362e-01,8.642576996415695101e-01,6.093254751117168633e-01
6.522973001361609402e-01,1.166900968471829003e-03,9.986917415353696592e-01
7.291226500878132954e-01,4.954212250169888199e-01,9.578414474039637083e-01
5.623255016588474264e-01,8.691149847031831577e-01,7.319143267280593390e-01
1.435161234979466238e-01,9.809330683376241700e-01,3.152992476949492140e-01
5.948642667139161233e-01,4.156028844775753184e-01,7.090955040255908504e-02
3.920636081441238874e-01,2.834842552378095126e-01,8.563081262877083599e-01
8.440183883868261905e-01,9.389625671754420200e-01,6.383174201706806050e-01
1.246505262624243437e-01,7.632678507337751217e-01,3.360165366763451233e-01
1.619923532190040705e-01,9.469033723148005954e-01,5.503902697918086062e-01
8.836857434924028087e-02,9.482187117224871731e-01,1.748383665299824141e-02
1.031410875186816734e-01,4.408527881070835042e-01,9.991935768878212887e-01
1.263132274758926865e-01,3.554526526627656002e-01,6.245977439036689560e-01
1.379312897647078096e-02,6.101426241993325172e-01,3.697286816757761052e-01
2.306247866474480102e-01,8.885421644258683083e-01,2.184203944603809733e-01
8.093155373439789857e-01,3.982672745932107627e-01,8.977164352945807835e-01
7.288410335457107259e-01,1.555745811206834528e-01,9.782234398830772504e-01
4.691311481854588683e-01,5.882018852316461821e-02,7.180684421487011360e-01
7.070715007002946750e-01,8.339587058977632195e-01,5.553100782148017167e-01
2.866006481495489977e-01,2.894775991823422823e-01,7.948098708545551228e-01
2.602335091684370161e-01,1.144669889039906518e-02,9.629667891229656274e-01
6.109249304824793114e-02,1.405558931469401696e-01,9.418280187466017139e-01
3.498584830947312208e-01,2.634377500825763052e-01,5.475765246395480901e-03
4.901862607750009371e-01,3.242688164067158985e-01,4.707988142580455948e-01
5.783511881384381104e-01,1.661042942665851285e-01,2.574453042192207386e-01
2.281245914419560705e-02,9.870770674890091412e-01,9.999389543110377421e-01
1.664940776750812867e-01,2.211497658564826052e-01,8.593054506930711822e-01
4.123661087979748618e-01,9.047774991522661292e-02,2.397302007375168298e-01
6.779112181667940051e-01,4.204463748091568087e-01,6.534087962754304701e-01
8.352189791461667179e-01,5.711075645440976123e-01,9.056600002108912140e-01
3.054551736674734341e-01,3.064004363007797327e-01,7.081166178394682209e-02
2.409523118118490626e-01,3.161206865889479856e-01,1.641625297163408215e-01
5.453159790705602861e-01,5.367831682829056206e-01,9.151842671355897574e-01
6.116475442619532243e-01,6.249751313416135323e-01,2.099822458580206108e-01
9.028381457767246099e-01,6.178484962980888007e-01,9.841986308968564412e-02
6.686709439811658884e-01,8.204380955818143528e-01,8.274927087415773208e-02
5.183853841115488859e-01,2.004862583720501412e-02,3.475531875138981874e-02
3.491663009993591915e-01,4.960764120769678431e-02,8.794539887189002370e-01
1.181556711143029181e-01,2.307894572298312408e-01,7.630938865226521983e-02
2.533455556673852582e-01,5.493433679002193148e-01,5.636246715280958108e-01
7.401027425012398631e-01,3.205981604788110673e-01,3.053754267573275394e-01
6.250007896455989087e-01,4.452634959998164055e-01,3.286080950731007366e-01
6.166789741344537168e-01,1.476955185699236894e-01,2.323316154533738853e-03
6.518212996172245699e-02,4.539790679376177751e-01,9.107241231268304871e-01
1.577434416729998068e-01,8.603267625069348501e-01,1.879813290686737082e-01
1.725370881470932316e-01,3.987949326021843488e-01,6.570481698846097895e-01
1.754350717078237976e-01,8.236544426344307723e-01,6.974790892358939676e-01
2.719787196910905536e-01,4.601613554750275670e-01,7.677821732050182924e-02
6.695477632159797521e-01,2.088430970053289926e-02,2.733058710446069073e-01
4.512387113490310409e-01,2.590986695525706596e-01,4.600315019586542764e-02
3.234702032624015011e-02,2.042519927215731279e-01,8.017398342069756989e-01
7.965529526505071845e-01,8.112644140611555699e-01,6.588334122507610857e-01
8.383935971953448973e-02,8.490254027492212252e-01,7.314216584763048035e-01
5.321838489737131805e-01,1.332913301178558774e-01,8.726995825176545596e-01
6.965232895095538890e-01,8.006962720801297229e-01,7.764198522817381543e-01
7.550778723961704131e-03,6.704939955492056347e-01,8.953705786314644088e-01
2.275274266334780249e-01,4.363930895507917018e-02,9.983188489593344261e-01
9.937990840440551477e-01,8.900771673360170499e-01,6.219708132283859880e-01
7.356847800246516522e-01,5.429779268713841311e-02,4.410577227215656260e-01
9.494402712443252845e-01,9.920762773143743107e-02,7.191179414915775947e-01
3.562439895281643842e-01,6.236091280529307834e-01,7.766396719055840281e-01
2.516566706082007387e-01,4.902046893467665312e-01,6.513414145384139875e-01
2.620426801497416358e-01,2.123725963614233603e-01,7.735779413215191358e-01
5.965876634033002723e-01,6.959697035931553533e-01,5.032757091570666530e-01
3.648020952575147247e-01,6.837316041562668811e-02,5.909044068372194536e-01
7.952479859795136274e-02,6.415121847656413134e-02,1.860485514774707916e-01
6.247430967096513355e-01,7.145069954969995862e-02,3.834398523031893324e-01
6.539688502813016946e-01,3.179814176917808988e-01,6.617323734528490764e-01
8.487873527857209277e-01,5.355799580387414771e-01,5.504627036043208133e-01
9.650186255684721770e-01,4.391842685942857205e-01,8.888142457124299511e-01
5.539335690153186498e-01,7.349343295509335183e-01,6.499095132175598533e-01
9.726796730540945290e-01,8.356116605255041740e-01,8.651933024892057844e-01
6.080508648306012232e-01,5.571915881950830762e-01,8.933560358537639967e-01
9.904159002009630397e-01,8.182863245910129146e-01,4.276326362134859060e-01
6.757665175883522668e-01,3.872435054704370661e-02,8.148609446831510672e-01
2.103429239265044437e-01,5.010793371647197514e-01,1.429314388914758593e-01
2.359059801019017799e-01,4.000826958306258341e-01,7.985115249582671604e-01
5.966028202647558620e-01,3.007790082452821423e-01,8.622767502742727519e-01
7.079963390729397954e-01,9.060316110663747535e-01,2.759097147076730039e-01
4.794472323781515666e-01,7.897731328702262132e-01,2.863097573143253971e-01
8.026358864064743193e-01,3.902962730141461556e-01,9.190975621399430917e-01
2.385509830864585012e-01,9.170959409236049131e-01,2.976690742559383596e-01
5.727065237238074813e-01,6.460648369920358736e-01,8.399885814514995719e-02
6.829058098292951628e-01,6.138600943219887363e-01,3.110709977773862267e-02
8.211147879038172004e-01,1.083221806533881670e-01,5.594234643782655114e-01
8.581403029960148476e-01,9.699980620421863042e-01,2.378502573413843191e-01
1.568865599742830241e-01,8.309919748548596496e-01,2.634294631473532711e-02
6.175551737577988920e-02,7.074491491546198718e-01,3.906448326051933373e-01
6.804876611967891620e-02,6.275145162001917187e-01,6.192982602380944224e-01
3.066670640843570661e-01,9.983142448056278040e-01,9.954523527840445363e-01
7.108961436826288782e-01,8.882682343132278779e-01,8.018850523052800661e-02
5.911841528760519715e-02,7.276536642591138193e-01,7.642590248277870701e-01
7.296261579614682358e-02,4.776368140233571147e-01,4.215462025090042086e-01
7.337370752336203061e-03,5.005743888362521599e-01,2.786095302517860306e-01
2.942641181197007683e-01,7.526821469299015410e-01,1.772739436036440130e-01
8.760909289838606506e-01,9.493901533842183937e-01,4.749246445758366075e-01
2.417183645988213447e-01,5.492984820057233986e-02,4.363238591102430730e-01
7.036144015043047650e-01,6.448780389447275052e-01,5.595217165604190468e-01
3.861696602141513335e-01,3.717915764301349402e-01,8.995762459055971494e-01
7.179833970001295862e-01,1.129854379881278792e-01,8.825589102899368266e-01
5.158029529283161274e-01,1.515516189025370997e-01,4.509343169203779977e-01
6.519295415401578087e-01,3.156109038965766445e-01,2.808450934000858989e-01
3.996945184478406521e-02,5.848790949939811634e-01,9.998372896394609466e-01
7.697129167533656169e-02,6.528688374073716716e-01,4.842334902451955747e-01
9.773638099080828034e-03,6.228296224687965843e-01,4.028438357379537926e-02
6.411849591640195190e-01,6.604101198119362026e-01,3.323860444664007430e-01
9.986906678051941100e-01,1.428806339201774689e-01,5.513300735233609418e-01
8.472437646512970266e-01,6.008967986006086281e-01,3.244552724218171535e-01
1.550595819996013480e-01,1.976498357775626769e-01,7.113897029336441191e-01
7.290826779939796332e-01,9.045172121882392169e-01,7.454730752635009283e-01
9.102715244459782529e-01,9.087913813800408969e-01,4.467495996734720531e-01
