2.302101185118898830e-01,1.803963000830044461e-02,9.084810809655196051e-01
8.892071009180799734e-01,3.442063695878324614e-01,6.565695891799210315e-01
9.245613022102930900e-01,2.883796096235224926e-01,5.310758957222727616e-02
1.374003111784671827e-01,4.324550821091651676e-01,9.019571787613241964e-01
3.501482948503799042e-01,1.900604007448351007e-01,6.740692686993443594e-01
3.235698987190014364e-01,2.641768637402327480e-01,9.490487746673738068e-01
7.554149571137357411e-01,7.808713415277942493e-01,6.153076606288412354e-01
5.442251981086161372e-01,9.450396263954541354e-02,6.261628522169049305e-02
7.749221715650704834e-01,1.608081258005730207e-01,4.803874830640684213e-01
3.087874283541709453e-01,5.115694755544885064e-01,4.433463481729821298e-01
6.237758733504221720e-01,6.521182100179585550e-01,6.348820215677741796e-02
3.028474440178858806e-01,5.045077227747608584e-01,7.591198657118578552e-01
8.134482523445188962e-01,2.495205076730376836e-01,7.420974323675361140e-01
1.152706733724018218e-01,7.665293103198800306e-02,1.276029147694269783e-01
4.888012435932068689e-01,5.357015961296611728e-01,5.318609747798286325e-02
2.255915805401565999e-01,5.576394071399359831e-01,6.165378355002472111e-01
8.350610638525512996e-01,6.648116997599797795e-01,2.502859507279502349e-01
1.799562932354275002e-01,5.292658020205719405e-01,1.119851281452447500e-01
9.132561367143616771e-01,6.383098748289485203e-01,7.430488781958825006e-01
8.035607841286190878e-01,6.625254240959896901e-01,2.697020279545561117e-01
6.685334782018902411e-01,7.344233563106821183e-01,1.323960813840709960e-01
6.786387995796573369e-01,5.364494889179675097e-01,7.643545201648392906e-01
1.982801347242285628e-01,6.071003018023302111e-02,6.279337671184337388e-01
1.546783696845533962e-01,1.717488777183093784e-01,8.848828559024519702e-01
5.323970717769263006e-01,8.043529131517003217e-01,4.836386731865788269e-01
3.972622183781100436e-01,4.711783422325122039e-02,4.732417221735352175e-02
2.018105134094254627e-01,9.281324834735523721e-01,7.433568083099484358e-01
5.705164616482440998e-01,4.882432961209409727e-01,1.430381081006302235e-01
8.509840302393896216e-01,5.392678822361026691e-01,6.507077603955340184e-01
1.717931212979393329e-01,3.162543868435030436e-01,7.934058297409247729e-01
6.165637038696959449e-01,7.955620077955619651e-01,8.937243482037843245e-01
4.257935986778362825e-01,9.664857516810558824e-01,8.347994835772141187e-01
9.892829313331874541e-01,9.235516701549015828e-01,7.066208363628145861e-03
4.833629141891699899e-01,4.391760957583399350e-01,5.392199977397988953e-01
3.487584697439199966e-01,5.659095805671081614e-01,3.976810854690268071e-01
6.469807675911068978e-01,2.013074679994508731e-02,8.483088425405178601e-01
3.048443658097693687e-01,4.790789863801359072e-02,4.649227972319672775e-01
2.104998880207380463e-01,9.362032400658802933e-01,2.890979841314529342e-01
9.062707095490677434e-01,1.379422364821134561e-01,7.559344433168393440e-01
6.860223544804291418e-01,8.997220064706679121e-02,7.799076450910102931e-01
9.681252866944982660e-01,2.486723719556271917e-01,1.063365314550537288e-01
3.430330477458148897e-01,4.342604398939328147e-01,9.283099105585973509e-01
9.988392693005629930e-01,3.580525935757257194e-01,8.543749736111987403e-01
6.098412982223865297e-01,4.504311532093753234e-01,4.347628199149696782e-01
4.615812700586585660e-02,9.391125374487491184e-01,4.099239214294496669e-01
1.060242139864597810e-01,8.854531867133907941e-02,7.473854264685966253e-01
4.032144047577027601e-01,9.449907494930267493e-01,1.714810593493902857e-01
7.517860851460216320e-01,1.510899790801650822e-01,7.543288093156889085e-01
2.864002390699815770e-01,7.520593375542378167e-01,8.717781615802910888e-02
4.146642760167342789e-01,4.255370005578692494e-01,3.231109150162114751e-03
2.972990840679862190e-01,2.158077180253814564e-01,9.469710172505616530e-01
8.715175610079884949e-01,8.789904653596894990e-01,4.226962248476402451e-01
1.988493545765389614e-01,4.137665126400278393e-01,8.936103760233595761e-01
7.741116960509364375e-02,4.376714257517018147e-01,4.422099503302233670e-01
3.736896003447421899e-01,6.876547877025764866e-01,5.735173658248851059e-01
4.545701621639284262e-01,4.716053508562382257e-01,3.037491626587897064e-01
7.006346752332994754e-01,3.897228144408795281e-01,6.923987563812955548e-01
1.816742048896652362e-01,8.186688374226840370e-01,1.838274341532477596e-01
6.288750209458872087e-01,1.620096004875588580e-01,2.459362511737728241e-03
4.635144643000166376e-01,2.922084170293944849e-01,4.728886376911805023e-01
2.184778558550359850e-01,3.273598303798302966e-01,3.729374607864388569e-02
3.566727444806871983e-02,2.291405774584182042e-01,2.973668292989127826e-01
7.035715072324203456e-01,2.217261099770688748e-01,6.092516824777753914e-01
5.586977455595703024e-01,9.174487021120617536e-01,7.464640071803928523e-01
3.175274711808676598e-01,4.371024913467583817e-01,8.323173966078536434e-01
6.199042638129680372e-01,9.384247033652134418e-01,6.700823589286910575e-01
4.295759077898102518e-01,8.156766172119869207e-01,8.751777633705434267e-01
2.695661854648790934e-01,5.292925049371348667e-01,4.277549516267296070e-01
6.330169461831178790e-01,7.960768972487607398e-01,4.194282192898468598e-01
4.598787712785732396e-01,7.988312196668622134e-01,2.795068626922715405e-01
3.373723939275160566e-01,7.287432272000772260e-01,3.669167500718588659e-01
6.592496729843529968e-01,7.032760129598750742e-01,1.221863105802882821e-01
3.723906462529471550e-01,1.107359728194566850e-01,1.398910879545189889e-02
7.156305779204918949e-02,6.478036178346713303e-02,1.968020630963447370e-01
7.397044619050198166e-01,2.653464352021250861e-02,3.577549865745990321e-01
1.625765062171041775e-01,1.778861966476240619e-01,6.464677286110660503e-01
4.028088400456574236e-01,3.872060348120150985e-01,9.609355819343238236e-01
5.889824829069201240e-01,4.635830453134404117e-01,7.664796224663700253e-01
1.110690661275124391e-01,2.621359613495873875e-01,3.267487239066705351e-01
7.220907874427818784e-01,1.680124453220099845e-01,2.513351176484213134e-01
5.234827260537583404e-01,5.204820064923587619e-02,5.367815451244412062e-01
6.020340356747463373e-01,7.347625747499501037e-01,3.129457159569182245e-02
3.401098560603528220e-01,3.706325484983175045e-03,6.716191220727524280e-01
1.784027837819116558e-01,6.169964889024337484e-02,6.320414473262958577e-01
1.945143240039135524e-01,5.160691037154416794e-01,2.225807889815516472e-01
4.359653888517038833e-01,1.745289698588187166e-01,9.710683291371500214e-01
8.611809367880965960e-01,3.848185117964787461e-01,5.544652096591127233e-01
9.200055897467037669e-01,7.645450514594899216e-01,9.258454649482810161e-01
6.762976530071567183e-01,3.993825999400711924e-01,6.603471994123732980e-02
9.299351067790939673e-01,5.112531916518141539e-01,8.149662221404437856e-01
6.811855780607863897e-01,3.256087520716566264e-02,6.232360124911241472e-01
7.910058067876684085e-01,2.580001855815414746e-01,5.235127132774065606e-01
9.624273911389736869e-01,1.029429572887993194e-01,7.270137919648778091e-01
1.536836776552518158e-01,4.110477639540699446e-01,7.190321659471586857e-01
9.871398556853304695e-01,2.881766156450071836e-01,4.697979754380821049e-01
5.854157420629220177e-01,8.719452677166812382e-01,4.474321861222463337e-02
2.209164490222986776e-01,8.871078522814407341e-01,4.000637112403687690e-01
3.767847269122261977e-01,5.137041036042390152e-01,2.983480348238494173e-01
4.231836004409217367e-01,5.038068117579922456e-01,1.935568349179630498e-01
6.920293840392434115e-01,3.759016965344768035e-01,3.813738006708877748e-02
6.033193733328270358e-01,9.861664754130921029e-01,1.452541331648700140e-01
7.812496724137137916e-01,5.471581445476448868e-01,8.181493158630035456e-01
1.737298682798931182e-01,3.159731884522417600e-01,5.093635672518002089e-01
9.180603602305825728e-02,4.433330718158496886e-01,5.655963508273816887e-01
9.636457424531321703e-01,1.677516362940399963e-01,7.860667431388759230e-01
8.085942614860064381e-03,5.567480376137728948e-01,9.298149173614823626e-01
4.782157607385798537e-01,5.499612041890422631e-03,1.725979233097496568e-02
8.087162867302480906e-01,7.665631314931886653e-01,7.160715746066246279e-01
2.778191139782185681e-01,9.199737871381905574e-01,5.616871407276913253e-01
2.704678176197227168e-01,4.489156116752386350e-01,1.271393615897720153e-01
7.944653178929665938e-01,8.329920939095891708e-01,6.597216963475316387e-01
9.542089873589657545e-01,3.459568331524469631e-01,2.114575043653252884e-01
2.148564587798073022e-01,2.944094481673273922e-01,8.720683953381561659e-01
6.166734873237897929e-01,1.599964599280567779e-02,3.312323137789603411e-01
5.171862909516974360e-01,1.363497800030228913e-01,6.471468646963405291e-01
8.854550715548602513e-01,6.158452398010934026e-01,7.144226853618608208e-01
6.046837112060946540e-01,5.969760668056380837e-01,6.938864895463076055e-01
4.537109797856985205e-01,3.201959237294824678e-01,6.616704693307899898e-01
7.882951392379556887e-01,8.600320981048602542e-01,9.917129733912444234e-01
1.313422690058495546e-01,2.272047575530597996e-01,6.072487007250002566e-01
4.711490582207230604e-01,6.147198150310941855e-01,3.497733866686213444e-01
5.931335546374515433e-01,6.526179846810320484e-01,3.062659859760615833e-01
5.900456204471091759e-01,4.863881155955361857e-01,9.919714888595818625e-01
7.915866518136851493e-01,4.661483392082532706e-02,6.746889814226288973e-01
5.126210789536761459e-01,1.764620470369082650e-02,8.377375210324015109e-01
1.804494511559670000e-01,7.590393130268938693e-01,5.562819409981234475e-01
8.663108870958126095e-01,4.077418447369048904e-01,2.386591430455561325e-01
8.722853170843696269e-01,5.997176424732911793e-01,8.041424142256009544e-01
5.778011041938293513e-01,2.974089712646061923e-01,3.174747859253189697e-01
8.702840692318229987e-01,1.973264794839333369e-01,7.770962214652326061e-01
4.626299651720952033e-01,1.053338337296605420e-02,7.010304066661443567e-02
8.513969425748265651e-01,7.930327649384016908e-02,5.500415367401025879e-01
9.995305928422391073e-01,5.729371053297001026e-01,9.444512411030837606e-01
8.955120640898537321e-01,3.061791075399470374e-01,9.044089444909041431e-01
8.080867567108342975e-01,1.693195449363731342e-01,3.618154083030296064e-01
9.360205933444911697e-01,2.979436923043295993e-01,9.973465485038739420e-01
6.735541714114612333e-01,1.693128312465714824e-01,7.237357755284101746e-02
4.092692758464206992e-01,9.231863379681359838e-01,9.744490097673425000e-01
5.213480880068728229e-01,4.291474139471921356e-01,2.134563143932912688e-01
6.431306764973057088e-01,7.497991940178461157e-01,8.203037858515149772e-01
7.595799691612953319e-01,4.550269847941779133e-02,4.101310046865203063e-01
2.346544510362420510e-01,5.921223750191920709e-01,6.282884518199675083e-01
1.465745016337457463e-01,2.293161386938223911e-01,1.531644186891779613e-01
7.108086198682223023e-01,8.597036179182223625e-01,6.149781122785695775e-01
6.464492303971892673e-01,6.747392109345675681e-01,8.596789725049363007e-01
7.137540977261401798e-01,4.694667946681607695e-03,6.364548535744226632e-01
2.572181613958989255e-01,3.399793095137603194e-01,1.465345828192123889e-01
2.753373942199910385e-01,1.194326949436738117e-01,9.135241853969452430e-01
8.913706968774761652e-01,7.584993447846555270e-02,1.989780970881568356e-01
7.022738160796760942e-01,2.830934984997381942e-01,1.505428765300945715e-01
1.466581501237906870e-03,4.859951616911344363e-01,3.586485772180277865e-01
5.710449242324466823e-01,4.566109249182082053e-01,1.729938858220972930e-01
2.083980061999942679e-01,5.047750230571400598e-01,7.795231033324765413e-01
9.304153397741556919e-01,5.456753509685043912e-01,9.734638568640726630e-01
5.731285542357912322e-01,4.677641690428380183e-02,3.474303785684706991e-01
4.177826791461165534e-01,6.126976820073237739e-02,4.110376635829159353e-01
6.992893465042803181e-01,6.165898614163636271e-01,1.892649712291051278e-01
6.167641100159565459e-01,9.273132954496610125e-02,2.212791252601372660e-01
8.110414307206664786e-01,4.576811954878240440e-01,6.182728267153875246e-01
8.979384937101975162e-02,5.767038820405073762e-01,2.019103426398584089e-01
9.182123182197254874e-01,6.810364174169543094e-01,9.381166152189353014e-01
2.696859126038341214e-01,5.989422184058706966e-01,1.393354578889066664e-01
3.094042123094820074e-01,2.648978881545670516e-01,7.482990123950232775e-01
9.228829526096039571e-01,1.719239348981248527e-01,4.679357640869927781e-01
3.617197645138400253e-01,2.318782296812770261e-01,1.495809330587938302e-01
5.881898354634818027e-02,7.419775479350401159e-01,4.670645797587480441e-02
9.087957635272748691e-01,6.842008111389428215e-01,2.680357128839401248e-01
8.403819703059258739e-01,1.228753550366415981e-01,3.872090354037173165e-01
3.925569438797426036e-01,6.830641282039596751e-01,5.008734996946325735e-01
8.935885663914645560e-01,6.522420552089320811e-01,1.863570492454613703e-02
2.738237508131189379e-01,1.103768240196152384e-01,6.690235475485866168e-01
7.244029513350965788e-01,9.695607290073181561e-01,7.830774440792088731e-01
8.978809265139200413e-01,4.327688930386873745e-01,3.595164020122963988e-01
3.038553928324850828e-01,4.148662077725351338e-01,1.011350139854527708e-02
2.662634821442263489e-01,7.148870296620339904e-01,4.828706149714143692e-01
1.069527917524225602e-01,7.651616350835821478e-02,3.908249411348885261e-02
2.651971462452368256e-01,8.166816416246901467e-01,1.124686070804606919e-01
3.717109212928638717e-01,9.503228712551818891e-01,5.563454277765158551e-01
4.308251712826214330e-01,7.780702140023141311e-01,5.021679700936680923e-01
8.575604544379913374e-01,7.897881328214586549e-01,2.790941477749726563e-01
9.159871701964451551e-01,4.161592928956200366e-01,7.186337772325379625e-01
1.956539055617766421e-01,6.212303531714724603e-01,8.869387661539755996e-01
6.604150741815866255e-01,9.619873277094633801e-01,6.544269338156021298e-01
5.201289486617873825e-01,9.824345057632580813e-01,3.666988870660630173e-01
4.028061584926624361e-01,3.709756697324279040e-01,9.253167541437137267e-01
5.670922828237791036e-01,3.591743822428987709e-01,5.815405035205400974e-02
5.314206621504620198e-01,5.303404384230950841e-01,2.620804243675428635e-01
5.568987497921907837e-01,9.913518868395532202e-03,7.627379590280728427e-01
5.705162040718514405e-01,9.279767287767453077e-01,6.289834088183188232e-01
1.164006246117180732e-01,8.935780237588868413e-01,8.715250999714829749e-02
8.832319038153780832e-01,3.564358866424643946e-02,1.409705916513630530e-01
2.836795739959165896e-01,3.800349284371118408e-02,6.621021141086904649e-01
1.729230095861900018e-03,1.103123214740205915e-01,2.102468062912175029e-01
8.332528827998302301e-01,7.709851833439651525e-02,8.094877249790543017e-01
9.282814652888117246e-01,6.604183516699014822e-01,5.722602776405169012e-01
6.152888914075264060e-01,1.202802072959816559e-01,7.768555345201019202e-01
7.877275840204878143e-01,7.188209029876286849e-01,4.859162230146762962e-01
8.727512001252235585e-02,4.619709456319195384e-01,3.724392737029992295e-01
9.838754486433133328e-01,8.045951625314212707e-01,7.734335296655090453e-01
8.183944731163306230e-02,8.519910374466982406e-01,2.291903600821620923e-01
2.676175897213851629e-01,1.988224667274834934e-01,7.601978351647598053e-01
6.154458834022448199e-01,1.391020004618903627e-01,5.319256792111359822e-02
2.263595317575350929e-02,8.456055461583377175e-01,9.678451731886550391e-01
8.413610636013324484e-02,4.339659929697566865e-01,2.870324548463097925e-01
8.114624821070650640e-01,1.472169489480444904e-01,9.636272369431414520e-01
6.890956425350224235e-01,4.334756942103861199e-01,7.729280332881460769e-02
4.186142468036808673e-01,7.063895399746977777e-02,9.581151293743039865e-03
2.218175567525844105e-01,6.108456387621682415e-01,4.246461297688465253e-01
4.714388248510413826e-01,9.467331547498650801e-01,8.647882155439869933e-01
1.158545500151187957e-01,2.469709059867164491e-02,1.054916183436596100e-01
5.326525320237939232e-01,7.700856740390025212e-01,6.627386893753113295e-01
2.216306019732952048e-01,8.023183664779457436e-01,5.334400217118926424e-01
1.066144436620930502e-02,2.034816790093867400e-01,5.857919050761871693e-01
1.208612667189030709e-01,5.957381428216302899e-01,2.083248281611798092e-01
8.907835534510444297e-02,7.376294452439206006e-01,9.694321389727889038e-02
9.571315517605553103e-01,1.986678789840004011e-01,9.308144861509007884e-01
7.754555201278670040e-01,9.845668044642041927e-01,6.620569937041008712e-01
5.262124419663452013e-01,6.127866574426945601e-01,2.831744814407534117e-01
4.597392723665029157e-01,5.582586392737607373e-01,9.572765992127426626e-01
4.070653572747063853e-01,2.610053995285113171e-01,6.551732101055527391e-01
4.714037109949588134e-01,9.401926849341917247e-01,2.616026505113547840e-01
8.472011004458783745e-01,9.480442990010818916e-01,8.159521993778859894e-01
8.354643447641378895e-01,5.947076295198415741e-01,4.876609702619594255e-01
3.185192925109782136e-01,1.059127103413071147e-01,5.822780395734478143e-01
2.251732681513286538e-01,2.305033702730672207e-01,1.711034059435343480e-01
1.135328402155936223e-01,1.752377409501102434e-01,3.368734197681989562e-01
3.893380156140757720e-01,1.782856324834881656e-01,1.951291131186859706e-01
2.116838856083272935e-01,8.845442595748067571e-01,8.965970152868528720e-01
5.614581103443138099e-01,2.664424379375560648e-01,2.331712796691544076e-01
6.044444957392061113e-01,6.625687113697520392e-01,9.399648395179083238e-02
7.730722311739735009e-01,9.103969887971619102e-01,8.044012374314243319e-01
4.711817992115517884e-01,5.663200833504565823e-01,4.443404409754645457e-01
1.939731658859246144e-01,3.306015748836353962e-01,7.844257729479078289e-01
4.356143186870042872e-02,6.908724607084333336e-01,9.906785947966056938e-01
2.398621279589280286e-01,4.663232321316324036e-01,3.846279108606601715e-01
8.628652730371105806e-01,5.737349702727888578e-01,6.331770692398586142e-02
5.303906737511376868e-01,1.884263784054864832e-01,1.626522509836267893e-01
4.100940108802381134e-01,5.153380358921366700e-01,2.642905067887709736e-01
7.668544911702533939e-01,5.454216505591550357e-01,3.878608024245234764e-01
2.047767843432534152e-01,6.885264039596404873e-01,3.677873394710047261e-01
8.314978237499135449e-01,6.825643372542786746e-01,9.784322828280074269e-01
1.547469154794218760e-01,2.480231055360411219e-01,1.999574737163489768e-01
2.284947736951625785e-02,7.511575105954183540e-01,4.171768505235385893e-01
9.236546244022983965e-01,4.670002836725849482e-01,3.246094256200426909e-02
5.551204949814904088e-01,3.523724021149480246e-01,1.236804212899959010e-01
3.219671590624573199e-01,5.688503610287074519e-01,5.866347506089838459e-01
8.825625485810472126e-01,9.394387736114736542e-01,3.280804570680936338e-01
3.054695514855920724e-01,5.187892803078658632e-01,3.345856709435758303e-01
3.635827069092165686e-01,5.896728799831629786e-01,1.511589841116456334e-02
8.396207085540987602e-01,5.556604206458496398e-01,2.723919216067463012e-01
1.091648158035827265e-01,5.132993873017335229e-01,9.403385835895574640e-01
7.405994614137235699e-01,3.268197256810146945e-01,3.770819998622964020e-01
9.247930996498340273e-01,1.958403559097315894e-01,3.938202137920733259e-01
9.674172229538721135e-01,8.179606468284403853e-01,3.514446351239468580e-01
6.641451083565511615e-01,9.259191376653999050e-01,6.394314908033210676e-01
3.132024392543817370e-01,9.151145403937287481e-01,5.748214085030778353e-02
1.134921097471749407e-01,3.058449726166041494e-01,5.054918970630899455e-01
7.758794757311040513e-01,2.805652781108747273e-02,2.967942961193766882e-01
6.621371841836815042e-01,2.321771080299173118e-02,7.775007412016223807e-01
2.692302032109099574e-01,6.533032138383543241e-01,7.745794680810952348e-01
6.772578292002109368e-01,3.434188137354305947e-01,7.505438053799232678e-01
4.844634863059483765e-01,1.504304723061541393e-01,9.865150235736985795e-01
2.388651436252142712e-01,1.154588807531001793e-01,2.300244633747466905e-01
6.394737413252989944e-01,9.915997210713642929e-01,2.387967514566307070e-01
3.388887872703197912e-01,5.809412506775244456e-01,1.838640670128317556e-01
2.313493766409296937e-01,6.966977616663587725e-01,7.318884971348597057e-01
9.672524976896438309e-01,1.246483803734990126e-01,2.156193794706332545e-01
8.247509148112732724e-01,3.547277909963736375e-01,7.140231381629971175e-01
7.484317573696062098e-01,3.663220693550661711e-02,6.946427837650179793e-01
9.043910840912799953e-01,9.438562945054080888e-01,1.112776958976123831e-01
7.833082246513505265e-01,3.481469952077863583e-01,8.707542269587906780e-01
8.761365856853720047e-02,8.067361681488161018e-01,2.635225341663833820e-01
8.931407141105589531e-01,5.247116462450818197e-01,9.398935297429944491e-02
7.422015981648198979e-01,7.605584045891404799e-01,2.631051092240181966e-01
5.812447259026563007e-01,4.732011149528769778e-02,7.895775894265811834e-01
5.797153188325577799e-01,1.840115412771677894e-01,9.795517140045206794e-01
3.713791213111995448e-01,8.262936953126573947e-01,2.240921966928097753e-01
4.223806068031813465e-01,3.342117474655762477e-01,8.775068874984885969e-01
5.868740468063532445e-01,6.844849208263069640e-01,1.583155633131703155e-01
6.235375485769996118e-01,9.595362740398512003e-01,7.465651709805932734e-01
8.432029440687974775e-01,6.488678817785461517e-01,3.125574024413702023e-01
2.239695760812949743e-01,5.997045485099686823e-01,3.656815159851652952e-01
2.112317777207072256e-01,9.254907611612475105e-01,7.530643265027705535e-01
3.015746487415054133e-01,1.360317595148776704e-01,4.457997454688183980e-01
8.804927728708076273e-01,3.088853533535640405e-02,4.641991561914974307e-01
7.435555374016915575e-01,2.350956631086240645e-01,6.644931686155972628e-01
5.969941916432945916e-01,1.753570932857690945e-01,3.246219030862653732e-01
9.390225712737627628e-01,8.172953875804122026e-01,5.101873613507464933e-01
5.449525320902010028e-01,9.131483091400860452e-01,1.760812651792655892e-01
7.563020118600438657e-03,5.037884046569165442e-01,4.439210037859092628e-01
9.348777546663569193e-01,3.519884920356330937e-02,1.893352570044262162e-01
7.518382375973839959e-01,9.423043784857332295e-02,8.062470657976561483e-01
2.810846092222117898e-01,2.472553298826701829e-01,6.155822335369599552e-01
3.855907203297808117e-01,8.958894303665034808e-01,1.936522321619518205e-01
6.238830509172365035e-01,1.950753444785020552e-01,8.493579607441037460e-01
4.056889000328549599e-01,8.859205900492231889e-01,8.064862331480007196e-01
8.495189899775659192e-01,8.488562690204843886e-01,2.377177240534360525e-01
7.031227428366555454e-01,2.319325905723338410e-01,8.264679387980036207e-01
5.389007582384142125e-01,5.279573815359541733e-01,6.653502782186038189e-02
1.879965693053499143e-01,5.218215833460985165e-01,5.054244388367818974e-01
2.518927515294900887e-01,9.203939817547830415e-01,2.970778741786919142e-01
6.629343301595036486e-03,6.403029725741544720e-01,6.583100621207937930e-01
2.605834231450485650e-01,7.328059594152247502e-02,1.734398517463053846e-01
7.708743293144710851e-01,1.747262048923161615e-01,3.392135634997178739e-01
4.764478535277841820e-01,4.846428486163389948e-02,7.097881752019199464e-01
6.131951226476159977e-01,5.320726782095958063e-01,8.501394098537844446e-01
7.034650399909233576e-01,3.253202760562878826e-01,7.576039979922033485e-01
1.576039249348971660e-01,8.791344438698688313e-01,7.464689571780654953e-01
9.499777216854422557e-01,3.432178161193786270e-01,7.281039700382876401e-01
3.137977727827445662e-01,2.511252731481502520e-01,9.944285253999898266e-01
3.996720052239688403e-02,7.456621445854954011e-01,2.771445601173156970e-01
4.661738236319633577e-01,1.107723322762721452e-02,4.913117235821081730e-01
7.158310017301503514e-01,2.053247145047614186e-01,6.672931566410054138e-01
6.795717885615456533e-01,2.762302422202332908e-01,8.069358992698062449e-01
3.454013115527929667e-01,8.150583141252211172e-01,9.871926983033438852e-01
1.122195076750300835e-01,9.596397756325427686e-01,9.549613885066601249e-01
6.246074079891061892e-01,9.106247193913546978e-01,7.871224687114211083e-01
3.014744961271287327e-01,5.109487724157448785e-01,2.994215484536352223e-01
2.972567213032500932e-01,1.160839909758534239e-01,7.552138335486224818e-02
8.095105912901033873e-01,8.896587575609992138e-01,7.714657849370605280e-01
7.239835056314347650e-01,6.296977504132419412e-01,6.260241540960513884e-01
3.051510700684435529e-01,8.922089642478984173e-01,5.951784312972391300e-01
1.417244331334673868e-01,3.005532127137134912e-01,8.614032342768871420e-01
2.914451169210594550e-01,8.702400393797490308e-01,2.067565115886429439e-01
7.054421229949358052e-01,1.606343095700801804e-01,5.751868121939895939e-02
9.954086265348162099e-01,5.089119230004155447e-01,6.171817801336696441e-01
5.195811537309339423e-01,9.974123788329205542e-01,3.318964437720965943e-01
3.717917155374633742e-01,5.274885732641835245e-01,4.717226796210214346e-01
6.176070645103697299e-01,5.620220725709256238e-01,3.888227426248177521e-01
2.524263732902094493e-01,3.021519386824353948e-01,7.292472113279804269e-01
7.741584638245904149e-01,5.015783054415872133e-01,4.793103925319291969e-01
7.231865020515075848e-01,4.583189712925245241e-01,8.547055191016764697e-01
5.596422347160668886e-01,1.151039376119272761e-01,1.783718329134964531e-01
7.808651720409278685e-01,9.886674275248121813e-01,7.033833511862703780e-01
3.555112412240091224e-02,3.362979047707636004e-01,4.616548902566417478e-01
7.945920094703985415e-01,4.683608277366582140e-01,8.167721842045013725e-01
9.634602807778519518e-01,2.131280659695679036e-01,4.708588220244872558e-01
3.081838054369392399e-01,3.396629115314425684e-01,6.580622452929344446e-01
3.333853004839445466e-01,9.016538211892960453e-01,4.388801621869559133e-01
9.973584470440671756e-01,9.776311574786619163e-01,7.669042296033591333e-01
8.357893748449436444e-01,8.731559947310775227e-01,2.900798582600808695e-01
9.331091078233618719e-01,9.563949905051348788e-01,9.015818653685736539e-02
8.291575113482034798e-01,8.482059898262821473e-01,8.777153833745900968e-01
6.608096649523825805e-01,2.300348888454675222e-01,5.666729076859545744e-01
3.598163122256493596e-01,6.109209486376797615e-01,2.437818528088248060e-01
2.117199065624146836e-01,9.427338571721560756e-01,1.384709199980221905e-01
6.707784423532006102e-01,1.572233696567634231e-01,9.801429849406463335e-01
1.530117111186112266e-01,4.313507289525253530e-02,9.644032877195329867e-01
6.801964901455420653e-01,5.965212707793521307e-01,2.588405399555828712e-01
3.716241133246991346e-01,3.104004057150119289e-01,9.652800785082082946e-01
5.278106800024259249e-01,3.715186312470013519e-01,6.326299367860177547e-01
6.995141759792278258e-02,4.472626974620286244e-01,5.116757526758344277e-01
7.709283004519690286e-01,1.848396095355071544e-01,8.424131106230405841e-01
5.929220171320123134e-01,8.923753136674995590e-01,7.902639611226288663e-01
7.976884169361636578e-01,3.976023324621867916e-01,5.644841442374870510e-03
5.083153207127847351e-01,2.359535108749817311e-01,3.680025939939266522e-01
1.017133133963561420e-01,7.791199969369170253e-01,8.459385221888483519e-01
6.542825234069324924e-01,3.417876943836042347e-01,5.847731749463378481e-01
4.257209644119123171e-01,3.410475314381145040e-01,4.005379174547698540e-01
5.773437113913902907e-01,2.556104460888730667e-02,8.511319037962810086e-01
5.924924536379643225e-01,5.827649627064142024e-01,8.507350560705475573e-01
1.898790216312224999e-01,4.225983856894575119e-01,7.071788171329247419e-01
4.067574103868455415e-01,9.661986756028019263e-01,6.994726651222413771e-01
2.301253461360449615e-01,4.086148226736963096e-01,2.677768456968130373e-01
1.071663584720687901e-01,3.134050553382353721e-01,5.245861261788380414e-01
8.274462711173722340e-01,7.786606816132364273e-01,8.764754811508225218e-01
4.198668707367201325e-01,4.113114168735543252e-02,7.659812485734247556e-01
5.719249251869849004e-01,1.609509944444584839e-01,6.295391555679672457e-01
4.527203981985691295e-01,3.087368885880736880e-01,8.121097424632132133e-01
9.961667372790763419e-01,7.904909527664030211e-01,7.736526368558723776e-01
2.757587658457588686e-01,5.327016785178136926e-01,7.846530198994901006e-01
2.099353645522944456e-01,3.420548643055539850e-01,9.192146154668542346e-01
1.024221830891762774e-01,6.984994989569484058e-01,9.176016250318146383e-01
6.100629636401747602e-01,3.022600068356118275e-01,2.514491316790482545e-01
2.156441568744450477e-01,9.914727100582252373e-01,1.048324061491552328e-01
6.448018512721420681e-01,4.646608159084526513e-01,8.552564404412272836e-01
9.718456577539533736e-01,3.901041261269966309e-01,1.849279844879221368e-01
4.356808565835368352e-01,5.615394160605524654e-01,3.038990047894102320e-01
6.427055598672581915e-01,8.188819727780421998e-01,4.620081244890793526e-01
7.862471951735776621e-01,9.560228785792727058e-01,1.687774040100475936e-02
4.518396035211628137e-01,4.282890018524243558e-01,3.699369811160957422e-01
5.667424054973480008e-02,4.500539774231303580e-01,9.922136280001547792e-02
6.720693785849161106e-01,8.243981186242100856e-01,9.150063841115032570e-01
6.905676484607338184e-01,7.284933530161965543e-01,1.283477930343061013e-01
2.432763844379395302e-01,1.197408279434788447e-01,4.937570550003504977e-01
5.263230141117822836e-01,4.099159399275325022e-01,3.904948722951112616e-01
8.784327524084756256e-03,6.298337185123914495e-01,6.683701222484172977e-02
6.962873021276398955e-01,8.871583616243596815e-01,6.336581029908054941e-01
3.414861055923812394e-02,3.796769110174201822e-01,7.156353660798568939e-01
9.431628330072642230e-01,9.608700709960210640e-01,8.960858621712539662e-01
1.154174079569297851e-01,9.243472681894158161e-01,6.935541054976540609e-01
1.472917762212245796e-01,3.841906779179247167e-01,2.431018532842650348e-01
4.556098174995695249e-01,6.295338990929576495e-01,4.961587272535045168e-01
4.519008198895566597e-01,3.792637591975531741e-01,7.494502459751023471e-01
1.165145370384733647e-01,6.178528996322898426e-01,2.273879149720500203e-01
8.917893788588912019e-01,5.420524716097038231e-01,4.089972603653236893e-01
3.292083894566827373e-01,8.977906901603107670e-01,8.564159802565595170e-01
8.467667628763123622e-01,7.366714099389622961e-01,5.353618661210154395e-01
8.613251645836551562e-01,7.022136441134471108e-01,5.040866813584341521e-01
2.016188576892615769e-01,7.326221563888956068e-01,3.443675982467844232e-01
1.417820853870939146e-01,4.697666331146604923e-01,4.081406839865564518e-01
4.522715265992152123e-01,9.838070627877009144e-01,7.365150201175215683e-01
3.506674640456478587e-01,8.472274221481442824e-01,7.441519233011215650e-01
8.961761075846955693e-01,4.919412865385690559e-01,8.149542938418917748e-01
3.229479499327928549e-01,5.563170062518758563e-01,7.689556663692572736e-01
5.605713877614791896e-01,8.555931933368846609e-01,5.238442436141689251e-01
8.587053023938839846e-01,3.912040213117395915e-01,7.161156780767644614e-01
4.308569972923567137e-01,7.997046757873781386e-01,3.349599442168565977e-01
3.133640889526695394e-01,4.491469168437690618e-01,3.046983815391335337e-02
9.316692281254483898e-01,2.513700566083993948e-01,2.662686101628002344e-01
8.240827120723395183e-01,2.737836393200080431e-01,5.256857550840715598e-01
8.497393361325601413e-01,5.361870207967691648e-01,8.818631843140565252e-01
3.197758594867003978e-01,4.439833221295389487e-01,2.710509541048301552e-01
2.282934742717346310e-01,2.253874947760970970e-01,2.549725451155366862e-01
6.178528388057054066e-01,2.025964208633640462e-01,1.555991961938609780e-01
3.358332852478047581e-01,8.123051884088365870e-01,6.824198794689632086e-01
4.468089435082349681e-01,5.091350392678426484e-01,8.194978645338812928e-02
7.980604010747126553e-01,2.678692233187474070e-01,2.710990269938791108e-01
4.971270572943862209e-01,1.250427449569312399e-01,4.960456203622809479e-01
1.787599980431020530e-01,5.509721997828320728e-01,9.710767193568853317e-01
1.553381632946686519e-01,1.702716251566904759e-02,1.948860700829246895e-02
7.722642014690579426e-01,5.325973351169834835e-01,6.983462217338687328e-01
1.884625825309849123e-02,9.071492205320397240e-02,8.028374028945686192e-01
1.367546715339940100e-01,8.105507780124474593e-01,6.040387164421969768e-01
6.274025479607873157e-01,5.272942404019800300e-01,6.094296363302281749e-01
6.575874848911552606e-01,8.781976918609277760e-01,6.566168705405670547e-01
7.725896652994512781e-01,8.325281621967891565e-01,8.658137528109046688e-01
5.756098150432776839e-01,2.333467956731807291e-01,1.378604832743348663e-01
8.478094007966144874e-01,2.918981525074106909e-01,1.214569137960501699e-01
2.725375668105749494e-01,1.526965644138236211e-01,9.030186842136785907e-01
6.097721871782979530e-02,5.065194510089726654e-01,6.949831364921696952e-01
8.544521585472530933e-02,3.399123815632060230e-01,8.440736413743368249e-01
6.742436812124799062e-01,4.182869554559099923e-01,8.983011210621575371e-01
7.396519013128159958e-01,2.452251318332557828e-01,7.689900694693498906e-01
6.105365290072795048e-02,8.427988593659663241e-02,9.161972509306394175e-01
7.767375750091733977e-01,2.353349695034970823e-01,8.273770223796392820e-01
8.874995099933056242e-01,1.711165491285526752e-02,6.245833864826462190e-01
3.115140261274096378e-01,8.559449615093668307e-01,2.985285346465004208e-01
4.435967055599295827e-01,1.404577967754643275e-01,3.946108672957621133e-01
4.275657260193675979e-01,6.503126722275800464e-01,6.205592050245062330e-01
3.693206049447272932e-01,9.045181688005097254e-01,8.086796402870377598e-02
2.390539124719763819e-01,6.652487759238931986e-01,8.787939368304742427e-01
7.071621221820065806e-01,6.619747066042775963e-01,8.232732958202363394e-01
1.023954063660249547e-01,7.544066566550047259e-01,8.190421000351114644e-01
2.105184617811469705e-01,2.377274161326493607e-01,4.499335242231282672e-01
5.146532473110683181e-01,5.739046928547811843e-01,2.029433295126715775e-01
8.298088235360557841e-01,1.044972410998012968e-01,2.117677149303054396e-02
7.487311382048089659e-02,7.263740698775889015e-01,6.606209298535673513e-01
4.134835120210871295e-01,3.592631687695151399e-01,3.922993730113427668e-01
2.658641605605982505e-01,1.300311070519121204e-01,4.307353159780438201e-01
4.242665360145374542e-01,6.946141594219372717e-01,2.343247090761800822e-01
4.374359848557644037e-01,8.318241743462972959e-02,6.021079249554492918e-01
6.406243259914923271e-01,8.681469514016991740e-01,4.225970222178124791e-01
5.411689974940103731e-01,2.717505337899495110e-02,2.805460207633401204e-01
7.131834833440092725e-01,9.707174111316485554e-02,6.961132005524697242e-01
5.057741221916111085e-01,6.822507348946396100e-01,7.317889930830990819e-01
5.563165037072778096e-01,8.155247331882802264e-01,6.439141847894741533e-01
5.358646668637506716e-01,3.082622234059803068e-01,1.274310209904605529e-01
3.123557463296975367e-01,6.545911239462748332e-01,9.871777153215743894e-02
8.597301850152416769e-01,4.119747529315931356e-01,7.681187299839183913e-01
7.997710259433533642e-01,6.456903134319507132e-01,2.316944147548578581e-01
2.560493083941521864e-01,3.599384727420621433e-01,2.608488782162776687e-01
6.205717410221114338e-01,4.246836952903976226e-01,8.334037696081345592e-01
2.135052401761168284e-01,3.121453056342718968e-01,1.958212535161367729e-01
7.640014416572842304e-01,2.208351619351004436e-01,9.186911973792649677e-01
5.296241471432205916e-01,6.825117033962546653e-01,9.809489409728523457e-01
8.687776326911104130e-01,3.738846901079326823e-01,3.668863764933982807e-02
3.183927082175287415e-01,3.592689345969554138e-01,8.914914819632577814e-01
3.365672226467391059e-01,1.355807379662505863e-01,3.763035116879017705e-01
8.464887667014525663e-01,5.243513338008879421e-01,2.800581430814582662e-01
1.061212326706213460e-01,4.337254251330451282e-01,5.740948994250397730e-01
5.739654326801479911e-01,7.935154046821002449e-01,8.518287249935265759e-01
6.089166013013207479e-01,9.378721295191434493e-01,7.529685985783829416e-02
6.817171499597632911e-01,9.580868956609287501e-01,6.040189561133958440e-01
9.349623845248811183e-02,2.921570763090154399e-01,5.194185602600533969e-01
3.328263731338223508e-01,8.068937524383930082e-01,6.542252091128353264e-02
8.473040459418205161e-01,6.031838108336913251e-01,6.710606418098346015e-01
1.838150772889263207e-01,5.333183144122122243e-02,7.286201328339916294e-01
3.580752378774103573e-01,5.043306608353843590e-01,2.944073656325684185e-01
5.667260759721745034e-01,1.160729882314597283e-01,5.916174750585460052e-01
7.727762341042458960e-01,9.351995614470345330e-01,2.074163975647491664e-02
5.495353274497779550e-01,6.706471441214764129e-01,9.271671055014526486e-01
7.543479715869161328e-02,7.280413145986953660e-01,2.802153383291303701e-01
3.235450076977927081e-01,6.528457389392504640e-01,6.219552044304554883e-02
2.863331775526739564e-01,9.077562579032750767e-01,7.007414331001122765e-01
2.009680359928034399e-01,3.746066746193612573e-01,3.580543937488710471e-01
5.275276422218149186e-01,5.147145637539550789e-01,4.501871405101367518e-01
2.303763198333197426e-01,4.104733723419051739e-02,8.929205745032801067e-01
1.926406076037872062e-01,3.113857687103168681e-01,4.874641761262813455e-01
3.513554105134623073e-01,8.257387140656584634e-01,9.909941392705572394e-01
1.698436769173993222e-01,1.782717220069557351e-01,7.911817569141434969e-01
3.532360691061859903e-01,6.089352943478897329e-01,6.115506589286303640e-01
8.546668818634709508e-01,2.623603127619228426e-01,7.647135125439378234e-01
3.361678815657241914e-01,5.592424953814651989e-01,9.936821938364821527e-01
3.555681783371769100e-01,7.652687276986842591e-01,6.476660941960854512e-01
2.921708220622910579e-01,9.586190108040144597e-01,3.657104817562447652e-01
3.661831803070481062e-01,5.250579263422459064e-01,4.509817426850157851e-01
2.269687934715044486e-01,3.851285097022224546e-01,9.110283596043108334e-01
9.650888732177373974e-01,7.749334671289871412e-01,9.386557619052748880e-01
4.362773262407915187e-02,8.785228896449459590e-02,8.615447466111159081e-01
