8.994742098294301602e-01,2.860885625372834307e-01,7.578675600969557724e-01
4.060609599280182724e-01,8.865196399784922576e-01,6.629574088317802261e-02
8.162222483449033117e-02,1.466302840830737697e-01,5.003501935143651602e-01
2.583912410925497394e-01,8.185356070096792003e-01,6.763933261087343718e-01
4.239800352984968157e-02,8.953693021937670915e-01,7.412307769119560463e-01
1.159501255190537039e-01,6.719719280758967850e-01,8.106082061482157153e-01
5.574963049018284433e-01,8.180150246399616742e-01,6.539827435510401354e-01
7.782867369160602067e-01,5.725850972030550601e-01,5.637672810131070245e-01
2.725056624225001833e-01,8.405879468139368926e-01,5.738469985991734301e-02
1.028017917153394301e-01,5.333573182015091119e-01,8.355976017775424980e-01
7.387513163932479809e-02,1.680036440001168030e-01,7.684315025903309948e-01
5.104994016330220985e-01,1.819296148613821495e-01,3.365884429534201638e-01
8.625500050333253510e-01,5.179204093558609223e-02,7.862037094172382723e-01
7.247162501666848389e-01,9.425564963259428497e-01,6.355263787174534329e-01
6.151772047004910871e-02,8.126888078754823663e-02,5.355228455770504326e-01
4.917709240031715723e-01,2.600093278406490072e-03,8.384503231854367744e-02
5.874672613588300951e-01,6.981803570007268922e-01,8.810445414865955005e-01
9.504869308164752839e-01,4.650920185740905488e-01,7.366316292026741097e-01
9.713685459258284416e-01,4.016790110562298288e-01,4.161980028469953741e-01
2.924939278318988700e-01,8.148129240823184238e-01,1.076628899954832352e-01
9.324154354383831222e-01,8.756754316082602241e-01,8.597307372456342023e-03
1.956555496029702690e-01,8.169762788913954576e-01,7.754375310942879240e-01
2.250322951333417754e-01,7.615044060279234639e-01,8.932902912817064500e-01
7.836143956067952443e-01,4.966200532056744832e-01,3.388932516306146780e-01
8.676474973643721889e-01,4.459947451018743125e-01,7.797375303042887174e-01
7.906209320870222212e-01,8.305166817346568697e-01,5.701150043893541408e-01
5.062047541776643067e-01,3.546674499487768584e-01,6.241005221699582606e-01
6.040495170180459894e-02,9.550061968161038806e-01,6.245726304478129709e-01
5.669973437287406659e-01,9.854070893030730804e-02,3.225908766628694524e-01
5.993636403994240247e-01,3.006324640281496929e-01,1.257013567952177668e-01
9.984317989938394922e-01,2.895743919684206080e-01,1.036800920115207303e-01
1.148455876259446562e-03,2.698007908185429127e-02,9.923915631638373647e-01
1.569146460946435617e-02,7.722516941431724069e-01,5.513978581937357681e-01
5.337837332723794903e-01,1.427998100531424619e-01,8.897869354100821360e-01
7.720267655306645160e-03,6.416879615266775083e-01,1.366053303189025403e-01
4.153290976252603794e-01,1.559022310431100733e-01,8.104979047478920728e-01
6.496143494718656930e-01,6.147415885399531987e-02,4.204854234363473164e-01
2.201083235059779764e-01,6.786967780242592063e-01,1.790353631975771798e-03
5.727617374932278960e-01,3.754488035094430964e-01,5.486831407689720663e-01
4.870658783351735632e-01,2.685277101729859339e-01,6.818036061688625971e-02
9.516914673826555315e-01,8.031749052408607703e-01,9.525039262454528810e-01
9.172597692349859777e-01,6.376152859419225161e-01,1.458617598559996953e-02
4.061942878385812472e-01,6.637133322787662770e-01,1.817680357111828293e-03
9.450231253938533582e-01,9.770189652478389331e-01,5.333892261884585206e-01
2.066311242411184024e-01,5.324032217177183668e-01,7.039115425234443446e-01
7.378515089465990107e-01,9.736768832231528226e-01,1.013330192990709033e-01
9.450874814436175386e-01,1.177040852568169704e-01,6.036725077670901385e-02
6.454357414169995533e-01,8.623281819811732252e-01,7.756833197492790655e-01
2.521442578775199284e-01,4.264910157864919560e-01,7.071152081840600401e-01
2.066213345209264585e-01,4.800225862912504970e-01,8.850294131290517008e-01
4.306897167963664730e-01,2.528397810868909801e-01,4.713294223094049995e-01
3.862880305600697728e-01,6.403217155594667087e-01,7.175251769808322910e-01
8.887327753199842917e-01,8.444935638225721242e-01,4.807075327849231750e-01
7.704089559577906865e-01,8.174897788910220342e-01,1.553891041782171634e-01
4.191693433017507076e-02,8.003224704809069889e-01,2.988482313324829498e-01
8.877611709550823349e-01,7.526686447883801367e-02,9.563915564800969937e-01
6.303653942070527316e-01,9.271354794160890922e-02,8.550485242519902940e-01
4.924436539252664558e-01,5.164331677940317000e-01,6.044481630152537255e-01
5.153829804041150098e-01,8.958539630313869795e-01,5.362724010020247789e-03
1.177325215047925200e-01,5.378293708428327768e-01,6.728397622105108944e-02
4.397152714055402312e-01,2.105155288126187019e-01,3.659872846632861165e-02
3.736362210708766840e-01,5.746967036904702120e-01,4.134090773371257299e-02
5.474270638358562646e-01,9.822146876060117160e-01,5.728065669721723596e-01
2.441298548282455627e-03,7.556017233315840409e-01,9.844629285986989942e-01
9.852506763370437737e-01,1.619821531405786219e-01,8.555872300427047605e-02
1.838776674796139821e-01,9.354096916661194250e-01,6.838022293796726103e-01
6.590082842391488116e-01,8.335314424437880731e-01,2.380048130398610962e-01
8.129384825935802583e-01,2.294704966227237852e-01,5.866353624463964689e-01
3.050429767409829074e-01,6.753408609075898239e-01,5.416671990384045454e-01
9.718244313135560031e-02,5.550938040405266616e-01,2.956350486545565870e-01
8.436932616703406440e-01,9.094362029484165388e-01,9.605671236864713469e-01
6.867260868722236955e-01,3.015559712474195075e-01,4.714722399932265162e-01
9.618776298101926470e-01,8.761708164901358398e-01,6.471733754725058629e-01
6.872535427172092870e-01,3.418395419537045843e-02,6.225664455266581854e-01
4.835522326929383441e-01,6.906818545632065209e-01,4.057617905599961716e-01
2.561998581034020672e-01,8.543543102930750699e-01,9.413501752411874701e-01
8.289099923854625906e-03,8.206438134642249915e-01,1.914578847666199568e-01
2.418547989890239558e-01,3.778689597762852070e-01,2.225264707770175932e-01
3.063682244135346178e-02,4.556813142166318276e-01,7.986453545581142510e-01
6.415754332528565973e-01,8.883759400340451862e-01,3.655604003936351321e-01
7.208203583050183383e-01,4.656731145799279936e-01,1.870423051912384338e-01
4.059293277044984105e-02,9.482002691447202203e-01,7.640213811113663045e-01
1.031055958435489472e-02,9.095462224239478921e-01,5.201107459515906806e-01
8.224544538761320300e-01,1.146934143509859005e-01,2.663148596620878994e-01
2.545583309133592209e-01,8.942196503552105602e-01,6.995523620276357102e-01
1.275625149343208031e-01,4.532929017609249600e-01,3.199784685492487180e-01
1.788079833686225806e-01,4.165572602493898824e-01,8.500230315118342261e-01
3.185587692649772817e-01,8.789646930718711948e-01,6.989272642517996292e-01
8.480003300891253426e-01,5.101755423480326401e-01,1.752608948905972630e-01
3.498442537140076247e-01,9.849187159579829709e-01,3.073693937166479540e-01
7.186931708387204187e-01,6.083256983279629049e-01,5.506239040669350659e-01
5.710399641587310393e-01,5.251467310036770364e-01,3.790337490706412460e-01
4.021657889203809066e-01,2.620258436137816727e-01,6.396545068160965908e-01
6.327650907150128567e-01,2.946732961387475980e-01,7.092809810486343514e-01
8.416387563102034619e-03,6.479124072560548120e-01,9.927319390575166658e-01
6.847254746352220423e-01,4.602665805160459644e-01,9.969202226660933697e-01
8.421156683735560033e-01,2.483907079220621927e-01,6.398875717489660442e-02
3.025207873463708896e-01,8.705494674133168465e-01,2.898106920466206882e-01
1.776109782950673344e-01,6.214219097738048481e-01,8.559030430223190100e-01
6.802711455903034388e-01,4.176613598894908241e-01,7.112273506559784186e-01
