9.536583106935049292e-01,1.624016750044841029e-01,4.325740340651467175e-01
6.726262089830961077e-01,9.219355980716604781e-01,6.549993817087756964e-01
9.061012706743699630e-01,1.606757492347967720e-01,5.079975736766365602e-01
2.149714445580522826e-01,7.577081212861920267e-01,7.688950266407986733e-01
8.782258589948255256e-01,4.665141136553005996e-01,6.135262728498559470e-01
2.085987978683628841e-01,5.622969615612759542e-01,5.091890346340035567e-01
9.262110620087349311e-02,5.851285805075000512e-01,8.050549361005232551e-01
1.997220270848265589e-02,7.270496611700358880e-01,8.980631200404376457e-02
7.133314913138605329e-01,4.057880843239144442e-01,4.146226726390287443e-01
2.995008709119126866e-01,1.759025454437129765e-01,1.951845384610917389e-02
2.896149809500527805e-01,5.040819495322633736e-01,8.005932576607734941e-01
8.415105768601695013e-01,7.443572580361265123e-01,3.386818113636901328e-01
3.343745806721731828e-02,3.439415907153394736e-01,4.185839909609300191e-01
7.546069449157803977e-01,8.035327900729112294e-01,3.221703923118127699e-01
7.124989219548890640e-01,4.663682160401935173e-01,9.413758151187099354e-01
1.975086777548505923e-01,2.548031692022837413e-01,3.905191951184723287e-01
6.484116944366856705e-01,9.866611855648307339e-01,1.567850050697457975e-01
5.119740552516888199e-01,9.075956166175226381e-01,8.541893210053166374e-01
8.222725060803618424e-01,3.097751492210539803e-01,9.580505373957397541e-01
1.996433394025787234e-01,9.611267021493645757e-01,7.406738418182541306e-01
5.049848602749487103e-01,8.247285602626730494e-02,3.469784491779996927e-01
5.153434067951094821e-01,2.940684483781531577e-01,3.414759116018353247e-01
7.788874713857764087e-01,9.087203458077783846e-01,3.873940716184351984e-01
1.298251997741715069e-01,3.601751868790830091e-01,1.201214446885999765e-01
1.630647677428920250e-01,3.468683807325921853e-01,4.446591571441286250e-01
7.554936554037736673e-01,8.022005272019018252e-01,3.509719800709443227e-01
2.297624430847933219e-01,5.787225709510974703e-01,3.344407489462868366e-01
1.120688150262384442e-01,2.668918121235482888e-01,7.640143477725298560e-01
1.667276934997160565e-01,7.070848516571244247e-01,4.132463148481135828e-01
3.372436985813023202e-01,2.686160809263987703e-01,8.697604097943285595e-01
3.609989719516231155e-01,6.426835942173471095e-01,1.614077182600521798e-01
5.821387225197695026e-01,7.487005923952306796e-01,6.761045763822001176e-01
7.040081058431836292e-01,2.923164945776798307e-01,8.364714417214471620e-01
4.632085900243743115e-02,5.312821302700356796e-01,3.553662617036994487e-01
8.637219287257860145e-01,9.506439971122176980e-01,1.940592432715027016e-01
8.985036908642025644e-01,7.912798672005838529e-01,7.213146683456187480e-01
9.759971302030334694e-01,3.244635238926375509e-01,6.530539484498398828e-01
7.241061933439510989e-01,8.455503519178807492e-01,3.851532555680490244e-01
5.243195802118713056e-01,1.276260701100896400e-01,8.614218073366468609e-01
9.698962305684530882e-01,5.794182906809749456e-01,9.074333992584421305e-01
2.538896187928446624e-01,2.751882906347462576e-01,5.979501013910574203e-01
6.835586193000416921e-01,2.297821022159531879e-01,2.301661461016956123e-01
4.809066164879127747e-01,2.191155834991564966e-01,3.187658266467199297e-01
1.597093675018558256e-01,7.209483614188254563e-01,2.361727171945779968e-01
7.231170164661265831e-01,1.300401577805080366e-01,1.002624929272091236e-01
5.041013716673523604e-01,8.089317725010146676e-01,6.729384206946740221e-01
7.363978622500882976e-01,6.791843913837268820e-01,8.366694862588709425e-01
8.673461025353819132e-01,7.401682330782333175e-02,7.339633175534027165e-01
9.455567263211961393e-02,8.626611117998908007e-01,6.786009023620696023e-01
8.164053889332647529e-01,1.669993516724639360e-01,9.429513500082884470e-01
7.216604923930797222e-01,4.102857387050236060e-01,9.011134786215441173e-01
9.914045327635148119e-01,6.134950928405213944e-02,1.291628979057770632e-01
2.792559094467076397e-01,9.120221382798106013e-01,3.933363553224645814e-01
5.352433864983794365e-01,9.443926850560221409e-01,8.635165281202149545e-01
8.836691636742904921e-01,8.685351003789842927e-01,3.659273838632428610e-01
8.019667167087118909e-02,7.772079102164670683e-01,4.886201712529459895e-01
2.110309104869023678e-02,3.348116258297486603e-01,4.047796133773109428e-01
6.419081159927066960e-01,7.444922795307840069e-01,8.215100232665100144e-01
7.690213764110609418e-01,8.162104014349129688e-01,3.425864033390554342e-01
3.932134880178604908e-01,5.108127042332365475e-01,1.585435848273616388e-01
8.265685802477518163e-01,3.139753030218226382e-01,9.032170118577820261e-01
7.896999658761556518e-01,1.105630630141937187e-01,8.838531864712936281e-01
7.009604376060887265e-01,9.655973189949894619e-01,2.041225420135327484e-01
7.616181304594539236e-01,1.843399038273566548e-01,8.224656334638056343e-01
8.844691331070121398e-01,1.663468497071164398e-01,4.703043689845103348e-01
9.276093234408167021e-01,7.252291991755832612e-02,9.078755070859145793e-01
1.843047858643311887e-01,6.933683630790973274e-01,4.673922761860155317e-01
2.254884055227573958e-01,8.305369709426572156e-01,1.252558286119720421e-01
3.510784251657124155e-01,8.363806541924915239e-01,5.283544123260240921e-01
9.122685427366569177e-01,3.843880402102201055e-01,6.894624246344054352e-01
4.603721662142502558e-01,5.663216084408828621e-02,8.043956412624876373e-01
5.015481343680424642e-01,2.670489280537857724e-02,9.759310859108605296e-01
7.552791949356906231e-01,3.966344734885790535e-01,2.687130161227868630e-02
4.331752031055879915e-02,4.044537317206128302e-01,1.534632308458567795e-01
4.353725128346539464e-01,5.705913969881595271e-01,6.669516489734285125e-01
7.673366617747118257e-01,5.454499201718998602e-02,4.515972857296821630e-01
7.379467870241877003e-01,5.761586085176716443e-01,4.610664606499079721e-01
6.423363402621903306e-01,1.240691371037953017e-01,7.717804529106812028e-01
5.190144943718298931e-01,8.826812434772336458e-01,3.798053172750261997e-01
7.156188740697592143e-01,1.445953305736261685e-01,4.082376412540287269e-01
1.370755884963448246e-02,4.458043318121871490e-01,9.226268770534759023e-01
4.183638000731615403e-01,5.358223523431338009e-02,8.831520747904577640e-01
2.393872755977284328e-01,9.221879605470442165e-01,7.065339465618633019e-01
8.978418517382165120e-01,9.062584318900505087e-01,1.535988031685973088e-01
9.426771937094098330e-01,8.718808511516020765e-01,4.925531211191050973e-01
1.472532085974138649e-01,3.487615321190059570e-01,8.223326709516465272e-01
9.071969334995750867e-01,3.571768089688467374e-01,6.168283154307446781e-01
6.398769178676135816e-01,3.866318540678812532e-01,1.900130760992713164e-01
8.887570168436160767e-01,9.850016305854044640e-01,3.641513174791510821e-02
6.746380409734575867e-01,2.355738942698551996e-01,8.298150408235975828e-01
5.801031440810399120e-01,8.832758124728660176e-01,5.158525117725710762e-01
6.232480222486004307e-01,7.655291053023656200e-01,4.516811008776088210e-01
2.637286580222908405e-01,2.973109276908499909e-01,3.152949355759617767e-01
2.422577787436037688e-01,6.448061215187307349e-01,3.298289152827541537e-01
9.744218320937725331e-01,6.303350563618058677e-01,3.089398194830972333e-02
7.752509343472779868e-01,8.183114344802152607e-01,4.171208658277497650e-01
1.784355108682077473e-01,6.190923367656244736e-01,5.781374839119685083e-01
7.493497116678022874e-01,8.000620254823641586e-01,3.721621687466901696e-01
1.032078781879264273e-02,4.362230037940770799e-01,8.816734925898707109e-01
8.300812851703932571e-01,6.592418651541618324e-01,9.698582978844656477e-01
