6.969627553441357648e-01,3.781018818729035003e-01,4.258699770747025326e-01
4.697247291458230833e-01,2.534517057084283431e-01,9.303306504025716794e-01
4.888087480676506225e-02,3.616553313177344187e-01,2.212561248313107409e-01
2.728722855901140054e-01,5.585323883914141696e-01,8.014381022591343662e-02
3.370227999460110313e-01,3.288397704766821139e-01,6.147357837671565406e-01
6.789442607205735669e-01,6.927495551656424055e-01,1.948737436821779134e-01
7.468092533396422095e-01,3.650314186989711551e-01,9.133302963090783599e-02
4.434507585931227736e-01,4.147254601162871923e-01,9.679699399987520270e-01
7.086926476293187172e-02,6.665555592486546166e-01,6.985148582008543494e-01
6.320445682759285866e-01,1.195765567447941713e-01,6.188289781955145230e-01
7.272365558862368129e-01,1.899111151102201855e-01,6.376034695103734995e-01
5.684947995196362180e-01,8.474101389783535998e-01,4.052853378383876048e-01
6.537542788001999838e-01,7.670533822412879399e-01,5.877110860329641806e-01
5.081049807472891588e-01,5.836255017155180802e-01,9.337679880080257400e-01
5.740206356148196409e-01,9.671222584187283422e-01,4.528660145983629537e-01
8.305902003055413152e-01,3.460313378011924401e-01,7.989952450392797667e-01
5.055247494002452768e-01,8.380170594485654156e-01,3.121263324980186882e-01
5.688999989965796145e-01,6.636804208646837067e-01,4.919749884625974623e-01
5.445157645479031805e-01,2.482963115027870815e-01,4.737871870121127538e-01
5.490186447868298236e-01,2.050094112334968077e-01,5.396902992075567340e-01
2.789007924329680588e-01,7.663502167288415157e-01,1.703893433379172206e-01
7.668822348830942603e-01,3.201279575686933887e-01,1.725048045022893328e-01
9.575439711962622225e-01,6.793562519056057791e-01,2.601395908424148917e-01
5.958205822334534663e-01,8.244762261416850313e-01,4.581671414188246416e-01
4.101174307402233321e-01,6.680815825219481585e-01,9.617254693652429465e-01
3.918533700093396188e-01,1.899809037507392828e-01,4.735427819950230877e-01
7.444762700258772403e-01,3.411572115652280468e-01,3.400248559566112494e-01
8.705166862219777535e-01,5.283256298943488360e-01,7.629980749726084088e-02
2.231336027385828480e-01,7.880443561894856508e-02,4.272762831891646629e-01
7.480487521158469821e-01,7.128661732864000067e-01,3.114134684963287825e-01
4.519364600667463705e-01,1.378363215647621098e-01,8.390829234209151721e-01
4.093995508067616029e-02,1.370515030368442133e-01,3.202066119134168165e-01
3.588572786160647565e-01,8.705917912870201336e-01,3.246085502872234629e-01
6.607951235534392787e-02,9.069575885334059118e-01,7.838589308842278669e-01
5.987636264502095296e-01,7.991435958094330605e-01,5.186325127565878379e-01
9.852670367666700457e-01,1.656129354649982233e-03,6.951674334038492331e-01
8.760302425500134937e-01,1.666705797381514698e-01,4.165784675987094232e-01
5.038037480731427653e-02,2.964139826799049304e-01,1.316985977992741752e-01
7.035242687912076631e-01,2.126416996475165577e-01,1.437664315110245283e-01
5.617961982318097069e-01,1.785619302176356671e-01,2.721924692054900063e-03
8.668013875378036692e-01,5.748508530301921216e-02,5.236659125189434549e-01
7.720677423079684853e-01,4.870384260095889095e-01,3.136298962752065433e-01
5.972325992633327196e-01,2.232342409915900605e-01,8.694403480297441256e-02
9.773252606616761318e-01,7.912361169963721963e-01,5.237084053826953634e-01
6.157995551842038173e-01,5.893568688415610213e-01,1.788715629995084599e-01
7.983087991011662554e-01,8.448475887960416042e-02,3.273417951368928769e-01
6.370961274313846623e-01,8.475838936214816766e-01,2.604612984914805862e-01
5.050563542761247193e-01,9.833879263731483134e-01,6.568435760917838984e-01
9.781142332533880879e-01,9.486379096325030513e-01,3.223118031802237882e-01
8.013273157530961255e-01,4.680538945038453802e-01,2.119441085222110166e-01
8.903348767468135527e-01,1.009591056275173093e-01,6.548694341980957345e-01
3.762111339763459794e-01,8.609053660816359255e-01,4.622261229695057150e-01
6.716032515778280754e-01,8.656215960642701379e-01,6.774766940807378512e-01
2.782787265200274973e-01,1.851964935724077499e-01,7.163522711604536353e-01
4.255514917310569967e-01,7.359596652723932042e-01,1.256916103181361377e-01
4.604180936870664320e-01,6.421421209876245761e-01,2.038205867090143730e-01
7.509166220356325860e-01,8.510122982512465795e-01,8.216527924026537644e-01
1.746616147894959337e-01,2.355926863858359699e-01,7.207541589264186976e-01
1.739023098725608341e-01,3.699407966983430107e-01,1.116344373800998158e-01
9.268227026278640368e-01,7.766677537309144563e-01,7.636799686965464184e-01
7.731929172737684874e-01,4.995703251557174207e-01,3.528839170083358789e-01
4.006338929567966334e-01,2.314952915016784685e-01,4.309041681228348297e-01
9.474163389149115044e-02,4.862359722599828293e-01,9.450053491799403904e-01
5.930003995960568819e-01,5.392525706083313164e-01,1.418872371006538735e-01
4.816052762833247236e-01,8.929702972129285321e-01,8.729214067891012396e-01
8.208601663719748975e-01,1.356775714862457072e-02,7.015253473174927201e-01
9.071537657805852639e-01,7.707862712011278594e-01,5.615738699580085092e-01
5.200479417918850711e-01,4.774432399549243256e-01,3.756555889107193735e-01
9.744431585513566585e-01,1.672504853004718184e-01,9.768273914946743464e-01
3.346161551299429160e-01,1.959093179958746322e-01,7.262736751295073567e-02
2.881355547760751090e-01,4.496024846468841263e-01,1.558291191391156794e-01
9.479882474880001464e-01,6.138091087162761417e-01,9.688760937017596442e-01
3.982880550899317029e-01,6.501727224681986828e-01,1.103145246874280838e-01
4.937373612507104381e-01,9.285992680727155335e-01,4.469925634550112603e-01
3.891545347275132682e-01,2.997184460282025231e-01,2.091890760316740261e-01
9.818959299418195119e-01,1.389989832216201870e-01,2.239247860105395560e-01
7.920314534510468629e-01,4.127474842406333444e-01,4.452218250043069592e-01
7.059175991508236381e-01,1.878831597318783020e-01,6.822258161548404587e-01
7.616936006279410032e-01,6.363833838964411127e-01,4.516351743955850928e-01
6.239070926280222418e-01,3.885087008429692901e-01,6.763116919891885015e-01
2.904491017713765055e-01,2.928381276112903553e-01,3.714728905778620360e-01
2.306518444994041239e-01,8.923180433140619483e-01,6.307581575226849369e-01
9.220783725621165550e-01,8.285986971489236463e-01,7.684194101330618087e-01
2.413351077205658779e-01,3.737138837788768209e-01,9.316849286425710197e-01
8.042052894258865381e-01,3.322496040190918709e-01,2.175212856277310980e-01
8.384148431041293925e-01,1.715635893366881382e-01,1.655030261801758718e-01
8.817721590091044392e-01,4.505922156301997994e-01,9.879167536434292352e-01
5.560306973357488358e-01,8.746639105622318056e-01,1.644718993743172764e-01
7.376718407270124178e-01,7.985600993143475712e-01,1.445844563242456582e-01
3.925523429501146522e-01,6.041842207379077845e-02,6.726675123992902350e-01
6.938565458114315243e-01,7.638790952384576505e-01,7.433742644335594729e-02
4.855004338403252628e-01,1.995501407887980694e-01,5.694547319550429254e-01
8.929128783663849989e-01,6.111190436542121018e-01,8.520120619628640535e-01
8.620501674516386492e-01,7.760612794375437717e-01,5.566093327657790635e-01
4.994438999127547296e-01,9.387644889316792973e-02,6.926236610858631515e-01
1.006472916699088227e-01,8.670864136720524140e-01,2.104701132980695277e-01
8.637509731212145159e-02,1.385442936866155828e-01,8.846221169567782816e-01
4.081839144924714891e-02,3.601139797884784777e-01,9.264744056038419773e-01
4.490056518335066027e-01,1.667344243774956380e-01,4.944350547849220012e-01
7.326522407079248955e-01,6.480624249609598930e-01,5.000881129981092910e-01
8.736632841235499880e-01,3.322011005240728121e-01,3.596462232923527402e-01
6.253449302697930978e-01,2.934046622187523878e-01,7.583752591160232148e-01
1.859651461872567912e-01,8.538617792829205078e-01,7.898854151398319035e-01
9.150138104063206823e-01,9.081066884775004233e-01,5.129027729782150713e-01
9.442668681398033170e-01,2.589523097705227483e-01,3.058437855103671721e-01
3.340707549968187084e-01,7.523463456246440861e-01,3.082775074660834003e-01
1.698975652731906649e-01,7.611669631929548485e-01,7.140537816999487086e-01
3.826643838085953542e-01,3.942185553123903619e-01,6.537997331359279851e-01
2.379967968108029908e-01,8.489440972860895496e-01,8.943473950833173980e-01
6.418745428004215547e-01,3.173903102227910722e-01,7.280569741684522755e-01
8.306772139280041989e-01,7.357587312198190510e-01,2.693501837736675952e-01
1.167142876701242615e-01,5.715534961126487179e-01,2.927973865448079138e-01
8.680302986376364771e-02,6.721416089728325938e-01,4.866492566084810178e-01
4.051082047941377828e-01,8.165260252343330416e-01,6.716531413352896385e-01
4.192932393815989034e-01,3.143660095291238576e-01,9.915938276401997653e-01
3.559501528139633608e-01,3.446507216567896714e-01,6.247679738170458519e-01
1.961894392267605758e-01,4.686428301483150927e-01,4.513771863215337854e-01
7.433853102653010803e-01,8.040869658759119964e-01,2.108971025464470017e-01
7.493196355809580433e-01,1.308676076128556520e-01,5.115732934759715800e-01
4.241962769016495161e-01,3.725746092283298561e-01,3.019533922574781926e-01
8.982957839680438816e-01,1.232161144274019904e-01,2.423710854667020520e-01
9.403826964998800442e-01,9.122205506302687450e-01,1.586884332820130972e-01
5.149314720275544044e-01,8.827822883974846269e-01,8.880293492883430950e-01
7.445203362538217462e-01,6.540507195101351590e-01,1.772055156118920172e-01
1.076072649712960239e-01,9.835809943709523662e-01,6.514637726166478959e-01
7.619657557176466867e-01,3.322503045275256861e-01,1.832054415693085136e-01
9.822017152976338927e-01,1.153715507685857400e-01,9.514038117617223955e-01
2.846141314021913837e-01,9.437869314804350207e-01,9.223957724293266880e-01
8.425399715971877423e-01,5.406595272765842841e-01,4.853241132127673607e-01
2.990177590358895632e-01,8.615849888069964102e-01,3.475405181677684308e-01
9.528939434790194563e-01,3.132207492994724118e-01,7.908919128725395709e-01
2.795117476479103136e-02,8.494903019387702869e-01,7.216253703132913255e-01
4.999687200467896053e-01,3.478033157686835075e-01,2.617130698907617070e-01
9.723220687249830574e-01,7.542806555719822059e-01,9.710683786631559844e-01
4.572719131972147188e-02,6.844538932909294271e-01,9.078600926558538786e-01
8.500260585222545462e-01,1.983079167858257108e-01,1.984298838191096426e-01
7.525460163538018055e-01,1.178123276446031431e-01,7.638881771933475617e-01
9.479182276671604956e-01,5.554352784043146141e-01,5.056237324334990069e-01
8.011784890658468772e-01,8.401921582790699006e-01,4.189291304976068275e-01
7.335557005727155744e-01,1.959823569518530650e-01,2.214293113853202932e-01
4.096737414755314832e-01,6.132822998411792126e-01,2.628879183657666374e-01
1.472472585118264066e-01,7.527129890543515778e-02,9.868697792428681170e-01
9.299156459764665872e-01,3.751762173587206428e-01,4.541655580299904793e-01
5.394000444661822824e-01,7.487721152187399865e-01,6.461028289912289502e-01
8.710419064700060110e-01,1.958793855519718186e-01,5.357171369602938826e-01
6.400262295266634371e-01,4.424975138489941617e-01,5.489135081543847772e-01
1.813995816821715179e-01,5.381191452032983991e-01,6.853588576505298402e-01
5.880641297905969678e-01,5.061412276597521132e-02,8.631718847436357089e-01
9.310128647296902482e-01,1.917987555383652287e-01,6.353061571764745397e-01
3.526865112210486597e-02,1.741414919117163507e-01,2.931012999686573028e-01
3.984117895937769882e-01,9.888859587893742420e-01,1.564395366913401419e-01
9.985345778701563146e-01,9.464494124860634017e-02,8.095667636452409388e-01
8.364720429405166913e-01,9.148667422510362579e-01,4.648808810284663640e-01
5.726463912093204822e-02,2.884925024579264585e-01,8.604480386400282788e-01
3.174388645039566414e-01,6.277009893340346203e-02,9.000335845675278001e-01
8.507462918269795837e-01,6.503654363923058179e-01,4.410359935188468139e-01
3.154118081315062661e-01,8.694039471587856616e-01,3.302163470067488449e-01
6.237287143380166876e-01,4.968969246218912783e-01,9.056552822282768478e-01
7.265644660316928904e-01,5.586338801611130389e-01,7.935825239193544656e-01
6.974014752113527615e-01,3.194466071716247635e-01,5.074475306174126565e-01
1.332093226373568529e-01,9.069897129599591157e-02,9.955713062010174141e-01
5.266080365959343590e-01,4.563483042878960783e-01,8.947596381958933254e-02
8.255661644654430642e-01,8.699043144808132899e-01,8.077460713912242296e-01
2.586874810604220531e-01,7.158592063356783441e-02,9.548513658034106788e-01
7.841552994398435228e-01,4.244212905906443734e-01,7.766179403726846120e-01
2.218256227329765684e-01,3.991450126005215981e-01,2.520847931451806190e-01
8.199338272465274136e-01,7.099726685644069946e-02,7.121496011190971975e-01
1.740419978390247424e-01,9.891051666722661118e-02,2.422348453945316615e-01
4.176114421417163047e-01,7.962640855957561214e-01,2.711489268007251097e-01
9.000790940591789635e-01,5.667773313724602247e-01,5.949574216737726351e-01
8.950309192376446621e-01,9.476300851798058478e-02,6.435517193010030779e-01
4.225083899584046732e-01,2.480355133099688691e-01,8.069757878072344459e-01
8.881777176636089788e-01,5.272614443184694411e-01,1.138834092269881415e-01
2.630888697337017135e-01,1.526426301288460463e-01,9.654557584889831290e-01
1.934521462742548881e-01,1.695325671313954174e-01,6.548470335733279635e-01
1.150169509966496584e-01,4.788906363705842661e-01,8.650924462569522522e-01
9.605375413132222207e-02,6.960597693630365956e-02,4.227939197586569886e-01
3.407643110059777047e-01,4.754366418790595405e-01,1.257184818495205025e-01
8.566985944814866638e-01,9.961424257075446320e-01,4.966006659686970082e-01
6.089293230717102157e-01,3.479010883576092450e-01,6.942722685488333934e-02
5.425629633124414708e-01,4.152792340405546678e-01,9.591789990974131097e-01
2.922141072960918740e-01,9.210619080879297593e-01,4.298183608540706580e-02
2.540167290930513966e-01,4.029299493913851560e-01,1.705646273099580279e-01
2.048921877888952858e-01,7.424342655473659125e-02,4.561705529283714977e-01
3.188674311455317323e-01,7.097405984887894537e-02,7.143570182305429839e-01
2.544781699636027295e-01,2.350231597865694022e-01,7.178260676831836884e-01
3.432256887689258962e-01,7.743553760401922226e-02,6.188255212440160191e-01
3.920248441512175219e-02,8.119404469048406847e-01,9.792291069643991319e-01
2.699549068468641844e-01,3.543522305821977803e-02,7.745469034579567369e-01
5.352054139958686285e-01,3.667381228260901960e-02,7.225648217644742299e-01
7.106972838683237592e-01,5.221157347931681958e-01,5.292741228177818558e-01
6.879854272771578350e-01,7.791311061122189185e-01,1.354152991651332849e-01
9.002875054283492329e-01,7.243387296072556492e-01,4.910238228678284189e-01
4.865381629639272676e-01,9.561138717140246213e-01,8.136633366831286240e-01
7.958154865761370989e-01,2.964723797011443729e-01,9.039009496434187163e-01
1.649736180270321428e-01,2.135474629109834765e-01,7.056730404764510745e-02
2.906803903286097057e-01,9.837954243734675641e-01,9.899528444856603437e-01
5.338777442413461527e-01,7.853461359810254283e-02,5.044741031093313843e-02
8.880831192761484694e-02,5.949856755456228719e-03,4.237420447016807534e-01
2.535920779242968326e-01,5.544708113298932872e-01,3.777279699542996916e-01
5.613755138233832431e-01,3.932004050267110529e-01,4.574518398692173360e-01
4.952202271245988996e-01,2.546194576707041524e-01,9.691977326618032018e-01
7.820575108741010251e-01,7.049760246235432515e-01,2.532683802784085891e-01
4.160068037470354696e-02,5.923405115091249229e-01,8.868881386727234251e-02
7.469017884436206511e-01,4.848877518223715377e-01,6.599006137565456287e-01
6.906656115633897919e-01,9.637080089646741232e-01,5.439467582363928244e-01
1.375260109089401217e-01,7.444744679160059109e-01,6.153114637507244300e-01
7.895932529377784892e-01,2.072575591460089628e-01,5.003930191565459928e-01
4.143284508997883142e-01,2.951830392873874276e-01,1.190115436142742400e-01
6.583519234267133369e-01,1.651394127290850555e-02,2.302376619778178091e-01
6.009829317770585266e-01,9.359638191490325942e-01,1.510586876082383734e-01
8.217221393402829310e-02,7.088548363906888028e-02,8.937114311368449249e-01
1.627213323524004940e-01,9.449450419468752305e-01,7.645510075246626513e-01
4.986593505823329053e-01,7.647341559659335264e-01,4.428651326180031988e-01
9.854466572227463805e-01,8.389239904458218877e-01,7.869300703057987567e-01
4.643092796091533581e-01,7.195321336907608556e-01,6.772812321675180103e-01
1.525484749358729797e-02,1.222134535217577200e-01,6.251395689752520246e-01
3.031277336911394338e-01,9.427989412689450344e-01,9.997859485969780025e-01
9.631521848287460941e-02,1.956647597260448013e-01,8.287380834729345391e-01
5.387792603422991711e-01,7.092828217327631357e-01,4.072325153329465763e-01
4.289971987011778065e-01,5.096324848679388841e-01,8.642825512393794707e-01
7.401806778065551651e-01,6.289335824243091899e-01,3.469924751664189566e-01
6.939958393498049105e-01,1.705900574621286303e-01,1.141947604586508458e-01
3.464772724582027008e-01,4.054038473477771243e-01,7.343026374587032779e-01
2.538672499877614452e-02,9.091148734310057211e-01,7.650437702761592185e-01
5.177888414009945706e-02,2.835536694568602245e-01,2.965481199960686709e-01
1.868181075456943896e-01,3.490748894835903338e-01,6.127849483968760280e-01
1.221959528650108373e-01,4.865169413976266899e-02,1.465934728282372035e-01
4.550806039758881205e-01,6.202453013947623051e-01,7.837349209650048554e-01
9.168540961236574249e-01,1.505582538596998976e-01,6.724225978472050391e-01
1.474945446393715054e-01,8.834486475986621512e-01,5.474698950810186204e-01
9.584191055498033629e-01,3.978345181834769262e-01,4.759882743931980187e-01
5.774663762845717585e-01,4.786257810312494199e-01,3.748468515431804260e-01
4.786457882471060188e-01,4.876622429275648818e-01,7.706965474561964236e-01
4.294411863988418787e-01,1.598457787438791744e-01,9.920500649334793586e-01
9.575221757112065690e-01,7.588546213335017887e-01,2.613263818589984799e-01
7.590904347927482920e-01,7.175467858234761964e-01,3.186136358210684971e-01
7.977455703595600633e-01,4.182861331829005325e-01,9.290179152866340218e-02
3.323390815833431322e-01,4.317439329863034247e-01,5.243718914698006772e-01
1.628766705264769188e-01,4.569593624798709008e-01,8.046338824357097685e-01
9.413057097362504955e-01,1.672119694639064846e-01,9.447305975573995207e-01
5.386756911823294969e-01,6.300147646778778698e-01,1.135188965468625355e-02
8.912723261743350500e-01,6.543715517141884819e-01,8.898497226261657955e-01
7.005420072189982861e-02,5.346295593242617050e-01,1.135664565726957065e-01
7.984893889731748962e-01,9.962438185876943963e-01,7.249172817904798727e-01
6.970279604959938036e-01,9.368554416686917241e-01,5.362960998241100841e-01
2.169388331456324481e-01,8.090588910916495236e-01,9.712989670649344598e-01
5.339005060846367945e-01,2.371189041240199247e-01,3.368280389385285289e-01
3.217144481710834114e-01,5.485256807188798600e-02,5.948745749262287497e-01
6.290674915764349340e-01,1.504852453504149645e-01,5.427359430058349421e-01
1.906677732911654655e-02,9.188253820605765121e-01,2.877372426633248992e-01
3.691029172619391119e-01,3.660071740464176937e-01,2.343555237175112271e-01
7.300416020265179107e-01,4.127549861790696939e-01,2.126302320390938139e-02
4.058502065619316035e-01,6.800851161203033124e-01,2.769888045884216776e-02
6.588854128909270580e-01,8.255607741576276304e-01,4.584485379480878198e-01
8.788335071665186460e-01,1.135043373852306914e-01,5.104120127654360184e-01
9.789409783257572162e-01,3.061331206331078247e-01,4.510029982538956705e-01
1.300850464553618968e-01,3.510534821326610766e-01,5.692592012373801635e-01
9.638834618655328645e-01,2.357938790233793380e-01,6.915318391161454636e-01
3.360789364159244563e-02,5.155435445802358796e-01,7.655363701058924830e-01
5.947134445217967524e-01,4.504724682710558037e-01,3.069603910039203631e-01
8.765527852229905159e-01,3.439985495613728794e-02,7.196955464070815545e-01
1.691925898336767986e-01,1.534000639871586635e-01,9.435525763702306001e-01
8.439996096734847519e-02,4.080786200831065802e-01,2.814387277773021667e-01
2.293263810420653748e-01,1.219318525700179290e-01,3.213218805929404231e-01
3.937753194409698843e-03,5.986610342464706580e-01,5.303251329527618463e-01
2.056439474623467101e-01,2.170472382318047178e-01,2.499797455092471754e-01
2.029714921241784209e-01,9.005636957585626545e-01,5.121626254311616444e-01
9.714921389873102386e-01,4.939851760961606608e-01,1.615169360698137657e-01
7.113454115891750806e-01,6.650434673063456703e-01,4.875998980871135702e-01
9.792544651332468764e-02,3.788339758502045074e-01,2.623297034388982762e-01
7.077100611755844373e-01,5.971283286965445303e-01,9.458921156643741446e-01
4.239465686595793592e-01,3.943059802495874067e-04,4.805131258276394979e-01
7.388758447768938309e-01,3.680006397360630066e-01,3.893186243262422019e-01
5.111658129586449384e-02,4.601947461408048001e-01,2.126329301531363347e-01
3.362392030050218583e-01,6.376639361001634754e-03,4.214361995082634982e-01
3.357161629024497662e-01,8.738931554200017882e-01,5.518792574041138099e-01
6.792466217777813897e-01,6.344859880822031339e-01,9.467501498652441949e-02
5.162024637922126846e-01,4.838629445997242318e-01,9.119182366332407863e-01
5.077996293963538132e-02,8.131748087704143702e-01,2.177497848311482631e-02
7.889981183607135407e-01,3.717872359398712856e-01,4.322009206017973781e-01
2.297952764602044784e-01,3.911502736394921742e-01,1.998215611457840879e-01
6.450673309625208907e-01,3.984285217384764266e-02,3.470624588442311476e-01
2.276699561097643709e-01,8.856166382575081375e-02,1.849724102514491708e-01
4.509575394229090595e-01,1.680806828891888705e-01,8.451323915727997349e-01
4.001424703091926993e-02,2.679459427482128175e-01,1.461318471523554985e-01
6.152926514262678781e-01,1.598474633235729137e-01,6.359799230349499899e-01
5.532553554178323285e-01,5.053131429690946863e-01,9.027337025062744935e-01
4.882748053282573997e-01,4.107749238829815353e-01,3.169071857164100781e-01
8.767118996749152515e-01,6.873537229480853883e-01,3.555354479610572938e-02
8.576923322586935683e-01,2.549371336934808108e-01,3.819493123954048608e-01
8.789125257045612427e-01,7.554120537543885794e-01,1.295887271612995439e-01
9.171835967597320449e-01,4.055307611130025691e-01,9.851175085354297867e-01
9.334816814432402854e-01,6.569654794316628355e-01,3.534917329628798344e-01
7.460744829173485693e-01,5.859279642637866825e-01,8.261066556411313933e-01
8.852448652961005804e-01,7.047154725768395300e-01,9.165191083791901505e-01
5.130250755898382309e-01,6.634271441526675694e-01,6.941296348332488542e-01
9.640263767796815042e-01,6.684650076904996574e-02,6.578004984820901013e-01
1.477229725246103076e-01,3.131331630243027186e-01,9.471776471511648143e-01
9.530914154419105611e-01,7.970325397041011506e-03,1.604465971683395331e-01
2.038531130467600150e-01,6.433366542234757457e-01,8.613754019978437926e-01
8.505547785056251087e-01,7.577254705242122412e-01,5.978361307730346574e-01
4.581173475482972490e-01,6.192444173232052318e-01,2.044327179950385931e-01
6.706828760048403337e-01,6.739431159244863023e-01,2.881661144297764654e-02
7.254541351998730070e-01,2.191927182293706977e-01,3.499610754194905082e-01
1.485363990656529687e-02,9.522380991759362701e-01,1.386484723666022711e-01
6.065939379415485888e-01,1.683530136151301093e-02,2.928017321199901657e-01
8.356749668619578575e-02,7.539282552664772208e-02,1.835957820482704284e-01
9.047171821480277654e-01,3.075451023113132676e-01,5.729234671474655594e-01
1.436081383761038666e-01,3.131187186346736651e-01,9.876136514855262671e-01
4.670805941993084742e-01,2.895309107580860131e-01,1.065103859760389016e-01
8.453214214821979100e-01,5.211540031373427251e-01,3.602594700423932261e-01
2.553328218379812276e-01,5.903162123452962984e-01,9.053481215363323731e-01
8.277518118267117586e-01,7.569744176211521403e-01,4.847257974401628644e-01
7.912178547446752086e-01,4.867368152130681080e-01,1.415144082880966936e-01
4.516979746307384636e-01,5.273231755464228288e-01,6.943760981331341675e-01
4.229197272366922444e-01,3.470812908851811374e-01,1.987898290460412554e-01
2.287611921717449537e-01,8.260517686987336461e-01,7.661931433550486226e-01
9.658170942548104376e-01,2.637064283609096282e-01,9.871294323304857787e-01
3.312776230664975508e-01,1.194654836432733624e-01,1.759275860887713483e-01
3.055680374764615514e-01,7.787838130575287510e-01,9.920914076645517277e-01
5.025547278301299992e-01,8.234251237882087571e-01,8.144011452670166795e-01
7.829812627773402589e-02,6.814501522882885354e-01,1.730649246318338719e-01
8.165152827699528881e-02,5.881589621923626332e-01,7.734501523730380468e-01
3.901695849046142861e-01,7.908735918035321166e-01,7.199529456142672590e-01
8.863561371406629696e-01,4.666571751744186258e-01,3.505907828170639062e-01
7.246286045156402622e-01,6.507769327314124608e-01,1.851629001864983914e-01
2.013570644678526200e-01,5.855579448527549191e-01,3.986451505334170919e-01
3.417095094806039679e-01,4.276072397727258556e-01,7.433320076317909697e-01
2.053363500164533395e-01,8.169068708204563212e-01,1.375334763324694842e-01
4.969040532639282803e-01,8.926429021962750676e-01,3.079479930850865799e-01
6.742687159216964599e-02,7.389417244100262572e-01,1.252178726822891219e-01
5.949475764201228589e-01,2.429716424170557110e-01,8.912505653354886315e-01
4.484353773136572352e-01,8.786398123358960532e-01,6.188449962242265068e-01
6.180978374748549165e-01,6.221923785024872089e-01,8.995563406173201493e-02
1.000190001102395643e-01,9.843075387633726248e-02,5.303538775040655961e-01
4.008027236780891123e-01,9.369184990424861414e-02,9.368685625234988157e-01
9.088124709534572965e-03,2.086229426609611526e-01,4.466445662422608986e-01
6.958594008004010956e-01,8.355725281167178942e-01,5.602707099799030255e-01
4.324037393677091501e-01,1.126329970802893987e-01,9.726756409873327236e-02
2.870877899967492208e-01,5.122175552374375052e-02,9.486984381824791202e-01
1.796951949711448338e-01,9.061326428781719677e-01,9.538047358161956257e-01
3.351728453295024224e-01,8.294788794868022119e-01,1.690184197000321742e-02
2.171541222072107535e-01,7.036975502154526607e-01,8.622669281755083182e-01
1.340476313145988474e-02,7.145591985531032364e-01,9.547539017695646502e-01
4.189935911677130642e-01,4.561789637658358876e-01,5.599976028055340116e-01
4.142514473007490317e-01,9.378558953068307780e-01,9.394490347602668656e-01
9.481365447490736065e-01,4.225104111927742156e-01,5.094513325222177480e-01
5.611287291969115909e-01,5.857603963861324203e-01,9.090238867538511514e-01
9.038100800267121482e-01,1.602970850228822020e-01,8.605143336028417966e-01
2.621187334535832747e-01,8.092332965954543988e-01,8.172681530798688865e-01
8.076881993401784365e-01,8.480215190873423570e-01,5.719508323962863017e-02
9.638087790163404334e-01,6.080866430025062552e-01,9.030482006148147223e-01
6.527944300264981736e-01,7.036450695147866696e-01,6.424425378746133619e-01
1.945133491262919234e-01,2.223466181993704049e-01,2.183412823641039946e-01
9.898048119881253104e-02,5.242694969359787960e-01,4.457223757362407390e-01
5.410154189711667838e-01,4.502900601400439129e-01,7.702473492202992489e-01
8.027672344714913422e-01,2.715217899522814893e-01,3.717584160825795347e-01
1.037035535907534500e-01,5.607092129408227654e-01,8.956278053993141919e-01
7.052492597749756564e-01,1.774965398044097142e-01,4.922085353263659924e-01
9.744004164407334967e-01,4.602999004950447670e-01,3.776611841530788105e-01
9.132098176505584197e-01,7.612436933511038673e-01,1.879471583417303693e-01
8.664148122136747787e-01,9.964795367721224206e-02,9.072499013891840436e-01
9.155037584063354661e-01,8.032146400811647213e-01,1.876510087881443356e-01
1.723865504291107742e-01,9.226935039352922585e-01,9.408569772212215243e-01
1.803039749998629482e-01,6.999957422840427101e-01,9.554130429195996088e-01
7.489287656390265502e-01,3.130945480852569407e-01,5.563096373379290416e-01
1.436477713117179089e-01,4.556460689926239427e-01,3.141464906832108772e-01
5.277314739019346446e-01,3.903920687199171624e-01,9.508172984683214146e-01
6.290052654865181392e-01,6.751387830740986917e-01,5.674044770094490708e-01
1.458144835561102637e-01,1.202559054227145818e-01,6.066199366543383320e-01
6.794537545033400017e-01,9.363014878224457105e-01,5.441676597724798281e-01
3.791857869490848909e-01,8.187968260895561734e-02,7.920771891655582486e-01
2.948423729425924122e-01,9.490424802219570299e-01,8.764129195751656498e-01
1.619812843811155867e-01,8.390102634498970424e-01,4.764699901927782477e-01
8.750982088058869568e-01,9.811771027405377099e-01,3.983587200498447389e-01
3.900027542075924503e-01,9.181535942064217304e-01,2.082847990720437803e-01
7.542650618245877459e-01,2.586196065957978574e-01,5.082038454924561188e-01
2.482330739953615417e-01,5.549392298050935812e-01,1.446946395257031615e-02
7.545624842921833109e-01,3.799190876720941468e-01,8.901250079436395790e-01
6.432626538659967919e-01,2.885995698184939950e-02,7.145003193641085160e-01
7.055296549161443886e-01,8.676353298025928362e-01,4.881413617059986443e-01
7.959707473995584204e-01,8.377501494705719143e-02,7.415340520388206125e-01
6.040255722041912856e-01,1.415303913571201999e-01,6.645644218658814939e-01
3.224049647714507527e-01,3.282524084779647744e-02,9.363958434180553736e-01
7.822376400876076552e-01,9.206301991402779938e-01,1.317925710627487756e-02
1.051852047247793243e-01,4.177873073972511175e-01,7.151889689714295839e-01
6.605733163979109479e-01,8.027300068151712598e-01,2.882953311267500984e-01
4.096280683917498111e-01,7.268002298180533671e-01,8.318357561325040450e-02
5.867066232207762688e-01,3.689691140477625586e-01,4.874221326791646769e-01
4.446496915673922024e-01,4.533588910818623363e-01,9.560459209148949311e-01
3.954653155087377581e-01,5.537232340064619507e-01,5.847528651058482296e-01
2.152743420416314279e-02,1.315133051759020955e-02,8.533238146717369021e-01
3.016778206383027294e-01,2.551772759664232559e-01,3.270392916474225142e-01
4.645068970216090776e-01,7.475441001008054087e-01,1.629123394108652478e-01
9.376435249742282041e-01,7.338459699195595265e-01,2.298589985869436969e-01
4.027306205865579525e-01,6.088311924242240103e-01,1.911398181273744612e-01
6.515798601074731522e-01,6.184555967996611114e-01,2.084163641620236929e-01
9.381301490988155356e-01,8.333693087378990505e-02,6.674506196574014893e-02
8.861596164534678577e-01,5.194043822652479880e-01,9.303594079046221266e-01
9.037012608861922924e-01,9.842816152895306203e-02,6.887973008908682138e-01
8.781452040341145571e-01,2.639784823855597651e-01,9.781749643107656711e-01
9.948493022604909530e-01,4.138736236561012527e-01,4.727107870479142493e-01
9.273603946313948576e-01,5.433975666976521568e-01,6.152487991845626558e-01
8.736880226648917613e-01,5.563456070008854226e-03,9.488958085848908652e-02
7.978088049170903862e-01,6.518111169694270624e-01,6.868654044155955152e-01
2.473738646657572815e-01,8.882809364298061006e-02,1.584840892543325497e-01
4.521035008146098155e-01,3.507152541792106781e-01,7.930889761326681553e-01
1.984986070085602572e-01,8.571140517947001269e-01,5.677284027789173404e-01
5.289872884031164846e-01,2.657242633653104091e-01,2.598977491751663926e-01
1.131710233634477536e-01,1.533525090117605627e-01,1.441467258999310497e-01
1.771534301133805833e-01,8.610993476948772818e-01,9.410785370953729245e-01
1.264856906569448158e-01,2.030863783935177302e-01,6.960369448913596990e-01
1.014227898883723888e-02,8.112279296308050336e-01,6.110076819128363868e-01
9.113489445055193983e-01,6.115522507816087971e-01,3.227981397821990672e-01
7.355079963913554453e-01,2.122448603868041239e-01,5.165019250154019304e-01
3.883678502587011305e-01,3.226651469489806301e-01,1.480734065552160583e-01
9.265454296775477161e-02,2.054830246174442765e-01,3.359740904618681023e-01
6.677847124949189972e-01,9.198371830220412049e-01,1.661510858169147342e-01
2.646726268825987383e-01,7.078492120733435033e-01,8.341592638524730763e-02
4.633197747450845672e-01,1.285984309466078335e-01,6.469740539092617704e-01
1.261422438218928743e-01,6.660270386358538852e-01,2.416224363557207822e-01
2.253153199042485788e-01,3.167354125322435765e-01,6.968453531305321969e-01
2.696337122997108926e-01,9.123266106520877550e-01,7.614805257944290418e-02
1.090967856565027150e-01,5.281871442901527880e-01,9.629088257718828592e-01
5.550050320170849538e-01,8.498651722528223207e-01,8.697944635265945079e-01
5.757197783398315671e-02,9.490113136759313894e-01,5.620715634514859005e-01
5.706373746469167729e-01,8.785387465928093942e-01,5.215613295604157873e-01
1.133256501755747214e-01,4.237553860414370321e-01,3.001683835374668874e-02
3.945198762650201640e-01,4.389560028681521731e-01,8.894996522485245638e-01
3.740024539863081587e-01,5.704870842230532757e-01,1.987342787291439539e-01
9.267227888759257404e-01,1.998035951138260602e-01,6.276452515737140914e-01
9.728316060676468480e-01,6.445739692448034797e-01,6.530934278877298382e-02
1.073771948616101257e-01,9.184698521498054768e-01,4.562614601536888470e-01
8.343331119528989426e-01,8.839320688895797584e-01,2.455917406277019488e-01
9.493109458991455529e-01,1.624824057966584023e-01,3.846573868268181595e-01
2.189059617383288803e-01,7.092816236361276783e-02,4.223413034524483578e-01
4.476484222066510199e-01,9.212008715852672003e-01,7.666900326725449855e-01
8.051356902996595899e-01,9.737430658477335133e-01,6.372009385277613847e-01
6.396480022804498233e-01,3.086837474186365782e-01,6.917082573553592351e-01
7.926962408522615355e-01,8.461981886852406598e-01,5.190989018891717377e-01
5.671301318345234321e-01,9.765687977069592574e-02,3.860435824143415573e-04
3.899241947776499462e-01,4.411329275775223158e-01,6.569708468511625821e-01
6.528604710547840639e-01,1.269714931536128910e-01,2.514495774000763406e-01
2.062446577797834024e-01,2.371042216623552301e-01,8.995236639437300674e-01
6.212507504201753017e-01,8.785197800815501834e-01,6.797244837749479851e-01
2.017859776941715033e-01,2.522850142412023100e-01,1.321108636329840769e-01
6.026335075012579923e-01,4.465980385896451965e-01,4.654846891096466877e-01
7.465359812286836982e-01,4.065643604008986056e-01,1.284205401296834026e-01
8.562012482967431559e-01,6.636962648397337627e-02,6.448544647072018687e-01
9.361880760804809354e-01,9.771272406980963110e-01,1.102836611413215984e-01
1.090942984526444004e-01,1.568555919210518068e-01,5.586726541390523160e-01
5.006253880962727720e-01,9.409606699858709122e-01,3.897320829759375327e-01
3.316660786289169494e-01,8.555541057388974524e-01,5.970096234568812443e-01
7.314410757370598537e-01,8.781077165619947111e-01,8.645390739921672285e-01
7.755448115283558597e-02,8.722062875357211587e-01,6.925193324142956408e-01
9.740913143843258348e-01,7.201271154651004425e-01,4.754643661587480974e-01
5.586869413959495434e-01,9.902273256080016406e-01,1.168997713197050814e-01
1.097755843784837815e-01,5.984648075857256222e-01,9.804701339958766804e-01
1.645692231756454849e-01,8.374762083381394051e-01,9.142999703307774784e-01
1.208599701419527106e-01,1.881300458793098151e-01,6.741875587631210864e-01
4.654597085534558643e-01,2.614857563166255172e-01,3.651432392198568078e-01
8.862360308514913854e-01,2.661149985230139015e-01,6.767783923803271096e-01
2.808289924371301094e-01,6.099253507177421207e-01,4.001862444064000490e-01
1.025441281874739374e-01,8.621189953551100515e-02,8.587821610606743983e-01
3.985576752945498846e-01,4.621791377685141589e-01,4.847874409517590744e-01
2.775980082693622064e-01,4.616130040246376742e-01,1.977322488653029398e-01
6.089201785780619103e-01,9.642275561048196941e-02,2.735913143645682943e-01
7.554987892185885956e-01,6.412523371368608061e-01,4.913852138530621083e-01
2.606934112061960462e-01,4.629056562750943904e-01,2.005945223836919089e-01
6.143970428979027565e-01,6.040268115994609222e-01,9.673105138979073425e-01
3.102723924559862567e-01,2.880343281130964828e-01,3.360308958175171057e-01
2.211243684773891438e-01,5.351703846734345849e-02,4.330943851553770152e-01
3.354728670109830002e-01,1.434447333524402346e-01,4.303533028710103681e-01
8.007194468216486394e-01,5.390530381767200119e-01,8.975967472961400295e-01
2.169125321706999454e-01,5.378040724531683026e-01,5.599645627936260528e-01
9.771924496068594701e-01,7.598359897578680355e-01,3.797659715233513422e-01
9.430949896598224136e-01,7.750497776399338790e-01,1.803582823575023975e-01
7.704724243851094334e-01,7.513728738506515459e-01,1.014679690071185192e-01
7.507299906335549444e-01,2.628171299905249780e-01,3.593143084014770450e-01
3.479455183334593249e-01,9.138317435003999734e-01,7.659459710667551047e-01
9.146695366441650599e-01,5.247482277176644949e-01,2.400482137413209038e-01
8.270929343016575341e-02,6.362052207087354194e-01,8.325053247600983086e-01
8.664635890272442964e-03,3.723159088763910995e-01,6.016607557622561941e-01
7.419217790223058273e-01,1.375730768648919522e-01,1.806925553887498426e-01
1.496689589241111396e-01,4.009785524665858691e-01,2.367274187044047240e-01
2.734119182947045701e-01,3.924759058859512706e-01,9.145152176577983072e-01
8.858466349708828957e-01,6.863069845760909615e-01,4.833217119781998417e-01
1.936871435122252683e-01,7.954841164680225285e-01,5.093137261002841365e-01
1.825656264812873797e-01,7.759722625115016426e-01,4.085131031247726252e-01
2.902604080387172214e-01,6.533980726137530448e-01,7.411409556193342407e-01
5.410522682257034033e-01,7.229138876238137001e-01,7.010813834395758226e-01
3.233287607752534099e-01,3.694053475960430433e-01,7.369960828830823818e-01
5.592154176291492806e-01,5.651875658810909808e-01,7.293910730782270369e-01
3.600458710302985033e-01,9.335235592464958820e-01,8.803302400503099090e-02
1.001239108128086919e-01,8.508715441114187428e-01,3.131673255824503066e-01
7.111570885025941813e-02,7.485110984234979448e-01,6.409900762271840691e-01
8.789663720547575831e-01,1.578721896558210602e-02,8.491364639238511147e-01
7.323717198227241987e-02,4.666726550434946441e-01,5.513354121083643422e-01
1.851348655519703401e-01,5.409846624572969276e-01,8.366271905679134591e-02
