5.991577703122555887e-01,2.485338650716985009e-01,8.839690483978437374e-01
8.327600825335675916e-01,1.920122370241152954e-01,1.431541942650743637e-01
1.825062323017235810e-01,5.602474212794651409e-01,3.239536930672679560e-01
8.351944643642683630e-01,9.620665410476976209e-01,2.128725715162471666e-02
8.044780771554063126e-01,9.575381230302549840e-01,7.398358871026013972e-01
8.690819172067816289e-01,3.470235728790882490e-02,4.647885639072379949e-02
6.515607083921372000e-01,9.669669971182230928e-01,8.766939826267868829e-01
3.484628747666906889e-01,2.272567239795647565e-01,5.781117600796911171e-01
9.969919644895345323e-01,6.158505919150524255e-01,6.287820457160059329e-01
6.822978011747600213e-01,6.937172704012710689e-01,9.856965759853895115e-01
3.660810190760417360e-01,7.947777374741624712e-01,2.057853676789751507e-01
8.355824545428672812e-01,6.721565383849881226e-02,9.149713522109272912e-01
3.679696764976753132e-01,4.568058853813121711e-01,8.954037823721693323e-01
8.340809365600425629e-01,4.264103615365065769e-01,1.073725411088154447e-01
1.273229421060433353e-01,3.051269176219588708e-01,9.807120912529085910e-01
3.771437151939542876e-01,4.057378076823805468e-01,8.973304318756136766e-02
4.201253948967543783e-01,6.615994627913818205e-01,3.206867234860476534e-01
5.065189727527115160e-01,8.041564926987646578e-01,1.091234362632605981e-01
4.707609524172273741e-02,5.580992990944285692e-01,7.814201581510493710e-01
5.860882126328438302e-01,7.264508818446786531e-01,9.408135252381720770e-01
6.239520181384862196e-01,1.900199699989002511e-01,3.830844379254029208e-01
1.678143885210520159e-01,3.268835508136074264e-01,2.373818832309529947e-01
8.774066932734508883e-01,2.389580314615180612e-02,5.060890943442851730e-01
9.251318096133654967e-01,8.096845710896610759e-01,2.959545172697436444e-01
3.665954736799248437e-02,6.118117447174276080e-02,8.365105044844570736e-01
9.430011085304370599e-01,8.497510187464921705e-01,2.802931932541169457e-01
5.471009665860552262e-01,6.304370055469465939e-02,8.386579628943779952e-02
3.804555421139695914e-01,5.587269574513523684e-01,9.654537576290550538e-01
6.560730119592627085e-01,9.260815716406247677e-01,6.321587890608247884e-01
6.479213798271185043e-01,3.470790601273743281e-02,9.602092725518585059e-02
3.071474331281153214e-01,7.861877703699913233e-01,1.711928737491178465e-01
4.938644936565788068e-01,9.218833959560068791e-02,4.201909213826590106e-01
9.979935788354781234e-01,6.816783949319429325e-01,4.611310271935212812e-01
5.249145316298705621e-01,1.642337747975406437e-01,9.318183755958187042e-02
2.776970819411241909e-01,8.658231878384125002e-01,4.920556255396487666e-01
3.166115481836790924e-01,8.569803957953846529e-01,9.665683797545800982e-01
6.008171214978988983e-01,1.977947209568892140e-01,4.291310833306798411e-01
6.944335461473125637e-01,3.423508057508983793e-01,5.801834599790717251e-01
2.986849979685679557e-01,1.345425296210681632e-01,1.386823116093858221e-01
3.339141719145209963e-01,9.241671321686685259e-01,4.253180851144133801e-01
6.657803519573909368e-01,1.475415121173965227e-01,3.512325374406964906e-01
9.101926563733654385e-01,2.761288660061465006e-01,1.804086252124156298e-01
2.326877771514608284e-01,4.718867827235413426e-01,1.662499883463960382e-01
4.927073019752921113e-01,2.819208928963233829e-01,3.563884679458845239e-01
3.656294645307487379e-01,5.132370159725794245e-01,9.300522987274463249e-01
8.360246280712330114e-01,6.092087125910253809e-01,2.648020863287743332e-01
7.317248075964780663e-01,8.100582263760781609e-01,2.329018645110869645e-01
2.111694999076885182e-01,9.449433097060071507e-01,5.878608302632992721e-02
7.296813026896588061e-01,6.653784436578158434e-01,3.513359740754204985e-01
7.516775791608133472e-01,3.803978801808087784e-01,6.077896474422226358e-01
3.982447652209912814e-01,5.280129526028712883e-01,6.541935360293312796e-01
1.555552368830755983e-01,4.475781347979355118e-01,7.643889203997632498e-01
6.197136035141642685e-01,2.185308211535340606e-01,4.650846189477531034e-02
1.776550032455846972e-01,9.088673138571382593e-01,5.436885192254706789e-01
1.372451028571293197e-01,3.631663451753789351e-01,6.194918885059548241e-01
8.870910312998248060e-02,1.017138315193999443e-01,5.345689995175708642e-01
4.094521052021350416e-01,2.586383027414668190e-01,9.937715389364718543e-01
3.614013646140930014e-01,7.223169230914678884e-01,2.020967470889356576e-02
9.673645235756876959e-01,7.289140148890165261e-01,3.509524573597014863e-01
6.881721702507952454e-01,6.613574448731229793e-02,8.318470561105809624e-01
5.776616175659908814e-01,3.728998329935241385e-01,9.784738000323963680e-01
4.166938743456126693e-01,6.891797368836264370e-01,4.016032421678451536e-01
1.028227728813511099e-01,7.376198532881059755e-01,7.378776618775655383e-01
4.037312587826051846e-01,5.438560796115390339e-01,9.912978860427399397e-01
6.378290104514332537e-01,4.747579713716890693e-01,3.808092598754193592e-01
2.990099752324956173e-01,6.999748296903290923e-01,5.113844678228791629e-01
7.608805834360337084e-01,1.828462847438871997e-03,5.208096276957726589e-01
2.708733174927476783e-01,6.982511973969609542e-01,8.837083819453724898e-01
7.136742982261327084e-01,3.877162374184642823e-01,8.199228101398947643e-02
6.388885834334575575e-01,7.405412397423328796e-01,9.857586832522631237e-01
4.449627980839395702e-01,2.662832283913840747e-03,1.244344528737281186e-01
6.044657193399376460e-01,3.503203064588296112e-01,7.108755590404873814e-01
8.541893640201257965e-01,2.384055895885128784e-02,7.672207198900584668e-01
3.307021300975168110e-01,1.714101049798310017e-01,2.271349707125959183e-01
3.097990651361934855e-01,1.080067996462799051e-01,4.951722848102352303e-01
5.001011669664631176e-01,6.494278308798419053e-01,8.842471995228350368e-01
1.612539955143496018e-01,5.253381229907101435e-01,8.880492889103641652e-01
5.404888102009175466e-02,3.406662396005748494e-01,9.022427424873186164e-01
8.275753824300889905e-01,6.885272211559723132e-02,3.914043330741819871e-01
8.502871707610110130e-01,7.061064424562938369e-01,3.582254376422835396e-01
8.292911256711498202e-01,1.752078203272500190e-03,7.986284627602058261e-02
5.351476362022761224e-01,6.953810043245293171e-01,1.289749208039793205e-01
6.595800627327712551e-01,9.279518150233767582e-01,9.525398612046949154e-01
9.184499420549471216e-01,6.733231312242882183e-02,6.759732906334874336e-01
9.752219960253567521e-01,3.995663350890423793e-01,6.691716053852848622e-01
5.081044065122285458e-01,2.714434609067492010e-01,4.584976545534348302e-01
5.904254047454375876e-01,8.038003491114003030e-01,3.704996629192386370e-01
9.110413582356486906e-01,2.951794781604715201e-01,5.734796093716870713e-01
9.582873004279199858e-01,6.094014325767261875e-01,9.556921454405566951e-01
1.897366042750390225e-01,7.056330246659283656e-01,6.215078025997499145e-01
1.437847847206996654e-02,5.242111150150022825e-01,6.255100180600503545e-01
3.904192809002915432e-02,9.746353749582422621e-01,8.762114359067847413e-01
8.302617890742894913e-01,9.816734145383188004e-02,3.028554942052563703e-03
7.271488062900532956e-01,3.154690684239923604e-01,2.902761233939762375e-01
3.387891064896373372e-01,3.406204192220128046e-01,1.888665939193336918e-01
3.460295214746085257e-01,6.662309316064088938e-01,8.376390239181120689e-01
9.663700037881872706e-02,7.642777997104646115e-01,7.813156915408656644e-01
3.475956325551212700e-01,2.801580757075452510e-01,8.475693279449055817e-01
7.271701441495818097e-01,9.286261698602286119e-01,8.975840741759733010e-01
1.181770611850365693e-01,3.499071858063981244e-01,4.457298213886545790e-01
2.489521849141221876e-01,1.628961278182223804e-01,4.857510282317929473e-01
1.280864881984590253e-01,5.587266610783560017e-01,6.770546193649944477e-01
9.171600030726689834e-02,1.240111695156541627e-01,5.706387971329092146e-01
3.378581804442069014e-01,1.598348721119364768e-01,5.266543687393578921e-01
6.787649526862281624e-01,6.637548235543585529e-01,3.043075660192371412e-01
1.393605324564862746e-01,5.504114189656184042e-01,3.827607084873130283e-01
1.737181572335635416e-01,8.737125708091446619e-01,2.263464319360736221e-01
3.326732644265559813e-01,8.080214492536512694e-01,7.060175611942922647e-01
6.758691402583496544e-01,9.205574476747743207e-01,6.519068773406432316e-01
5.112896131750427342e-01,8.328383005070325584e-01,5.034145733881800755e-02
7.777472230349558036e-01,8.814960040564377985e-01,9.810491456910197527e-02
1.096898343401332410e-01,4.310669712578550916e-01,3.375833918071616813e-01
1.791388756585133857e-01,7.520598217910851035e-01,3.184667985859486183e-01
2.276890842054934971e-02,6.715748117641175963e-01,7.919249869404707542e-01
6.732571097352781919e-01,1.977687330654431808e-01,4.224676225946316643e-01
7.331847537238650458e-01,1.138460732613256754e-01,2.070780100787237288e-01
5.392634493333415824e-01,2.299295992650921550e-01,9.678399767209310278e-01
3.078544013829273007e-01,1.404900086357439015e-01,6.901587575751632064e-01
2.682519163564687226e-01,4.594501484193364016e-01,3.317024044160021834e-01
9.163797733034524384e-01,7.315330220323424948e-01,2.635416883768240126e-01
6.854562607784076000e-01,2.947794405791904770e-01,5.874301539329105371e-01
7.244738941372972363e-01,8.194874206929813054e-01,7.060860649686043766e-01
5.723280888247896936e-01,3.158732735947356041e-03,4.718334987050443186e-02
3.375176942863162832e-01,8.839805505304220157e-01,6.392806134150975650e-01
1.003000616632042652e-01,5.130513916914035688e-01,2.184034222775854683e-02
3.801821615017079159e-01,8.653905884708789076e-01,2.449388611237252045e-01
2.752625610138030865e-01,7.915373750295273680e-02,3.534173787672509892e-01
5.558936686376894087e-01,9.936330458034579038e-01,8.868183344645242938e-01
5.639935481466007428e-02,4.199965187951770762e-02,3.029436733460899589e-01
5.703002981321120268e-01,3.275556403333161892e-01,6.071271986846307200e-01
8.877721435912971915e-01,1.611547390089119736e-01,6.947778049519984789e-01
5.884075465423116436e-01,1.651264160395609082e-01,3.164929716396418513e-01
1.136794714827286112e-01,8.465085545838086922e-01,1.357332797636040533e-01
2.243669313788481112e-01,3.926395826402627742e-01,8.540546344494104325e-01
9.623814117043812955e-01,7.689592523947177405e-01,7.329665083336609488e-01
2.027509794384714237e-01,1.202093754264828007e-01,8.542002728337843021e-01
6.481532374863672175e-01,9.788434767735861852e-01,2.421192110754091242e-01
4.481850647661489440e-02,2.464724777126080513e-01,2.671216713421211697e-01
3.441358565303587191e-01,3.241620557822039173e-01,4.034077190582019412e-03
8.170875813683156075e-01,9.606299492458590938e-01,3.630624296682629648e-01
3.912381829953197609e-01,6.010136156954952735e-01,1.219945789023003657e-01
1.150600293936093754e-01,3.395875820996330230e-02,3.638044292600356444e-01
4.171516278991959092e-01,9.807363817347150015e-01,2.769304041745244138e-01
3.322218159329607401e-01,3.033543934622727756e-01,1.564453474321085835e-01
1.204046617187660706e-01,3.590704530959357710e-01,6.507435244728762003e-01
2.826636435412122061e-02,9.172332010713775130e-01,5.459494708334371449e-01
7.378754920224683822e-02,5.411600090819101982e-02,4.904135712541388692e-01
5.207745331062728633e-01,3.505536738163284038e-01,7.510474358574642517e-01
5.708138657730020826e-01,8.850786295820315397e-01,7.239423728168975503e-01
3.235579745673089480e-02,4.674126581615662968e-01,6.382589245350400731e-02
7.641542301300869866e-01,7.322349125332238140e-01,6.193623071427426519e-01
3.419195177833141974e-01,9.483804120477017374e-01,8.947742098722908377e-01
9.772490739579103858e-01,8.133040842782053303e-01,5.993348602906632960e-01
8.919758626253154743e-01,6.604054742929114097e-01,8.572751182357579713e-01
7.684024445276944615e-01,8.520905134511987944e-01,6.338236736623065193e-01
9.909506127890577165e-01,3.071964392867936322e-01,8.085234643887713180e-01
7.630879091897123656e-01,4.478622736035857699e-01,3.393512356713968003e-01
6.845035746570137247e-01,4.291224008629466180e-01,2.825932050034479781e-01
4.561098444134793484e-01,8.534942680428545536e-01,3.738445662468293795e-01
7.993845210404443291e-01,1.140174782254151920e-01,1.898746198570594457e-01
3.680844893763229875e-01,5.765760208669417075e-01,9.414537432577817500e-01
4.329120875344452113e-01,8.820394738558373637e-01,8.067321082686262912e-01
9.089421610878071212e-01,7.984245444867202890e-01,8.678886028291354915e-01
6.377559516948337892e-01,2.816071379880101810e-01,7.641095133133912753e-02
4.880523960409122175e-02,3.428540178565334662e-01,9.541885306822042168e-01
5.255858922873661854e-01,9.592627615143571873e-01,9.572687128284250724e-01
7.751081151185175155e-01,1.775110546631253339e-01,6.019649971856362303e-01
1.892306568783512777e-01,7.273382821881297922e-01,4.921511953492678781e-01
8.194160854953969064e-01,7.054563702055101082e-01,5.346612067929340517e-01
6.365131194676527659e-01,3.364932505985598343e-01,7.939541001297909517e-01
5.054562920801086712e-03,6.755133814604368236e-01,5.405255257854417739e-01
4.308598203185703968e-01,2.179203856484159818e-01,8.775508793654813733e-01
3.130232340872067809e-01,1.973719175972883377e-01,8.822902364833985489e-01
5.513487788266799861e-01,3.288443471750679414e-01,3.385898406550087447e-01
2.434471222522056610e-01,1.162155944964659016e-01,5.604685876968769076e-01
2.285956986284232162e-01,6.285943878904676207e-01,1.387376677715936868e-01
9.848457834845157910e-01,7.668096883026109811e-01,3.453344384786338761e-02
8.976158677923045115e-01,4.338193524451343652e-01,9.495202058446462479e-01
3.006435822591836393e-01,6.588700770384490202e-01,1.969546597278779565e-01
3.838279056921738430e-01,3.764176660242150030e-01,6.323055653283715660e-01
9.191475860472749781e-01,1.728351594007903058e-01,6.860987816344913393e-01
7.166091244796490844e-02,2.306401822572206051e-01,3.280438858790570844e-01
3.163383449295882333e-01,5.632488453721562482e-01,8.634387907373007875e-01
9.401051394438305620e-01,9.845820797613011877e-01,1.886498567793333248e-01
7.928207176119259625e-01,3.678078657300165588e-02,2.734511823211616122e-01
6.974428935510972316e-01,9.537299043215826666e-01,7.019279223929587586e-01
1.619822800892249948e-01,9.451369261478570483e-02,9.855751342047235353e-01
6.807024061121184078e-01,6.598970401790149598e-02,5.874197273906910377e-01
3.162221040618000689e-01,8.397266122583216807e-01,7.662376345071910677e-01
8.147760055533908030e-01,1.261504488628052423e-01,4.631884865452073896e-03
4.968234901803243453e-01,7.349268667780736175e-01,8.040517688491546355e-01
4.824033879169045136e-01,1.445581338225839785e-01,5.587778426347597138e-01
2.542264433101842913e-01,5.979729334501684423e-01,1.676384442599720970e-01
1.063510299363065181e-01,2.968751459695071482e-01,7.156861505441725058e-01
5.087066357879775902e-01,1.111723164865278113e-01,1.057545924512655056e-01
2.973960258150138980e-01,9.649825176242411429e-01,4.993648037516654759e-01
1.557960795626177619e-01,5.246297529927818060e-01,9.285595847226565391e-01
5.588591057617414704e-01,2.434487619160842220e-01,9.674480047319866660e-01
1.447893728424957116e-01,1.874562766242507950e-01,1.606727439591563167e-01
3.887357661997796754e-01,3.515465954267781301e-01,3.900679716404471531e-01
4.611135080971828781e-02,7.804288741298524013e-01,3.421356994113845529e-01
9.783680878783602708e-01,2.637470794735335966e-01,1.669433914946126807e-01
7.801927615215179523e-01,3.140778842451674713e-03,5.443089660675503039e-01
8.960028428626825026e-01,2.559500848353242208e-01,7.750430411218844906e-02
2.507924308120962342e-01,3.547615881545334027e-01,2.293945142090680900e-02
4.759588556139183746e-01,3.027270891279776333e-02,2.462851353299544410e-02
9.190854744353857964e-01,6.793156989196811324e-01,6.590765302015255678e-02
2.954466365597547828e-01,2.781129195910512220e-01,9.519622747359490766e-02
6.607277468467943615e-01,6.766035476761589340e-01,2.046200919003269281e-01
4.200767264292896153e-01,9.581642045200134961e-01,2.255393788352784146e-01
3.217076011192778751e-01,8.672274791600994570e-01,1.978666025664550521e-01
2.954084100160547788e-02,2.847746329501665841e-01,5.965431280731173791e-01
4.312949706808184569e-01,1.419486957496675084e-01,3.932830308316584977e-01
2.816547971826404151e-01,3.340547594007258203e-01,6.637352617817583456e-01
8.843952298289282643e-01,6.655322945523238776e-01,5.240912379348359185e-01
6.530809880489476527e-01,1.747318002235257461e-01,5.754646254392759008e-01
1.583697558954910711e-02,5.996292353519370177e-01,5.131321552771354044e-01
6.568096962936792460e-01,3.252480250884965951e-01,1.178468579143916450e-01
3.645020023351818184e-01,4.077487604577112457e-01,8.403496994127815922e-01
7.843026585576529097e-01,4.110825375179611996e-01,7.463709197259726924e-01
3.903634225977826722e-01,1.289790579403681248e-01,6.768729522927263709e-01
3.277263645173219553e-01,4.824994524373890092e-01,1.740919094289805624e-02
4.358774511952826503e-01,9.094871647856164198e-01,6.351118448414561080e-02
9.185191324787782552e-01,8.912437164844214665e-01,6.771771374344870420e-02
2.406132709234611866e-01,5.315431404629701317e-01,7.211958451130673353e-01
2.666108281549942616e-01,6.094728840716512330e-01,4.245260300513944429e-01
8.155078379683390333e-01,8.939517403022386732e-01,5.389252811990007386e-01
5.146394369329330143e-01,4.787230360340926083e-01,5.648645455444157859e-01
7.002401189129512371e-01,2.464423369755532889e-01,7.830456731210030386e-01
5.476519485224883299e-01,7.984488137949845576e-01,3.859794202256765505e-01
1.676780500021727294e-01,6.639291900994296336e-01,9.138868113142367688e-01
8.521431485413785145e-01,5.550627052303535036e-01,8.430911836970566009e-01
4.430731766593996035e-01,8.580658749480567504e-01,8.711291574158163131e-01
1.896844847229868236e-01,6.963229438252004355e-01,3.843799377919611127e-01
5.704075793987843923e-01,2.003901438272612801e-01,5.221192535084170361e-01
8.971772225204338591e-01,6.190840283735186134e-01,7.620535447294706222e-01
2.623896506526500749e-01,3.304044522200594303e-01,6.242405741922718576e-01
1.877028471407056198e-01,4.287255432201940719e-01,8.528581283542278069e-01
2.645243540128703330e-01,6.181398705837741758e-01,9.480824104623489790e-01
8.501508448223893399e-02,9.839438779350431208e-01,7.152298582640818081e-01
4.107913240725824533e-01,4.698914386340802274e-02,9.030751686248678078e-01
8.335604646322841704e-01,8.913068343482033473e-01,8.310999556366612806e-01
7.259730509537799525e-01,4.117393901658021882e-01,9.840593281997895847e-01
7.784585572205443560e-01,3.426452655473368747e-01,4.911331012757234049e-01
7.265225457906597795e-01,6.254383694747718270e-01,1.804498668940762718e-01
1.423330182675547340e-01,7.936307164869655928e-01,2.096393116989327954e-01
8.242444732155871367e-01,1.084508202269874877e-01,9.795491001143464826e-01
2.863533176116715984e-01,5.538076092720711774e-01,8.692557695972957799e-01
6.828884721409222980e-02,3.333545775233863750e-01,4.779664092787208052e-01
7.856260943130541907e-01,9.986915349332673442e-01,7.695121084971024983e-01
6.697898108175015519e-01,7.665445130487014147e-01,4.686198020677667664e-02
3.947568794541763681e-01,2.569974734494412383e-01,7.072208612110418846e-01
4.149544922461615437e-01,7.198251436468938724e-01,8.680628494479749602e-01
9.772830241162211440e-01,3.048161085084623023e-01,8.068247055989788974e-01
6.237567823243136411e-01,2.089056358854443074e-01,8.930367090835256150e-02
8.420626091840233141e-02,2.251443979432263820e-01,2.934871047130249710e-02
6.492046830049210682e-01,2.557954863081173258e-01,4.423137683880458138e-01
2.036441693340047543e-01,8.290458681991275114e-02,3.611841767079659871e-01
2.994805460671535746e-01,7.347618884876381262e-01,9.538368956020171208e-02
6.050765466293606121e-02,9.483808226582547407e-01,9.615427872897341910e-02
6.497457657539729148e-03,9.096212512901166169e-01,4.069298565859459371e-01
9.975597236976952997e-01,6.288229208052249497e-01,2.527111962846280147e-01
6.441456854591821601e-01,2.461669415655989290e-01,6.962415783908427747e-01
2.623181096694995329e-01,6.343554927997191450e-01,6.059400346127743475e-01
7.467401841050851363e-01,9.630792455043835076e-02,9.947366505518755453e-01
4.108597089243527511e-01,4.430019971612657592e-01,7.996811918175287248e-01
8.453845598818177098e-02,8.145155652336056873e-01,3.512614785824536012e-01
2.312637217062195605e-01,5.086922840225834852e-01,6.341732023834317777e-01
9.634784421535915744e-01,1.988427431927539679e-01,9.228581975231651136e-01
6.152149684928625017e-01,1.915871870826368895e-01,3.148516150947436865e-01
3.358555608231884593e-01,3.678182515972496791e-01,3.675822703257889401e-01
2.110392118799170325e-01,6.774503174620549739e-02,5.429850569277900885e-01
7.812843420787539683e-01,6.181850789658183132e-01,1.417988853165771390e-01
1.415677060329785242e-01,6.985716147277276633e-03,2.354926121408654760e-01
9.891316398815945821e-01,2.723534880181412987e-01,5.147700814398704638e-01
6.292912980899092457e-01,6.083555055490227348e-01,4.203590616285546311e-01
7.043793545219168006e-01,1.356487536039419073e-01,6.778073437948022306e-01
7.939834804814801528e-01,8.982367150229180197e-01,6.859662430323698601e-02
4.296405477426801234e-01,2.588656896517881334e-01,3.961492405437897490e-01
2.264405512469418458e-01,2.168714829054468884e-01,2.703740918056747322e-01
1.470549069003705966e-01,8.740818686868077059e-01,4.668274271864539804e-01
8.953860275569425209e-02,4.652371597654036961e-02,6.464327147689941100e-01
2.375161795750947435e-01,7.555209533443041359e-01,6.670836274998943605e-01
2.210665306015526799e-01,8.614033048858260599e-01,8.515413303273366985e-02
4.401448445643496576e-03,9.855441285688189001e-01,8.741966800875730081e-01
6.289763953283408204e-01,5.872968888135918775e-01,3.175831776198778655e-02
3.634780634275452949e-01,6.748775018717136920e-01,2.763850942881963535e-01
9.236848459293744984e-01,9.019876573757619198e-01,8.866915284725899182e-01
4.078382115985988987e-01,1.833893503501704547e-01,2.468318705583399941e-01
3.517306443984470343e-01,9.532147816301508314e-01,6.335971437907534920e-01
5.800948450104791432e-01,4.253779831372627163e-01,9.497818990001395401e-01
5.767971208453810394e-01,1.639659185638686623e-03,7.039314625365616918e-01
4.762324499549130952e-02,4.562130801352579645e-01,5.030173519097691504e-02
6.266608624885069423e-01,5.215189685093940541e-01,1.609659319124588928e-01
4.045562884495740308e-01,8.291356605063762153e-01,6.567116391738687664e-01
8.248893926244208474e-01,1.818885356828158217e-01,6.822723971894001371e-01
5.368899630160899328e-01,5.737353016227000335e-01,3.923612288256499436e-01
9.334552790316295035e-01,9.317070033133483253e-01,2.565712498957171128e-01
4.528119582754281947e-01,5.400809514572186831e-01,9.607384157702886229e-01
4.980785169275728785e-01,9.065437457092658802e-01,8.665843104500804417e-01
7.244063724121193593e-01,3.211347351861465471e-01,9.356595899069953814e-01
3.033636464423300483e-01,2.310455955608936573e-01,4.842882736614205763e-01
6.182668702383170567e-01,2.914450240556509808e-02,3.467109945460593590e-01
5.482825152786705569e-01,1.749338860567485332e-01,6.447741369999364647e-01
2.550722369098622488e-01,3.936781217897900031e-01,9.431029647634913138e-01
3.811279863614831509e-01,4.631094829854980333e-01,7.919574652253886793e-01
7.868320421417607236e-01,6.247427751708201082e-01,9.868684120109874058e-01
6.318845041122050921e-01,7.908980452074678702e-01,7.595372680931841147e-01
1.702409888593170439e-01,7.401739188463942742e-01,2.863730576167924369e-01
6.203651748710803382e-01,8.232728443319503597e-02,2.470618096984620315e-01
2.455646578260707313e-01,6.708656366982588271e-01,8.448648831390392910e-02
8.644927819799015367e-01,3.068119959688401233e-01,6.696688026903664381e-01
7.144506282466118741e-01,7.383949635508353371e-01,7.615953532894458311e-01
9.869635637051178412e-01,3.443899584751934917e-01,7.820144704575002770e-01
7.769254642789711340e-01,7.478469404020193778e-03,9.802548677400355626e-01
4.545704628512681200e-02,2.751056667004883050e-01,4.546999760727918893e-01
4.410528610016765105e-01,8.314157969189868158e-01,4.329628195291873594e-01
9.105919613885415931e-02,8.864123018377193519e-01,8.898751283454536809e-01
9.020168815774836091e-01,9.402582191150121727e-01,4.055073855695814355e-01
3.828212027861345179e-01,7.352865753136370586e-01,3.763670266262751918e-01
6.176640258242493964e-02,6.697932800298013190e-01,7.614192194211848452e-01
2.836573471651480105e-01,8.549034551094086831e-01,4.598907663221527553e-01
2.110254408300817897e-01,4.507483542011572197e-01,2.101973988962824169e-02
4.840690777157956592e-01,9.320413258693650560e-01,5.586641759129069573e-01
6.712209458061042522e-01,2.384775455570610214e-01,3.389289000482074155e-01
8.108738079081810879e-01,6.030310665884353050e-02,2.700421797453896877e-01
2.962817558722652400e-01,3.705664216231854269e-01,7.567687986242354059e-01
3.593923626892530088e-01,2.685832306842087513e-01,1.841418904157534620e-01
3.876592950441317686e-01,3.398758545351689975e-01,5.835720007937037490e-01
3.992587326187072572e-01,5.631333307581475323e-01,9.976970374210590853e-01
8.969151179314170941e-01,4.456795016792958197e-01,7.904447518664442507e-01
1.273335015080045984e-02,1.871645672813824213e-01,9.253289762015344255e-01
6.336049742494452852e-01,4.245476139340399468e-01,3.034243211982956545e-01
6.652265060894495541e-01,7.417754799566357304e-01,6.882336076813694303e-01
3.059760597541654192e-01,5.067531398825424471e-01,2.264886838594799556e-01
7.077970899960589479e-01,4.540288651082274862e-01,5.551668410273407073e-01
9.565451382403080682e-01,3.540063313998530470e-01,3.318008922194759514e-01
5.795578695768113242e-01,4.628108961548763611e-01,2.995116841865188562e-01
5.382824860781232346e-03,6.461917639076913966e-01,3.369047513522882564e-02
5.062962027202111415e-01,6.634109183654980368e-01,9.792257863998456990e-01
2.659728151491178583e-01,1.615009157484681435e-02,5.531005440656068251e-01
2.481234745538007935e-02,6.977647561069357796e-01,7.797107218311192245e-01
5.395426317907929814e-01,3.346050828878721628e-01,9.306704280205713165e-01
3.251653957200292266e-01,9.918565519651145745e-02,3.974600644286150342e-01
7.001443673037267557e-01,9.919514917389188335e-01,6.082974259273629114e-01
9.656650550113068388e-01,6.268307185588730679e-01,7.634929595181517703e-01
5.785285705967196934e-01,5.526654953410512494e-01,2.731073216236784562e-01
6.701681822510545672e-01,2.907227311604155817e-01,3.844361724508701394e-01
5.721885071746590778e-01,1.733125402818646021e-01,3.517596339502950809e-01
9.144366618129657898e-01,6.680305041676644073e-01,1.193063114654202561e-01
5.049234273162634956e-01,8.706250709464113946e-02,7.078815042567397908e-01
2.419915441037149284e-01,3.727845783805324720e-01,2.055203534100515927e-01
1.767868146708456711e-01,6.383368910702006405e-01,8.447304672774457179e-01
1.005645137324258087e-01,2.250336222225731708e-01,5.636291188771551663e-01
5.093778123918083489e-01,6.867647477184071203e-01,7.943221774822855075e-01
9.590412647733659313e-01,1.103943370580008354e-01,7.672233377778721053e-01
7.377415566998782870e-01,6.770016553016056093e-02,9.754890910463681619e-01
9.164363556257774102e-01,6.792327199503772617e-01,4.407797677515400414e-01
7.304507313729968754e-02,4.772141244069001420e-01,6.130980121321182308e-01
3.805549607007521207e-01,1.759119732061262820e-01,6.893691471412894956e-01
4.815652921881872217e-01,5.629426996682261874e-01,3.191264830862385882e-01
5.414289702050079089e-01,9.927552215716077821e-01,3.250070438753566160e-01
5.799434838768342537e-01,5.943611419367745841e-01,5.972541402660712651e-01
6.570204553826146654e-01,1.438830129268485747e-01,2.403862739068330923e-01
9.205652108157603708e-01,6.911439246626992494e-01,9.965447344210823788e-01
4.981378990604650170e-01,8.309169080759077897e-01,2.571686455190937970e-01
4.441244611578666346e-01,1.176151212129248336e-01,8.016507663906966563e-01
4.648882479057484529e-01,4.745293956253433532e-01,4.870677834913824666e-01
1.698285726460919687e-01,6.530341764605686050e-01,7.339034099880502593e-01
5.327304790400211321e-01,5.685364714395275687e-01,4.740046276654992230e-01
6.260496263732484579e-06,3.539895370992740542e-01,1.076266785084031286e-01
9.813846107835977328e-03,7.014585046506794930e-01,6.325368250908089962e-01
3.750604746399789358e-01,6.208550165485898775e-01,6.770064107297514289e-01
7.754862980921898297e-01,7.533251965251329674e-01,7.870154158409184975e-01
9.343978306211483398e-01,3.968500342284697613e-02,3.823636470647153729e-01
4.273355047397947581e-01,9.383250610529599856e-01,8.493837772183713275e-01
6.679484531637222000e-01,5.440454602206973300e-01,1.083029349714648149e-02
4.317301994370524865e-01,4.488709126771180946e-01,6.531520583271123170e-01
8.903142604988221187e-01,7.596716251153006194e-01,3.729444819686311696e-02
6.431944581683376461e-01,3.982738890023862499e-01,3.166156818510919013e-01
8.489504620883170372e-02,2.538480500509560089e-01,8.305205609069958861e-01
8.699823811962933418e-01,2.909576506368466431e-01,9.514147726270735239e-01
4.362619159955243298e-01,4.433353805602222586e-01,9.893641587409716109e-01
1.592988525608680650e-01,2.076370487579167756e-01,5.314667749603079194e-01
1.132257981463663521e-01,6.473436211740849489e-01,6.287745737154915027e-01
9.448354865243900891e-01,7.456164422668272174e-01,9.091693802536768843e-01
5.252682960566398274e-01,8.698301865261811594e-01,9.251874367070389571e-01
3.390820780306786908e-01,2.783379223850084294e-01,1.646853175775920830e-01
7.419973090727044474e-01,6.890935209966924102e-01,3.391304094033730232e-01
9.949805896648330483e-01,5.816948462335725933e-01,5.811460666978123246e-01
5.031238788309796428e-01,7.168157335192127944e-01,1.175874048346593481e-01
6.010750966633537917e-01,9.777801219045639813e-01,2.075234792713633869e-01
4.402319364907901766e-01,6.663118381639757670e-01,5.898390361411461891e-01
9.495897544083254926e-01,7.446467267814205204e-01,3.172649626322444627e-01
3.861337072966773976e-01,4.883221893542024628e-01,1.147536679097259649e-01
8.001606839166491847e-01,3.231133030925763538e-01,3.473642348689340853e-01
4.401739594128126765e-01,4.905720319647586258e-01,8.931806521019916012e-01
5.592407633328341232e-01,7.562851919719726368e-01,4.347597681183792417e-01
6.047182663163913618e-01,8.617818041236398052e-01,1.704075085928424826e-01
6.574544459000658536e-01,2.345641438309665761e-01,4.421148011541786715e-01
3.906005906163413366e-01,5.736676981094595007e-01,7.013950239759844107e-01
5.871420170823986595e-01,7.781796160338789736e-01,2.506514561884293224e-01
5.850522642472915091e-01,7.558392894844883081e-01,9.398013771306448216e-01
1.274193358461406245e-01,7.784655970580863782e-01,8.351488200836176823e-02
9.384841424171137536e-01,3.545463721633879128e-01,9.727279778175826896e-01
6.167480224564115820e-01,1.320351811544078213e-01,8.455748735430119734e-01
1.035038521531750355e-03,8.542353056626867946e-01,8.920305613211678697e-01
3.625097211428801591e-01,7.036862294418292363e-01,3.948894243356602107e-01
8.580819239023604883e-01,9.771510863490525667e-01,3.795651203196258594e-01
2.650405813934797461e-01,4.950488677181480446e-01,6.059219641060192840e-01
7.063470385532701901e-01,7.643394318494924899e-01,1.962131459087634866e-03
1.375140143666825354e-01,6.160068867480590349e-01,6.290031636239724611e-01
4.499829703832076699e-01,8.910071311914257164e-01,8.994587079086364678e-01
4.459672325207952870e-02,2.475971937535259570e-01,7.233807439818118468e-01
9.268944761317009506e-01,8.775645682677691850e-01,1.666767938041578967e-01
6.658756041030358119e-01,6.253696152752430404e-01,8.065642412928125671e-01
5.616138045170792070e-01,3.501886106253478959e-01,7.736349524398240529e-01
8.110719918099013048e-01,4.877243791092767955e-01,7.307387633655528791e-01
4.025540975395145438e-01,8.808608882856816535e-02,7.482083891999877778e-01
3.530284260538455454e-01,3.846233636243489018e-01,9.576975812270762667e-01
3.488160661566809262e-01,2.768077481766340053e-02,5.937726443038209290e-01
9.519973716149235932e-01,3.903705362653224764e-01,2.485302688812983662e-01
4.248740701228138628e-01,9.557731314710747883e-01,5.800660742965817462e-01
1.639298941941457199e-01,7.909115893081180015e-01,3.009024373107509476e-01
3.066401249509486115e-01,7.634617237917882271e-01,2.912040423503706732e-01
6.433106398403435344e-01,1.026115960217973688e-01,2.525919669632545883e-01
1.841684941177083035e-01,9.694088602886831163e-01,9.755555650586557048e-01
1.113685639166028807e-03,5.595649343451247759e-03,4.997643977803893911e-01
5.140868240475426898e-01,6.004131173938557220e-01,5.324951480807287307e-01
6.167938119777485184e-01,5.940218057103457960e-01,4.752089177403802100e-01
2.800167529486106144e-01,5.675983651149140163e-01,3.825989262934118562e-01
9.941109558815862668e-01,4.655755194381732132e-01,9.132539483833739258e-01
3.076677470046398355e-01,2.237946611433920818e-01,1.383873568097928608e-01
9.933693734688985311e-01,4.235845175598055290e-01,5.577998851530968638e-01
7.629052029075832353e-01,4.025476296103779328e-01,9.626154999847861271e-01
8.483619910364503802e-03,3.728405720144234436e-02,7.294901906914698086e-01
6.645425920904668438e-01,1.493483556486698838e-01,7.512112333540692521e-01
9.426409685216677881e-01,6.806592950098417916e-01,1.580000281531899198e-01
2.900310445098275292e-02,7.627252158349030475e-01,8.179798222820714448e-01
1.650065267758782372e-02,7.504450823119979130e-02,7.511441999578543083e-01
7.110414382172239867e-01,9.380506152451344448e-01,3.714245893788267194e-01
1.403746514009452939e-01,6.117100751101648415e-01,1.976301959276975939e-01
9.365545638546041163e-01,8.036814698055393391e-01,9.588208212706634814e-01
1.790894455082855385e-01,2.505690915501136429e-01,3.684099315981614886e-01
2.599372274186018128e-02,6.974691686512068944e-02,7.965377520385164001e-02
5.307425839893420427e-01,1.786344605115073314e-01,8.774785459935755538e-01
1.194871251594331607e-02,8.616968373547997384e-01,5.192106139357570704e-01
1.481870245784105977e-01,8.285140875491741053e-01,7.227467474667812475e-01
2.542810511310511501e-02,4.481485481120740522e-01,6.998977798696065511e-01
3.399619292581994578e-01,9.368320636514693156e-01,4.289437632109398546e-01
9.769681097954865390e-01,1.616338919276933961e-01,7.767170160694146785e-01
7.363651801001696029e-01,8.173261525032269326e-01,7.369718964471726474e-01
2.743172115592718008e-02,8.880081911161814556e-01,8.393599619352203334e-01
9.581581772427819610e-01,8.786510128727812452e-01,3.361656051143894208e-01
9.694788099017627170e-01,2.560085882610920738e-01,7.032802899124720453e-01
7.029564920649142845e-01,3.666613080757572529e-01,8.367327155640905678e-01
8.871033582962970510e-01,3.124928840706920896e-01,7.885416891930102645e-01
5.067763577224103644e-01,6.674467871839869781e-01,6.131011610999702599e-01
2.320781347310181264e-01,5.828654068996059756e-01,2.473704809039638519e-01
6.585763843572550735e-01,7.275299961445486074e-01,5.262172413938589477e-01
6.019796096937857222e-01,2.895842360483518174e-01,4.003831563179096609e-01
5.328049708122526429e-01,7.125367180369874820e-01,6.158841287006663334e-01
7.101152515958003564e-01,7.163885599849715291e-01,5.424616118900766892e-01
9.733595011043133516e-01,3.803609887637185993e-01,3.778028799475322552e-01
3.931259704746661310e-01,9.159275799280055530e-01,5.966797696237878812e-01
3.612613151677279699e-01,3.941175329225532487e-01,7.489358604775250283e-01
7.404130627238730833e-01,6.171504864898977871e-01,8.489113780272983245e-02
7.048225884015523190e-01,9.842544112763099706e-01,3.717686776829393080e-01
7.718133619776549326e-01,6.145905153460193837e-01,8.199053740381855304e-01
8.906562915831002236e-01,9.050334615593190746e-01,8.877861838057822252e-01
5.310055423436974564e-01,9.775037708994104291e-01,2.182837244690400968e-01
5.855354528741367748e-01,7.842722563818704806e-01,4.485547121079244137e-01
9.075963374399552697e-01,3.964668745567567765e-02,3.155866986068672775e-01
3.518674215141704975e-01,2.040728866577542489e-01,9.880150320633700467e-01
6.083134393891045377e-01,1.500708166836230983e-01,6.342886223832351344e-01
6.159053637471981757e-01,3.250960700825408223e-01,2.536551991189230915e-01
7.158645197385629100e-01,6.040962467649723111e-01,3.911818223940913830e-01
2.216126264986836292e-01,9.802568132284178448e-01,2.937110493303343173e-01
8.081815656431795558e-01,2.233821739009194118e-01,2.292550635965883155e-01
3.234038973337145517e-01,3.985663645214717610e-01,1.548431261654886759e-01
5.053659729982902249e-01,1.643288015937606206e-01,5.655654051640912616e-02
6.244087963491331550e-01,4.558243956592259449e-01,5.323227555627009222e-01
5.474336347987279749e-01,1.750007479911043218e-01,4.488201991344861197e-01
2.070526456760289902e-01,8.488789668754306295e-01,8.779416883776983704e-01
4.759418820549723428e-01,1.840284040113604469e-03,3.691758938369118503e-01
1.774894272922387106e-01,1.276084142189566339e-01,6.854989631531915872e-02
1.910067416841545462e-01,6.893561956503997390e-01,4.616024394505419126e-01
4.362741197570461082e-01,6.687743566910060444e-01,8.466368010149690759e-01
7.257981929226381412e-01,2.443484254116234933e-01,7.104044928289858785e-01
1.517892902866655458e-01,5.831729990453576873e-01,3.549302239494201983e-01
1.576095697761881187e-01,1.077825683390619682e-01,6.911639989461104694e-02
5.329029525892021724e-01,9.846505959742611891e-01,4.559822290881200280e-01
2.597786949794720357e-01,6.339795874819240673e-01,1.455528603698995616e-01
2.366720963927819721e-01,7.361968317252137739e-01,8.846887729984986848e-02
2.919995320033941244e-02,3.157147081943582068e-01,7.070477216163970624e-01
9.114913308069431119e-01,4.171307607143084351e-01,9.650261368362605952e-01
4.086111490078785380e-01,2.943200129193371817e-01,8.929345522613446606e-01
6.237731107941337783e-01,8.836268311531561004e-01,2.669460508700021162e-01
5.440698599502857835e-02,8.346873918307353701e-01,3.484251773162183596e-01
9.333859884801971596e-01,7.647279233724280090e-01,6.909372809167402263e-01
