7.475043586204149770e-01,7.180886183593662153e-01,7.866086744522928775e-01
4.536507474876511070e-01,9.652806948456866820e-01,5.660542306043885308e-01
4.468063872766193656e-01,7.243532898846487544e-01,2.021503081102572486e-01
4.535025758227304582e-01,9.431684575624328382e-01,5.318973636726725962e-01
1.693619162181125848e-01,3.539560461678786796e-01,9.875603535468595595e-01
7.182113308957180919e-01,6.132299062872906825e-01,7.932281035498561783e-01
1.268344895529331939e-01,5.240923416764285969e-01,3.268442445297571330e-01
5.824946986121716241e-01,6.425894510087459821e-03,2.113014151325143253e-02
6.605799841673680728e-01,7.271315069302265455e-01,9.042292367426261190e-01
6.341921942582687821e-01,2.124539306336123978e-01,1.482222121729619424e-01
1.554265472021126859e-01,8.191439499802600777e-01,8.928456460485715285e-01
9.414333481227026290e-01,6.169393302122372358e-01,3.443443512313174582e-01
9.664873315560116307e-01,2.104455650624514895e-02,5.779251971333079219e-01
7.911372800681799600e-01,5.573010789819138333e-01,7.131660641724477667e-01
7.107461928380887084e-02,5.766766864450022512e-01,6.878699397046326158e-01
7.274143304491270667e-01,3.353003999386886536e-01,6.346786894123606082e-01
5.715152852665872363e-01,7.414990746321439286e-01,8.831681228347879609e-01
6.582909583568377077e-01,8.040034295985953872e-02,9.505448319467616480e-01
3.711868704056051627e-01,8.758144055748773305e-01,2.591166381649938621e-01
6.759102433562735879e-02,5.539957848578960231e-01,1.774541797896255213e-01
8.553424084371065161e-01,6.718744023183158554e-01,7.264322039065786996e-01
9.716792891813186284e-01,6.793897085307154526e-02,5.910322034459776219e-01
2.874568649709720036e-01,7.453761229085570372e-01,5.209647885066549522e-01
5.024514755428113322e-01,4.168473566945543052e-01,1.567698239999290033e-01
6.469490421040313688e-02,2.756341461940838844e-01,4.888964003567329852e-01
9.903377587492060430e-01,9.160981174990787679e-01,7.476340240625851674e-01
2.356384885121414197e-01,4.971239387330650406e-01,1.819852150287207815e-01
7.403526579702379706e-02,7.110567437534164315e-01,7.078822954900884090e-01
2.557844098944842548e-01,3.228266638296066748e-01,7.162988453260056287e-01
9.862080341844662312e-01,3.923395178992999943e-01,9.646444477012031671e-01
6.651246726218683625e-01,3.526217409403357150e-01,7.839550832207884401e-01
7.316691085961563035e-01,7.531249050318709060e-01,3.562482101714903315e-01
7.961503186557784550e-01,3.767130025064557852e-02,3.233772038524317383e-01
2.506974726714652491e-01,3.801107603716493699e-01,3.129477363292111347e-01
1.413472365459991220e-01,8.577170358154463381e-01,3.414259099283325494e-01
6.840633869318341054e-01,9.520995829119699438e-01,5.618338024217472970e-01
1.047401010804984711e-01,7.826965281994949786e-01,9.242468503949737846e-01
7.060894988245819404e-01,6.073356051099749742e-01,8.772431277526759885e-01
7.167590908179130027e-01,3.801712182331532519e-01,9.197165215595864973e-01
5.857651499494886949e-02,2.367478580706424696e-01,6.323942938351571064e-01
5.817130215023519346e-01,6.033871026862468456e-01,6.479816131953398672e-01
5.995859032302078839e-01,2.553598283424923787e-01,2.061876064084912086e-01
4.273673846905949869e-01,1.060657543310226103e-01,6.752031102898686798e-01
9.589479841260850623e-02,1.817187732149335710e-01,9.159632313704468842e-01
7.148180666093723046e-01,2.058463837700938992e-01,8.504169008062892887e-01
2.304872379546805128e-01,3.466710962411549968e-01,9.425937855801781451e-01
8.685578079896418835e-01,3.008636799113724170e-01,4.250296618761647549e-01
9.174194461152412883e-01,6.744365557322233862e-01,9.396064599624633917e-01
2.219711592998069305e-01,2.592125857406939460e-01,5.664425544576926486e-01
4.499005918357311673e-01,1.401035916581102603e-01,8.254852227103425255e-01
8.469886744548860147e-01,1.066907291673887537e-01,8.612381793176198119e-01
7.716256869192891221e-01,3.529783937501729252e-01,4.632002799901435708e-02
2.101808314277709977e-01,9.093135343100133827e-01,4.624475889132813045e-01
7.345529268994306360e-01,8.284287189307948385e-01,8.313536076390476426e-01
2.500219278165526360e-01,3.217904415143000296e-01,6.205904988116689447e-01
4.847933596270820322e-01,5.820411401258684947e-02,2.779697762043582543e-01
7.135628034508610940e-01,5.151026066936291725e-01,8.323324669636863460e-01
6.505260774788598210e-01,3.580616933248528255e-01,6.000502596574681657e-01
5.622419156082958391e-01,8.231252724806282783e-01,3.712221332739549240e-01
5.347997666741906020e-01,7.786271197506335895e-01,6.461099435311921102e-01
7.683016269204480109e-01,6.638760156853871219e-01,4.111123449394828988e-01
7.335912484899707042e-01,9.186047928614090585e-01,4.934165985059070225e-01
3.715329410664593990e-01,7.625826666139879917e-01,8.055865780543910448e-01
6.954379284765851432e-01,2.865256887911205030e-02,3.378474626691574390e-01
3.186862120939137899e-02,6.090737941591165550e-01,5.562103646187389616e-01
3.088109937087233359e-01,9.673562455759117107e-01,4.739396218079680034e-01
9.287437808025342800e-01,6.682103060605641964e-01,6.727157938350114552e-01
8.376834268521584637e-01,1.015935077902918593e-01,9.660039063465983844e-01
6.855996517523788025e-01,6.061680986910839009e-01,3.267686477220016483e-01
1.437717706787000616e-02,8.305280737463259788e-01,3.698925009205118464e-01
3.593897994190645706e-01,1.457260576367641614e-01,6.019155048115211182e-01
6.559733186809758587e-01,5.516998443495173543e-01,7.090386838507048983e-01
9.388301853122413831e-01,1.007014765085979535e-01,4.529947224090086211e-01
7.125526558466042104e-01,5.431113797239378593e-01,5.413773745819426830e-01
2.399406432453971005e-01,6.038099700545234150e-01,4.973326575281489248e-01
6.372612019740919731e-01,7.401615391820118850e-01,4.182600237504631169e-01
8.516925791305648419e-01,3.841418589473102330e-01,1.623387112435116242e-01
9.287321334154408081e-02,5.687925124522719145e-01,7.186049403877601272e-01
2.152864783717546304e-01,3.119979426067848172e-01,5.504831328173105387e-01
8.230793144806625161e-01,4.217785255381809595e-01,6.400129467631101576e-01
1.710076076571509507e-02,2.845435885225152672e-01,4.405937932715455752e-01
5.338144741295020035e-01,4.448160949470332248e-01,9.845061990326343659e-01
1.241593119729148542e-01,2.700118777938765868e-01,1.874578342655309759e-01
8.918785839290355177e-02,3.017221513313191883e-01,1.853450303672963262e-01
8.378988758279979354e-01,1.198098542228880348e-01,6.727860481967766759e-01
2.563672803417931245e-01,9.006165787184428062e-02,3.489438528304141807e-01
9.703993625743048135e-01,6.338439137114789679e-01,3.604784267715493984e-01
1.364750330659252331e-01,4.952418014527560919e-01,3.138008243445084000e-01
3.188936169381829666e-01,9.861172316262060145e-01,4.557344838586431246e-01
9.196097144990530436e-01,5.811431628838803487e-02,4.508136273945427819e-01
7.769657238418500311e-01,7.943612657595241489e-01,8.317658790550828130e-01
6.179402523759246479e-01,4.409330743399041408e-01,8.237653598304008895e-01
6.381266155815316088e-01,9.824283850850139554e-01,3.292545180145260986e-01
9.899373195019911531e-02,2.376896246732446150e-01,6.230591744806117660e-01
6.202143587623543119e-02,4.222726441839216305e-01,9.099967382339624322e-01
1.901735609834782625e-01,5.225078857935422372e-01,4.107761509699927593e-01
8.412883624009738215e-01,6.836434691567432331e-01,3.033769007866830014e-01
4.111843391303182660e-01,7.777389187371254176e-01,9.833776238382023749e-01
6.731534451373054617e-01,5.672986699012229073e-01,3.229185228139380692e-01
8.976837977183359518e-01,6.740319615761736216e-02,9.468538345856694072e-01
