5.557344089262747922e-01,3.166516406322172905e-02,9.964522976209548855e-01
1.560866915048771952e-01,2.511382059355417029e-01,1.477274296843616996e-01
6.641249054511163541e-01,5.861450908070451327e-01,8.629348964403058542e-01
5.957603425025963517e-01,9.139969546302468828e-01,6.091330491983870665e-01
7.550125061293272433e-01,3.807864071202241574e-01,7.560816647599281071e-01
6.808258198764860492e-02,6.435443256155202185e-01,2.993391661018705019e-01
3.243737183985092587e-01,4.972659109767985086e-02,6.882299349805792721e-01
7.125638474676739831e-01,1.448156820164322456e-01,6.700949119498975648e-01
8.650161456954912342e-01,1.252340240171737618e-01,5.879550994645560413e-01
5.977911463441838436e-01,2.435928008083887431e-01,6.469217623932659311e-01
3.714714309259548042e-01,6.632598254608094157e-01,2.806003792798227314e-01
1.259347314171681553e-01,9.733498959663442474e-01,7.000323276194844180e-01
8.909593256153893748e-01,8.100224057371829822e-01,4.526187363913650730e-01
4.221026657079813837e-01,3.146124339151524785e-01,1.867135883518945549e-01
8.275404422044180253e-01,3.392378400148736706e-01,1.912102051475265130e-01
4.613773970474225328e-01,7.749919068372765896e-01,2.273078885929580295e-01
1.504573796110383332e-01,1.292833360076571791e-01,7.305068496809659084e-01
9.887674322830577456e-01,7.090136806745864773e-01,8.225397890571903847e-01
6.116540817189203283e-01,7.319662414363172775e-01,4.200376221318694592e-01
1.767752730302465380e-01,8.325237497603316106e-01,3.782462874145343656e-01
2.894203610224250767e-01,4.606129923585055019e-01,4.513951630794276193e-01
7.619996372021250464e-01,9.662035689460457544e-01,8.255650322142800146e-01
9.983367816427800578e-01,7.057821483008432928e-01,5.874695723187240981e-01
7.757740565705941727e-01,9.683110702345838483e-01,3.874055822030227914e-01
4.207981134432180470e-01,9.315270015295509243e-01,2.894756787719997559e-01
6.319554475656899983e-01,7.031106043539241401e-01,1.799847991786349688e-01
6.576687273918871979e-01,8.106328506451275784e-01,8.827648744879215137e-01
4.794989427491959111e-01,3.959289671167265379e-02,2.792528065696089357e-01
1.114824052140441779e-01,3.853902379145486279e-01,6.544455957434751614e-01
7.102185231759698958e-01,6.380444990380322867e-01,5.988768415503801235e-01
3.073309919652112976e-01,2.906701794041463005e-01,7.297299704962622036e-01
2.127045518485100040e-01,9.637462815579933562e-02,7.576796512396084537e-01
7.222130059400905244e-01,2.096591898842244950e-01,6.533566207537484516e-01
3.252298753640098239e-01,8.095702121099153104e-01,5.889891703580665272e-01
3.243782061039518494e-01,9.603342903661458152e-01,5.637639826922385966e-01
5.787669702567744823e-01,9.990181061454360689e-01,7.795725012416283572e-01
7.524284394932952980e-01,5.334234645940316710e-02,7.841678850454758543e-02
9.067681661239679336e-01,2.085899247380735844e-01,1.682384207861690184e-01
8.872942844156268549e-01,8.437994583944257165e-01,2.811533176821739977e-01
1.095643971810164041e-01,9.480891066285528357e-01,7.813054580713889585e-01
2.738445732728267412e-02,7.405592640272024019e-01,8.510872641963048713e-01
3.562272730134934395e-01,5.125454699343815479e-01,7.703371145014588084e-01
3.541124155370292126e-01,3.917748245173530153e-01,1.090353545825446524e-01
1.580928253865778732e-01,2.781435311593906112e-01,8.501136839406751022e-01
3.283133968198728159e-01,7.202006454931463297e-01,3.084943466174182580e-01
9.454045925183274246e-01,6.709248545342457737e-01,3.570796149199262359e-01
1.135302147519571259e-01,6.736742635495234222e-01,4.516531395568361695e-01
6.293031995334962270e-01,4.449366082811870848e-01,5.292429876488843332e-01
6.974898580267737680e-01,7.020324849855258398e-01,6.988755798330006375e-01
8.677414695932719191e-01,4.723241579212325014e-01,5.619618176999865433e-01
7.092027886651453006e-02,6.525826789654310955e-01,1.349710296860275882e-01
7.323471636802104667e-01,1.514227699408826622e-01,9.378263614598527642e-01
3.554647633870514634e-01,5.156241167316275575e-01,5.491324766669343216e-01
8.355140771601895500e-01,8.600977583364717294e-01,9.458160976833794864e-01
8.316719720517017356e-01,9.493988110007645087e-02,3.006659353919148847e-01
2.936302249052732405e-01,9.508063727663016440e-01,9.361430737131595237e-01
6.837048639180026699e-01,3.251120801749355360e-01,6.799605222458549036e-01
7.154427231994694436e-01,3.374999954103821143e-01,8.229855480875314377e-02
6.283238357827302112e-01,7.738446856625752490e-01,2.554282150531466122e-01
2.163975326319345083e-02,4.325043940646735585e-01,8.418710900006199926e-01
5.416213426306969447e-01,3.552251944324110733e-01,5.942218529229136292e-01
2.264354838968795081e-01,7.078812732055179691e-01,6.451252524762645102e-01
5.040065803090323371e-01,8.254079186003836499e-01,3.461623407382056206e-01
9.025052948918795837e-01,7.634281958626201181e-01,5.052732063934234352e-01
2.655011447617602327e-01,1.221793582849493021e-01,9.791127950122769930e-01
1.860405235756250608e-01,4.429550755462674516e-02,8.389638020115820494e-01
7.932073543521827030e-01,7.462613702198767074e-01,7.934646371458375924e-01
3.503216361055966344e-01,4.754243524563964707e-01,4.132287137393664267e-01
5.975725767281090395e-01,8.451353029961153895e-01,7.639342543492518844e-01
5.402313728483164601e-01,4.636059775009943040e-01,7.006869831807788218e-01
6.156313912575753777e-01,3.191017555089139535e-01,2.981836183038005794e-01
4.081311963499698603e-01,2.795410026368978507e-01,1.667790654309583287e-01
6.473203413875047163e-01,7.010887913688057527e-02,3.566866680893749919e-01
3.319641480500856723e-02,9.610559518731939255e-01,5.128936163436492723e-02
9.848536563740013516e-01,6.922326143564381251e-01,3.911329404008978550e-01
9.551984180394387236e-01,6.815677489827612900e-01,4.351978313497327777e-01
4.523696837986250774e-01,7.875121971056707748e-01,9.138002164516669801e-01
8.286029389630548136e-01,6.326430416737146567e-01,1.154089447148644032e-01
8.840560367742975600e-01,3.840294978004730186e-01,2.106066958951783308e-01
2.198519894710382339e-02,5.392431317049839468e-02,6.726017199852195594e-01
1.381111149892068068e-01,4.702265704188953732e-01,9.254952437409325050e-01
1.071423881220390228e-04,3.448129352348020538e-01,3.348368783111860258e-01
8.163941858330102663e-01,8.833297990447174231e-01,9.474928021306776582e-01
3.303194567732824494e-01,4.482053535622809726e-01,8.483460289355628792e-01
7.935061786453553312e-01,9.865062667546021791e-01,1.431481700115465605e-01
1.154454934093572804e-01,4.056800796792257024e-01,6.600637050950997065e-02
3.942964786937223076e-01,8.031955173553450011e-01,8.089053617448328515e-01
6.577874375160325249e-01,6.899563607694773060e-01,3.871070184105850354e-01
4.779715707181617645e-01,1.517130637172545704e-01,2.298950465371393248e-01
4.825280775760117935e-01,6.780717733726022711e-01,6.426400657227063773e-01
2.848572732153417109e-01,6.123950028414265612e-01,7.820512677663264967e-01
4.844073194996488807e-01,9.655924732446781178e-01,7.502897853071811562e-01
4.860950123602547635e-02,7.847065777725089619e-01,2.389287074860418914e-01
2.479058499222019929e-02,7.241460015680539763e-01,8.661563188513379252e-01
3.901887476715801828e-01,4.582780192225681670e-01,1.611488591885390509e-01
6.640642492537199848e-01,9.166076848747979344e-01,6.363130108740771007e-01
1.106758946624850637e-01,3.887667136299060022e-01,6.611706908965833129e-01
2.784298174780414081e-01,8.100825684225619883e-01,1.371669755716121708e-01
6.338033761204113770e-01,2.155487010967354067e-01,8.295986459424343762e-01
7.046334207213302836e-01,1.859626536710322631e-01,3.592263315423585013e-01
2.970446485458987373e-01,6.234781820388208828e-01,1.004701166613967134e-01
6.700661593645196312e-02,2.553108129144345817e-01,7.580515976496339237e-01
4.597511063847027346e-01,7.557421627867714209e-01,7.666363473872439549e-01
6.542077181549343923e-01,3.487431917147970628e-01,7.734721069829527673e-01
3.102242293313328680e-02,1.405186339349187019e-01,5.010734402013957700e-01
7.959682135852121920e-01,8.801603243371949326e-01,9.772558775124084995e-01
7.995411135828447424e-01,8.864070503899064146e-01,5.895356387297802092e-01
6.468551899155244866e-01,4.440739816206012991e-01,9.008058033369200635e-01
9.928251612338441223e-01,6.656796392984396515e-01,4.706574038632113099e-01
2.363381900379449840e-01,3.704700950551541583e-01,8.872905383467166729e-01
5.973160999487826528e-01,2.104496949824297136e-01,3.043269594954367552e-02
4.049373699112129854e-01,9.651157688868240436e-01,6.135610414420274994e-01
6.810632178371303080e-01,5.856115568958935036e-01,9.896776020677872099e-01
9.785302118002612293e-01,2.667183416417747699e-01,2.061019131962853468e-01
5.963075441886163119e-01,4.863371708551500472e-01,9.108174281441132614e-01
8.933841841473060263e-01,6.138222176040961653e-01,9.519301333482355076e-02
4.376439263528945078e-01,6.573246054129205929e-01,9.732410776048984191e-01
8.915893183133238864e-01,8.632156758676303721e-01,5.709458838550368620e-01
2.569981512528467515e-01,8.273677885796634213e-01,5.454325306453067235e-03
1.006489643492740615e-01,2.623155434067732106e-01,1.523401523416808567e-01
2.835458610303802640e-01,3.538289981429800779e-01,6.138654499989966151e-01
5.373702432594248402e-01,5.411609636532431766e-01,9.018030961537976120e-01
3.696886216564504446e-01,4.641925945476677029e-02,3.165766010945393338e-01
7.277456458094540004e-01,9.964184886809025476e-01,2.759276512783159774e-01
3.276514091398067263e-01,3.705713925164479949e-01,4.259071076925130539e-01
5.658299955210306376e-01,6.066769592857140792e-01,8.547975117879663687e-01
5.059076049641308970e-02,7.770767883748157523e-01,9.531653209711474783e-01
9.434233623182641804e-02,1.293921065715734064e-01,2.185240845543339194e-01
2.893629740148656593e-01,3.491362108388372798e-01,1.730085961704040942e-01
1.867937939232779954e-01,2.397002355299235887e-01,4.867500910545348169e-01
2.661271158550608806e-01,8.412586441121729930e-01,6.011659263181109436e-01
2.185525880488704553e-01,4.189488646894367063e-01,9.994110893088460346e-01
1.083035271680513612e-01,7.314093420076406282e-01,2.567370529208632401e-01
6.065789298978774280e-02,5.910356549249651259e-03,9.098333253487652650e-01
6.436182008053149550e-01,3.086660666567883071e-01,4.957851072540074844e-01
9.912044499248021667e-01,9.576322333956079902e-01,3.620354734709001487e-01
3.927141128174327367e-01,9.843810190572727103e-01,3.610480968060697515e-01
6.371409080244662126e-01,7.782013076989544587e-01,3.843820335384408038e-01
7.009326135558646698e-02,2.546199886627225073e-01,9.557366762738862542e-01
5.138640537103889017e-02,6.026966223193755967e-01,9.566351424570810336e-01
2.812332530596769464e-01,1.553883665138623416e-01,4.417424549248730736e-01
1.800454218318332522e-01,6.736546621543031410e-01,1.765963496682756428e-01
7.764816193898962382e-01,6.629379874376278847e-01,1.762812539339986273e-02
6.390033333129027104e-01,3.642068622222891516e-01,6.999634308982287667e-01
7.422071538993029183e-01,9.351850031027372223e-01,1.252436573973839673e-01
1.090655928715067446e-01,1.397092320895620965e-01,6.944273192067684786e-01
7.888286590132468357e-01,6.654897444804778184e-01,7.608100918674084445e-01
9.346516570332952245e-01,9.498546390623062718e-01,7.829021914589203712e-01
4.454250425309557171e-01,9.184797839413596510e-01,9.402234323504816693e-01
8.987918063189301865e-01,7.413903547303671848e-01,2.072298098913097908e-01
9.337535932234896086e-01,9.879657594821500410e-01,4.650442738491807892e-01
5.083704870872191028e-01,8.995970490709481737e-01,1.447278107217575549e-01
5.310423429212632884e-01,9.563332919930880305e-01,8.106612124627480265e-01
9.014019448673623591e-01,5.738610370627014179e-01,9.210612560466993060e-01
3.601439236342866002e-01,8.975466296337666350e-01,7.509567669654090283e-01
4.306505615878851723e-01,4.382020837262460278e-01,3.128832222998677581e-01
9.744832510402773318e-01,8.271464359473357231e-02,9.236500072212847634e-01
2.190242228494242438e-01,1.471579253324655223e-01,1.907384008994832403e-01
2.947095838585825911e-01,7.018673984073731109e-02,7.829419479254564607e-01
5.376802717412656474e-01,9.846910596642747260e-01,9.881868237097211072e-01
1.769902822422009248e-01,8.720573302091926271e-01,6.710298203171435327e-01
9.346420832096131726e-01,8.884221916838186406e-02,9.602258327741712840e-01
5.660804222952332543e-01,3.923289018956397367e-01,1.591275824516417137e-01
4.048128302667554079e-01,3.124257080809588194e-01,2.638900347996707696e-01
1.240485230844312614e-01,1.265072963996075606e-01,1.332619324939219307e-01
7.716945022317390768e-01,7.593000163756996601e-01,6.085939508547369980e-01
6.599284612148216267e-01,8.899171988194173322e-01,4.619202866974310151e-01
2.565531849244576668e-01,3.193840429925358659e-01,4.579033128645584316e-01
4.750161251011135732e-01,3.646692100046857732e-01,8.744830336315463359e-01
1.541225021482230950e-01,4.192889578691820773e-01,1.109003798326682055e-01
7.198638380032814643e-01,4.417089774412013004e-01,1.286647348972105309e-01
5.966950553628969089e-02,9.704434948077801382e-01,7.615652508757605466e-01
8.523321680758698671e-01,8.302183970339623853e-01,1.479109730667208522e-01
4.716564663699518434e-03,2.063427449552985848e-01,8.281129307266242856e-01
8.959007576328674727e-01,9.196079522456725996e-01,8.537263288351721879e-01
6.677703129337079213e-01,5.251234802089820297e-01,1.214836253294888646e-01
8.417738199583737480e-01,9.354834756674945684e-01,1.891301593706024020e-01
7.155532475098558276e-01,1.056533317785200987e-01,6.887526481297229219e-01
9.607518300789842369e-01,5.091781054493655922e-01,5.303338344729207066e-01
8.955957569911677796e-01,9.513237307523370045e-01,4.778495938990284797e-01
1.541814637761163009e-02,4.509614834164061836e-01,1.109045109277960739e-01
5.252497279095528215e-01,5.778847051709502525e-01,7.921715377089649790e-01
8.716940025987145457e-01,9.519257595147042617e-01,1.859144972413032670e-01
4.411414152272183919e-01,5.380741856538092671e-01,8.992403557755062060e-01
6.961572787030080312e-01,6.355533532054106205e-01,2.404046870188242258e-01
6.286553414656907979e-01,2.493749170153981565e-01,4.353609865795015077e-01
3.175642380483325589e-01,2.017020443365331595e-01,9.358184441668624398e-01
4.376770952588984187e-01,5.193906591800208083e-01,4.355127384265971013e-01
1.981407139722920485e-01,3.508295553884047679e-01,4.430835231026341026e-01
7.056177540197340337e-01,9.840489828059829636e-01,2.466047938426279007e-01
4.622514857513829734e-01,9.503392947743192209e-01,6.095669846732257868e-01
7.885364016588900515e-01,1.037055710076050241e-01,5.514289326516172984e-01
7.814836764117301104e-01,8.277699470797362791e-01,5.907580057570378518e-01
8.223305153314544036e-01,5.434918566071478274e-02,4.934407628337230678e-01
8.820289068315659842e-01,2.422467161023514892e-01,4.409618590819348594e-01
3.355654385249673410e-01,5.311295704776949345e-01,8.632580857425486975e-01
5.369350810312023548e-01,5.941473881980987581e-01,8.124262709576028918e-01
8.638964521203466029e-01,4.817771266973508437e-01,9.744866905456934791e-01
6.413318924677565702e-01,4.963448494809541423e-01,8.715599379691066906e-01
3.730249425926202012e-01,3.801007620034880796e-01,5.724710983357560456e-01
3.725251620743307290e-01,3.569367853220667408e-01,6.791379003673796433e-01
7.301063652589302455e-01,6.671407550480393800e-01,8.375159996568438681e-01
5.025275566235697378e-01,7.779266480355289115e-01,4.103503327080202379e-01
5.827962658266958584e-01,4.535156613329057729e-01,9.019973942908288134e-02
8.633394425175040521e-01,6.314150341274320510e-01,5.504829817128807923e-01
6.740243269530188375e-01,8.908311066016384450e-01,6.892748519002930285e-01
9.232702222597609643e-01,2.738779977250818121e-01,8.518460308388097202e-01
8.639169982450755070e-01,3.730264345575374785e-01,2.791028233836290173e-02
9.187315293397855243e-01,6.843700892585088402e-01,7.721847519591266140e-01
5.836574186541321207e-01,2.356707816765715169e-01,1.650393612564763357e-01
9.574191197931621877e-01,9.403111259995370341e-01,1.013604326049019067e-01
6.066374403503440593e-01,6.075933843935071854e-01,8.962188880065543595e-01
3.404177572183568756e-01,9.543017717382240583e-02,5.175325406225875779e-01
1.595091511440546173e-01,4.494561030648687172e-01,3.304557396313848594e-01
5.520638865172250442e-01,2.148005421365447587e-01,9.882542311247093370e-01
4.977457012682739990e-02,4.272688015496887148e-01,1.989800451641065004e-01
4.367194868188939427e-02,6.208210042512519733e-01,9.222089030559330602e-01
6.046966485190717888e-01,3.034518147295900414e-01,5.050558096284656351e-01
4.423277812363040074e-01,2.637448968485455181e-01,6.998059257752783369e-01
7.000160374105658390e-01,6.987650946095756987e-01,5.571250332671813243e-01
2.167754899920237843e-01,1.733542974857904539e-02,9.705808700326014060e-01
3.119487861646360605e-01,1.469125838900019465e-01,3.207658555428705149e-02
6.895157291930354981e-01,1.108450178940841857e-01,1.330276137475510101e-01
3.054920404345672358e-01,3.980142083017889076e-01,8.116533220849078134e-01
6.760342623879911361e-02,4.019061683227669324e-01,5.884975445937702387e-01
6.106907664645646605e-01,7.977425187667092077e-01,5.963697380511258084e-01
5.610207609324400213e-01,6.115097356521680405e-01,3.618229694606140967e-01
1.669704271509317994e-01,1.941834640448319993e-01,7.624767703721764267e-01
9.135855469991527311e-02,4.770187941084548244e-01,3.090503891360982802e-01
6.080212884992535205e-01,3.920018974001648893e-02,6.226754280146176157e-01
4.194399712728000829e-01,7.824475502495810142e-01,5.104359149629019710e-01
9.165412359951388144e-01,3.346176855902164293e-01,6.883348951524966841e-01
4.321354859693224970e-01,8.262340755791600655e-01,9.314361858928610349e-02
7.286502053277439384e-01,5.270975595206438546e-01,7.438524481856959580e-01
2.452609901698272754e-01,6.635720190747661507e-01,7.890198597687040349e-01
7.927905897642996136e-01,2.996897581992479243e-01,1.860599896911945272e-01
2.443118293518528050e-01,1.939555244536800283e-01,3.708609445348400868e-01
5.334749692724062298e-01,2.077722134717114866e-01,9.591657447467655251e-01
1.781423736462635077e-01,2.001441858545744967e-01,7.838522438692733241e-01
3.588090431724753060e-01,9.736021432893767757e-01,2.526607222992086621e-01
6.641417709843683292e-01,6.839564070803905160e-01,3.169966447115635244e-02
7.539178933701941032e-01,6.375490875261653478e-01,7.274705580979640152e-01
2.846143559478100382e-01,3.045197055417482312e-01,4.333679503186685933e-01
5.943176197187259868e-01,7.108998878204404459e-01,8.743136049999077342e-01
7.929796922435417006e-02,9.706774352009146511e-01,2.254395393651524859e-01
2.447144855690337462e-01,5.874738804165452466e-01,2.454057373917462037e-01
4.781501949793796058e-01,6.217259144273190596e-01,2.329955211697073425e-01
8.209741426539353126e-01,7.491015008244857887e-01,1.299849509822673665e-01
9.398037655633209031e-01,9.126683503986178225e-01,4.063269722085272040e-02
8.758599657388308479e-01,6.254434683907177384e-01,6.167176711083077745e-02
3.660893038862075288e-01,5.214684116637668954e-01,6.676610019247505301e-01
8.364521553630059891e-01,8.507538111415624549e-02,7.495602796471493301e-01
1.719346531242592624e-01,7.327571500679436189e-01,6.985464879359090107e-01
3.955571645634573530e-01,4.205071453508103518e-01,8.815656512821190560e-02
8.316586178750774438e-01,4.555615827674643903e-01,5.513005158816686180e-01
4.186862108036107921e-01,3.131158433323257828e-01,1.538090012591047939e-01
4.223385075074940209e-01,1.131758258356471147e-01,9.116454898951068531e-01
7.937175380854014639e-01,4.107553849319764971e-01,6.767680173619861073e-02
8.586592994189565786e-01,2.093642486951952097e-02,3.339268777316058978e-01
2.569431074874839460e-02,4.498363338901796293e-01,5.484688791745327974e-01
7.950386107423926818e-01,9.230452592322583305e-01,4.719580885831983208e-01
3.946970726880424385e-01,3.397338267878023954e-01,4.086645136923746646e-01
1.039446491251646565e-01,1.156182006580687149e-01,6.736670935938914306e-01
3.961510100162884962e-01,8.081920664007449240e-01,7.657570330745502307e-01
5.858453863323555000e-01,9.008589085678827546e-01,2.922162175765706804e-01
3.909233214073957186e-01,1.797688241734527459e-01,6.171265915633743493e-01
3.490811429790551257e-01,6.696341585432242782e-01,1.481045898823085682e-01
8.655080550935915218e-01,3.343923300491673523e-01,2.605294632219377071e-01
5.674344217796714052e-01,7.800720416346785813e-01,7.756913037626775864e-01
7.145884731837446324e-01,6.813352436531424638e-01,6.039290974831691416e-01
2.030004618919430959e-01,9.561578567758018954e-01,6.231281754397414163e-01
7.828196484867671057e-01,5.201696791642809181e-01,4.955945776936048208e-01
2.343356169394643640e-01,5.189879028279984485e-01,7.319187156575207576e-01
6.189151264725740731e-01,7.530361691042721795e-01,7.661816292254706173e-01
2.212306207768253152e-01,9.516842227816224575e-02,8.110212266819692983e-01
6.342645935998333373e-01,4.785967288439955114e-01,8.414271894613776226e-01
8.068072913288304449e-01,5.200408154061351151e-01,3.028836955478174664e-01
2.986324043166459496e-01,6.720412937512003637e-01,8.414066551833212504e-01
3.774674715330358366e-01,3.870406464436753069e-01,3.103993487272533880e-01
1.273683750547301985e-01,9.039712598292277690e-01,7.825336772895484794e-01
4.513387603305206719e-01,7.665674966149468306e-01,5.019137283383249271e-01
2.456645199974494265e-01,1.701391255068857022e-01,5.097293734972441204e-02
2.849848367379281822e-01,7.074941744394330767e-01,4.355429989869112894e-01
9.515993916951506204e-01,3.378896186970403726e-01,1.060042821212172637e-01
3.303163323274057595e-01,6.828132935973044715e-01,7.870947128784009372e-01
5.329419284457792561e-01,3.909921944581856712e-01,4.964652670264713130e-01
5.030751406675061377e-01,3.497255960377366746e-01,9.573697045498212876e-01
9.697319639228256793e-01,6.375574353126856053e-02,1.344428635232197689e-02
7.996870462315289751e-01,4.183311277057206734e-01,4.419418920925519689e-01
4.659989232227704781e-01,3.550841946208516120e-01,9.997569824967424967e-01
4.837806759362066611e-01,1.200086896421681537e-02,1.018202957467819747e-01
2.515336468038605888e-01,4.520838524607961872e-01,4.017273299289585431e-01
5.236714892774766428e-01,4.722181889249409403e-01,8.241940774844591644e-02
2.441980637640961405e-02,4.701690797206284911e-01,8.442189419526253680e-01
6.077308620754066082e-01,9.716250698005179931e-01,9.694893113351517044e-01
2.182322873476021385e-01,9.062104605129498447e-01,9.586513819234137035e-01
9.049922428472245706e-02,1.996996059695763659e-01,8.590499911519128284e-01
9.773925868852425536e-01,6.952336387596399492e-01,3.921721357928178442e-01
3.018605743281277398e-01,5.123430511926740927e-02,6.326195371800349410e-01
7.843660991507042102e-01,8.191714227425439532e-01,7.395243380290404955e-01
2.531652243426789628e-01,9.801794664285582437e-01,5.860677913994928323e-01
7.377958415596252983e-01,7.941585427398012431e-02,4.347712085375335933e-01
2.570222698220921975e-01,4.315091577973366732e-01,2.370225443584932368e-01
1.746661773001588758e-01,1.619540808038738566e-01,2.729767405737327790e-01
7.053801599701560177e-01,4.041046519537438986e-01,4.173254691172600950e-02
2.649178703447395700e-01,6.200015432703084306e-01,7.159454317731882567e-01
6.984632515679827236e-01,4.740442245378110320e-01,2.505141538151800518e-01
7.844078350252917664e-01,9.306363506822312726e-02,3.534198623090378799e-02
2.516766864809111270e-01,6.927259007237924759e-01,3.735693439149023742e-01
6.819971268909988948e-01,6.394309193839052829e-01,9.861540595662630082e-01
5.679144912390420297e-01,3.830003323220728673e-01,5.842440344659310947e-01
1.891435975183791696e-01,8.197453742604566829e-01,1.183721465542828533e-01
6.449910999186868610e-01,7.400411415936014592e-01,7.013462170791745498e-01
2.696916460667072579e-01,7.950233228596366164e-01,3.646612615121791467e-02
7.618508607145637601e-01,5.522623886579314245e-02,1.036746514664664831e-01
6.822594248433133668e-01,2.951358935037956543e-01,2.775365545426010661e-01
2.281930303802190974e-01,4.011837159022491051e-02,3.826236202697974598e-02
6.035638618307873626e-01,8.722773428066217249e-01,4.252756192045021866e-01
5.847501599839138864e-01,1.615627716885021936e-01,6.314013883845324138e-01
4.955330259793768732e-01,1.919052907208204095e-01,7.685266705049481617e-01
1.501165227999539109e-01,3.772854233529182588e-01,5.192470055208415758e-01
3.705280222057122375e-01,6.232660976538292319e-01,6.129662436638181333e-01
6.770096598276013067e-01,2.143601926094044208e-01,8.932496701404191164e-02
5.672912653451510634e-01,8.552931422612175538e-01,7.285138207271225630e-01
2.785339834438006479e-01,9.610647944044999891e-01,2.352137813547905409e-01
7.915137545280626075e-01,4.617203152989020065e-01,3.115003041164622344e-01
1.254050295916633306e-01,1.400819862037129271e-01,9.881281970647134427e-01
7.712320708454464269e-01,6.132253397669817918e-01,9.612433176796111312e-01
2.544429419786762292e-01,8.183817411424121335e-02,1.548410327352585103e-01
9.815423264491258681e-01,4.114647875420553991e-01,1.343510300703710802e-01
4.775946355566883517e-01,2.758549375144996318e-01,5.881136589706690287e-01
8.328343448653598990e-01,7.584833257745854374e-01,6.383054529371667840e-01
7.346921887508678362e-01,7.550023691356569921e-01,2.903195951046864121e-01
1.696477870963259971e-01,8.490802478098147255e-02,3.494652820763723966e-01
5.829256654124000958e-01,3.385325265584073762e-01,9.113075694270590388e-01
2.797135773297539929e-01,6.029456005135760410e-01,8.911478617349533060e-02
6.292319146550878761e-01,7.354403173258967641e-01,5.063062988085665905e-01
2.440867003889348741e-01,9.204368411397173544e-01,9.419677315869851020e-01
4.624829127182613631e-01,4.994171019287960700e-01,7.546811634098216093e-02
9.186206154092169118e-02,5.213123347603422220e-01,4.961762553773256812e-01
7.440264762799976284e-01,4.267251500509794404e-02,2.202966217924935410e-01
8.111416563567197535e-01,3.077592821829915337e-01,3.827121641069967106e-01
4.976261300391527920e-01,4.698370717239397365e-02,9.931655589907736337e-01
4.003434004165495885e-02,3.585251666730432385e-01,6.583678390765625998e-01
2.163179219797528585e-02,9.927559691912964945e-01,9.235178747908546759e-01
7.073193812630286237e-01,9.618556026304136974e-01,1.293445974791023190e-01
7.234610769982391387e-01,4.323946793112593001e-01,1.397505959203038106e-02
8.208125507186420089e-01,5.809966162673305679e-01,5.306007970643300542e-02
5.950904336076167089e-01,3.431308932455585659e-01,9.913321948074931278e-01
2.489459529797566351e-02,3.279197133490693306e-01,8.329005894072052385e-01
3.604620684975786693e-01,7.380876015838154780e-01,5.380572755566337406e-01
7.723596860364725369e-01,3.866824525891666697e-01,8.907874137545539472e-01
7.747216322252203913e-01,4.640454225480672434e-01,8.786338065200595127e-01
3.853568403237096485e-01,4.017785920665277732e-01,1.895756008289286587e-01
6.939473962728608392e-01,6.048800189533224403e-01,7.780388149199912728e-01
6.489237758097332609e-01,6.140631992372912462e-01,9.693300921392750125e-01
5.549678772550945549e-01,1.954927147699099255e-01,6.170038693170178945e-01
3.995452200559730382e-01,3.749284589488590669e-01,7.858600988599382386e-01
9.414341071083927037e-01,8.332256155229578187e-02,3.806624519595811496e-01
1.859298504522851614e-01,8.307497630918377896e-01,2.154128676585045365e-01
7.614031628476285452e-01,1.633486181254227843e-01,2.662710897829527745e-01
4.098773725348073826e-01,4.746854804720220811e-01,3.578481579213180774e-01
2.450657269685090345e-01,7.964286937434306157e-01,5.375003012886272469e-01
9.886615620654242154e-01,1.293453346563704365e-01,4.535349530560317532e-01
8.576719550909305267e-01,9.510682971778026129e-01,8.463548201643158464e-01
2.850774246024976311e-01,6.380427205797515322e-01,6.410364534524193303e-02
6.788963169925816832e-01,3.137094776847455524e-01,6.742768167962948089e-01
9.887357744491565015e-03,3.744187540000256664e-01,5.659045516579026547e-01
5.556676950730450315e-01,8.789432117208453299e-01,5.090549040643793655e-01
1.137087216644611098e-01,1.916592260459425434e-01,6.864630776284513791e-01
1.937832303343822726e-02,8.373462257761909999e-01,6.600085995791069582e-01
5.828847282975269106e-01,5.143267105329260014e-01,9.508272658263879906e-01
7.741025572095553420e-01,5.235126831298622108e-01,3.331869711786337174e-01
1.071644307975329058e-01,7.609396360715634522e-01,1.151084783511567844e-01
2.751585093206952992e-01,4.237545324804111724e-01,6.588466512106109230e-01
5.544007883888043553e-01,6.237055691432884519e-01,2.768105349377383284e-01
9.061267588326290534e-01,6.248068974974874124e-02,4.772985345329781026e-01
3.209149768935156688e-01,4.713260327903152636e-01,3.894774194916991172e-01
7.851902942471034041e-01,6.048759169147188697e-02,2.924627222660567405e-01
4.500498178842471386e-02,6.411831208148922601e-01,2.558515352190767755e-01
8.884432942727779059e-01,5.724767613033944214e-01,4.084167450638880315e-01
7.733730246844842116e-01,7.684029191298569206e-02,3.270525553718697243e-01
7.979064957667015845e-01,9.354322836974371391e-01,9.653720370520693095e-01
6.162528660308113082e-01,4.321443550888636187e-01,5.526517777559094569e-01
4.070040265678458447e-01,6.575070276943676406e-01,8.115435117563958300e-01
4.820420392196712589e-01,8.610704531098491987e-01,4.777083749659850609e-01
4.228728513337698391e-02,6.289386785084649656e-02,8.354253822703251453e-01
2.633642099711286377e-01,4.774958467442765864e-01,9.607071177364018277e-01
1.539153911649049356e-02,7.569220958837992175e-01,6.396995724656412419e-01
5.578624185031799687e-02,6.994063375967182195e-01,1.673131755856405167e-02
9.067188972364870203e-01,2.638381534823698304e-01,7.873866687055416369e-01
1.788147273409207427e-01,9.481379572214407858e-01,7.735075883682507314e-02
8.346811927898254435e-01,2.869048631200797894e-01,3.960143080421795192e-01
5.015536574157488658e-01,6.462915000764321016e-01,5.193531543162406283e-01
3.935251528644461150e-01,7.309866863924884273e-01,8.492206454693426165e-01
1.286243488556602088e-01,4.645384503849493418e-01,5.489610874164329024e-01
9.533933903876518068e-01,3.477945001910972556e-01,3.497145857944223835e-01
2.023102525717179745e-02,7.128952753546886623e-01,4.698159787107281105e-02
6.627451893638749425e-01,5.962455877262329285e-01,1.941011577263296317e-01
3.423774903268382852e-01,7.997581080985409763e-01,1.900715050139828444e-01
2.885712247442970835e-01,9.958759097052447551e-01,7.896100164519115339e-01
1.725457783887047736e-01,1.108921619472511555e-01,5.050739270322561758e-01
5.806731466094392502e-01,7.872052443780227504e-01,4.348936111872908628e-01
7.780049054180064871e-01,1.321888354270133181e-01,8.703909501449734742e-01
7.717727196401068523e-01,7.381494631447247379e-01,4.234427276023141618e-01
9.269876759424003909e-01,6.198659375964991058e-01,8.686457798822612153e-01
1.945289622818078268e-01,3.591895609263520139e-01,5.207609698335581294e-01
1.459668259409800939e-01,1.880723772865317001e-01,7.263907775642509668e-01
5.613946079861358296e-01,7.934903603243586012e-01,1.890572383590718442e-01
8.020757629920989284e-01,8.332008560580022039e-01,2.523619471770973677e-01
4.439400047945689654e-01,4.852095619705267815e-01,7.251846366431422553e-01
7.571345999667701276e-01,5.170560451635208832e-01,8.681645370711854603e-02
9.954813568356329911e-01,9.244166070252458622e-01,3.642780532715611530e-01
1.939607037881061480e-01,5.953144192006334379e-01,7.055428889723811547e-01
7.706571847973198164e-01,7.983465872745193481e-01,9.831746987426571716e-01
2.547552693482449948e-01,9.297755500819124830e-01,1.652379619506555430e-01
1.558870956315794309e-01,1.503316015527378369e-01,9.378937249930771047e-01
1.596179671446552595e-01,6.044852383387848693e-01,5.386161941910105888e-03
7.924036502915771107e-01,3.062532623853314595e-01,2.855424535967714395e-01
1.846213583025030358e-01,7.312457063338457797e-01,7.749208675403161939e-01
1.113610077085109840e-01,4.868741525948512283e-01,6.266824050020085579e-01
9.331012475333655409e-02,8.222224844968849533e-01,6.902104034444467295e-02
6.665261930934651691e-02,5.181610382398064152e-01,8.583149511779076812e-01
3.922082887264277673e-01,8.600420039335904265e-01,7.923631729892495201e-01
9.215057722526951434e-01,3.611896977808836118e-01,5.663806387671975751e-01
8.372951826889744043e-01,3.488545246167713554e-01,2.085183874505793789e-01
4.187561777895026927e-01,6.355332508705994199e-01,8.498848640697503898e-01
7.179557870817692145e-01,4.633813369296293505e-01,3.886976353279536500e-01
8.395742334909194193e-01,8.230450460746613350e-01,8.651180528132835779e-01
8.945678525416089766e-02,8.433896978420575286e-01,3.382441562726533624e-01
6.790644413219789621e-01,8.013195433506419274e-01,8.988442407235931464e-01
8.261059504856955726e-01,9.436987814541633046e-01,6.751789824845310095e-01
5.983793064416426111e-01,8.803831965470364507e-01,4.464493954810789811e-01
6.367727482521050586e-01,1.734841018662952594e-01,2.366859070376385876e-01
9.437851600964844989e-01,2.015614608093920790e-01,8.610433242779041985e-01
1.753948351003565831e-01,5.482692313154421404e-01,5.487826093375112180e-01
7.202638870007644911e-01,4.814869983574043832e-02,8.210723491358070669e-01
4.084352876705058533e-01,6.491698561037717585e-01,9.520507182639549315e-01
2.122417888766967575e-01,3.618127259014983776e-01,3.930525371411343061e-01
9.533743129633127644e-01,5.055971287091303168e-01,9.225184183462793452e-01
7.766862597005100843e-01,9.475319403743065472e-01,4.612920337504611279e-01
8.284294063462956936e-01,6.472237683032645572e-01,7.100480946010634398e-01
8.934528778687552686e-01,9.222063595421565729e-01,2.056462001449824717e-01
3.015882181880537027e-01,4.309168157969387458e-01,3.218958785506687015e-02
2.441569595929732328e-01,3.896012278834048992e-01,4.380365415706533039e-02
7.903563016465361413e-01,8.101538594746724442e-01,9.649085039181189982e-01
9.969747091693892393e-01,7.531425206395846450e-01,9.224752116686171233e-01
1.273153901518864206e-01,7.923305733034009535e-01,6.148723942054826752e-01
1.399345321558407296e-01,1.935750572966117300e-01,3.192559563393932986e-01
5.342438010387556835e-01,2.684341262382640148e-01,5.944657414812168916e-01
9.744961993539518197e-01,2.007038705463287664e-01,4.766516500428205072e-01
8.680895866442240871e-01,7.143080253253535350e-01,6.021159137079351575e-01
3.216844905469988802e-01,5.233696893890379398e-01,6.109913829838752308e-01
2.535485693307526489e-02,4.354922499249231915e-01,6.125815636741458459e-01
8.277811671518294778e-01,7.014786513264751333e-01,5.208743973491711809e-01
1.793428208352212394e-01,9.281649612748670286e-01,3.151475585653532585e-01
4.250120010790191527e-01,9.026946261843854513e-01,5.986140473178228616e-01
6.342274674330917739e-01,3.416456710499341520e-01,3.225739313626500016e-01
3.946099583444618863e-01,4.607086189989318958e-01,2.482397155538728084e-01
9.638156624604226064e-01,4.412978112205367953e-01,8.330064805369200576e-01
8.746494359757296388e-01,3.346176156450645367e-01,3.488968033520937206e-01
1.707832404516609337e-01,9.637783818960021787e-01,6.161240959121982996e-01
9.159561250725306580e-01,4.957662838810131811e-01,3.458188413422599305e-01
4.423898187916243119e-01,5.059010421692189396e-01,2.963675128087585042e-01
4.733937828454414243e-01,2.897151671124912342e-01,2.576949856243623271e-01
3.081653491379124921e-01,5.689298469699385352e-01,2.676598084592223259e-01
4.196851931716997219e-01,4.094636276394733043e-01,8.502468634463365982e-01
9.674173337226822378e-01,3.689395013878296048e-01,8.461572194293788263e-01
1.537586522091243246e-01,4.889874177859121485e-02,1.022459024665334226e-02
2.461518075444388831e-01,2.299140889598457749e-01,3.759207574055568601e-01
6.360001063272663346e-01,3.257468163102228420e-01,7.950171631247839876e-01
3.828702736604742141e-01,6.636698094469904996e-01,8.448356804348901017e-01
3.520267521309428105e-01,2.742090147509131937e-01,3.333737276197171751e-01
6.269345049410307569e-01,2.325886300538774210e-01,5.927227184342437338e-01
1.180300055593525022e-01,9.744514145785473369e-01,4.339742549234986146e-01
8.165714173293863176e-01,4.158530167810710054e-01,8.990245913994031612e-01
7.465211259938550059e-01,9.012046820807917413e-02,5.427522798336331666e-01
8.970519315372171842e-01,9.329989111162420024e-01,4.626875473657766635e-01
7.667497289727156495e-01,2.191692475437562182e-01,6.742009806207895917e-01
7.917167957152956292e-01,4.617932273631106810e-01,9.257310471370849836e-01
7.125136941802396873e-01,1.460759976395171744e-01,4.336719797257793108e-01
8.609145885279528843e-01,8.002362964417812918e-01,5.306346450124090897e-01
5.876434750659929040e-01,5.145460333245908124e-01,7.045998162107762752e-01
3.758287468561261058e-01,1.940151463757335826e-01,8.974796073577580025e-01
1.882942545234013165e-01,4.759582469407760419e-01,5.205312699993370762e-01
8.850761598879273162e-01,3.337822180618792434e-01,4.031819772717016859e-01
5.150420864981677394e-01,4.052757093126069243e-02,9.678163895528758554e-01
1.635327145217772005e-01,7.223796925586737361e-01,2.161722790842719455e-01
8.797337055832312736e-01,4.854678712046301969e-01,7.368614208082756578e-01
7.258542270948327157e-01,5.577446741395959418e-01,1.121413009885509071e-01
6.294398913018169894e-01,4.438030265596754065e-01,7.941976545492634987e-01
9.244952829299235564e-01,7.814511726531830904e-01,2.579925882605031973e-01
1.377039205340768735e-01,5.778815877191882944e-01,8.170567046422004820e-01
1.142793851510673919e-01,5.789113713131636141e-01,3.872097450518089401e-01
4.811475894508754347e-01,1.360937080064823501e-01,9.216459389535763824e-01
4.626085864665843150e-01,1.191404310834165425e-02,9.118135259281306970e-01
4.920146169935524227e-04,4.367546572283466100e-01,9.716220204329606425e-03
6.050036603486348419e-01,2.277040945202223332e-01,5.830231810954979998e-01
7.470394351496623120e-01,2.834937600522531298e-01,2.859257915455784005e-01
6.830256707218090861e-01,2.533307497209652537e-01,6.907818288273493978e-01
