4.631173926354908987e-01,6.552412890850489724e-01,1.941431279573192503e-01
6.683325895663336791e-01,6.310154328441026639e-01,6.272431510543211575e-01
2.834941127969120567e-01,3.795626622345504853e-02,2.889143169225050212e-01
5.773049937831109535e-02,3.476576081286817388e-01,3.207792652324431559e-01
9.574919563223924790e-01,9.455269056948055750e-01,7.519038980726019394e-01
7.182309907059181153e-02,1.193587920757149812e-01,1.368163671491339217e-01
3.287584628452031588e-01,2.893125350662706374e-01,8.045698242486695184e-01
9.448734402156762080e-01,1.182310054582103032e-01,7.630032006706101155e-01
6.992550528599662529e-01,1.180476407457793364e-01,3.682756308480092944e-01
2.190289814345439678e-01,4.938629187015772803e-01,7.098001166540202078e-01
1.383174041665505838e-01,2.294461940933054667e-01,5.780756853220535563e-01
9.581097625726414657e-01,6.909614385909568224e-02,3.792840925051530476e-01
7.257362625080271412e-01,7.279079633407331551e-01,4.821918566527283456e-02
9.247021203165595171e-02,9.918475037331719868e-01,8.302838563297210150e-02
7.696759640026912264e-01,9.726476878180202457e-01,4.079513705148514191e-01
9.604290656911879109e-01,7.282214369518691388e-02,3.743460327360679241e-01
1.365228079525653282e-01,9.710406313609704076e-01,7.441271730222840386e-01
7.716071442895756638e-01,2.029639150633024691e-01,7.339718743529923817e-01
6.344273988366156969e-01,7.206332267876336406e-02,7.552832178403153796e-01
2.921992342678132459e-01,3.502750963850841392e-01,1.860029534073929236e-01
1.024647874491390054e-01,2.708130563987898309e-01,4.840443683292698918e-01
1.384583741722091865e-01,4.954726944824999757e-01,9.661725293215532862e-01
6.951936466001198411e-01,3.620170100450719186e-01,4.489509149886257156e-01
6.643227876488726480e-01,2.848450127888765282e-01,7.398101628976896382e-01
7.198030658864458253e-01,2.438646242510223994e-01,8.150661285182781990e-01
1.731072703710879734e-01,4.829799088171011778e-01,8.945475307219639127e-01
8.042668344792428536e-01,2.987446095074103303e-01,7.919732127010918887e-01
1.461662808459046614e-01,5.082419327146610044e-01,3.164256281494829404e-01
7.140069888575714119e-01,7.883574582238415118e-01,4.521410088855878362e-01
6.625171872238511117e-02,4.592425465624994096e-01,6.154854715211288685e-02
9.572203568771276982e-01,6.733512935422614198e-02,9.704723615810910697e-01
1.346214351414419808e-01,4.626551544551397166e-01,5.421488836604648753e-03
6.441930517746580209e-01,2.584848274187988570e-01,7.660339617798564982e-01
6.809239990968711798e-01,9.434666336063542991e-01,7.929310678079978247e-01
5.308482735149279153e-01,7.906686364670577616e-01,2.152912476825590282e-01
6.014802613550097599e-01,1.240405073944013115e-01,5.076118739562133220e-01
2.059347177531262174e-01,5.032590790607912590e-01,9.286573641086016684e-01
9.809059914661921731e-01,6.557060407445176597e-01,9.324553746892993988e-01
5.244353835161875699e-01,1.172538780591476648e-01,3.019584665147068137e-01
5.838849833830933589e-01,7.086229972314351810e-01,4.619496058227098301e-01
8.331752718134415314e-01,4.557660003289201178e-01,3.209958270223960408e-01
6.798395601142223077e-01,4.319775737638867907e-01,3.427485997858520372e-01
7.052595084678309201e-01,2.471447291825814574e-01,5.578179083737393462e-01
8.482423110298190627e-01,5.247275022544296563e-01,2.018230045624229696e-01
3.674699590634810109e-01,8.629288243961853455e-01,6.025635397196674736e-01
6.776979611184928975e-01,9.234780035644574170e-01,1.765753485366150510e-01
1.335268140610086363e-01,9.285886820058497637e-01,2.886350740580500007e-01
1.921961256571214083e-01,9.566959522151824435e-01,9.952868927071043537e-01
9.667844716675499939e-01,9.084783028239644675e-01,2.276960985810660976e-01
4.358022047424542356e-01,9.920657810307543789e-01,4.022407342058017532e-01
7.673375435130943556e-01,7.793633975217347798e-01,2.187268990233318666e-01
4.043248648017638835e-03,1.213203542268792567e-02,8.968736125687435390e-01
5.137959229553715756e-01,5.337246887760753733e-01,5.973018673718564209e-01
1.202086930375397822e-01,3.162213278190278976e-01,5.010354997112220765e-03
2.097585469021213678e-01,4.398674568758148551e-01,6.937949247233171635e-01
6.572674915840142074e-01,4.905136887448069416e-01,8.486930077820241669e-01
2.784074433493901601e-01,3.705397798802756437e-01,5.532267257834722063e-01
2.211747008393776248e-01,6.273150317522456776e-01,1.308064317542797506e-01
4.004269938248069538e-01,5.651051634742494389e-01,3.955118706303490939e-01
3.744380534314724063e-01,8.918082069499218001e-01,6.227444683773137868e-01
2.519624084882277071e-02,4.925896967942423599e-01,4.469615720414666926e-01
4.564435135293841705e-01,8.251711967342378884e-02,8.067136117854568633e-01
4.060469952743055444e-01,9.827756329880428243e-01,3.255965385727226380e-01
7.924967048780451329e-01,6.975468563191199456e-01,6.550984415251557280e-01
9.316915091330474352e-01,2.729689173431238958e-01,6.239713108756479443e-01
1.892935539158701053e-01,3.048275125693580279e-01,8.059507752836823080e-01
7.183870677110992808e-02,2.600955143925781643e-01,6.342819282888555454e-01
5.420444334859568780e-01,6.868838951942261017e-01,9.221304515224193477e-02
6.491373601490799672e-01,5.726879806084624880e-01,1.516778608680389162e-01
2.160728842028484253e-01,7.773886473576988587e-01,1.994142558215528105e-01
2.640622662253655495e-02,7.022349918050909690e-01,7.700091733727014720e-01
2.367282744797571947e-01,6.264643309408709504e-01,5.113238441595483463e-01
2.503077137714978528e-01,9.861959136978638574e-01,1.274408213080290286e-01
1.150225669401722106e-01,8.682976862665878759e-01,5.789294562467295346e-01
5.704670021240831890e-02,3.777740388900283630e-01,7.778995805755567483e-01
5.483524889004500746e-01,9.266577319833707582e-01,7.353777412190048990e-01
1.907070623306100776e-01,7.721168250270944444e-01,2.338605905618781344e-01
5.822835382923741143e-02,8.390894646316917616e-01,7.615060039005854264e-01
9.475683685673935708e-01,6.239459543114023177e-01,1.363321258563491289e-01
8.332595914563090123e-02,1.594610890619879706e-01,8.185774553209020921e-01
5.976930085278268079e-01,8.598851389076312968e-01,5.958315520037074098e-01
9.900844709851076564e-01,3.577799455323145139e-01,2.783874091147598984e-01
6.464681873274040758e-01,7.275815396381501987e-02,4.257804088963870193e-01
3.565216064328824430e-01,6.683801546562246898e-01,9.488046957748599297e-01
1.111136889752895041e-02,6.234691263946064987e-01,9.038496731241949522e-01
2.019108036905703507e-02,2.304689721185736451e-01,6.049110352646076549e-01
7.489506674084447369e-01,2.853713483768293147e-01,7.579180666417010270e-01
8.391662522155668436e-01,3.418497311796010463e-01,2.548558799371632988e-01
9.281484190892653752e-01,7.967392646432880365e-01,8.936992913761521162e-02
5.994161054421550672e-01,5.413659933987823303e-01,1.305169584567471563e-01
5.344024662589608177e-02,8.844310881958042936e-01,1.471096714427638785e-01
4.679009858165840141e-01,5.646674950898159517e-01,2.556063752542119261e-01
8.544185820588147129e-01,1.050896121839391961e-01,4.589903286079144440e-02
6.356430901815510737e-01,2.307337377802366474e-01,5.009436977719122774e-01
4.209004744687681043e-01,9.849323699282617195e-01,6.503599816777372311e-01
9.712436357890585903e-02,3.832686816176236189e-01,8.656232424665164515e-01
5.750370186487623325e-01,4.343944169299170932e-01,6.988335680622090873e-01
5.516056272568227170e-01,5.430031988031980283e-01,3.770950424837505865e-01
1.324977439730766759e-01,6.966005337950254006e-02,2.380211411953112588e-01
2.532829851722003811e-01,3.868352657865226085e-03,4.029132745884984601e-01
8.966400399165238566e-01,5.895150354533431614e-01,3.133952274705940066e-01
5.190059607483682447e-01,8.285203513995083036e-01,5.165522194205401929e-01
3.578727359159635801e-01,2.173356697904677004e-01,3.179502174053491226e-01
9.795878243762909943e-01,9.964980844391324588e-02,5.589624128946508730e-01
6.307559784089367128e-03,1.530339235437988554e-01,8.223926934742897821e-02
6.267411033690206690e-02,2.450227547430713360e-01,9.745082911046033525e-01
2.723761083073705791e-01,8.941865082110700413e-01,1.828921338543594288e-01
3.885683676821681809e-01,1.784188406831817009e-01,2.176666929106646498e-01
2.800389357192888395e-01,5.377376781845143450e-01,5.863511814859445614e-01
9.588419121924204314e-01,9.605175358994499923e-01,3.321434073298135115e-01
4.727381023743987276e-01,9.075091530646713922e-01,6.029724067981415692e-01
3.974816122402025087e-03,1.778091264229778590e-01,7.586395183592566926e-01
2.841534359508470775e-01,1.688010229584535615e-03,7.436783915855826876e-01
8.369441087164625204e-01,6.604841269423935568e-01,9.721758821936800077e-01
8.797748729377878885e-01,4.169544983611922495e-01,2.677404639747599235e-01
6.052855283412887921e-01,7.519345130311765324e-01,8.416314392771906405e-01
9.520207614524951456e-01,9.870438001220060986e-02,3.037847590899633854e-02
3.639489547460386110e-01,6.697786939750939306e-01,9.001572525138656911e-01
4.445287889110511870e-01,9.092762305406635326e-01,5.155564041505726891e-01
1.176574269132133477e-01,6.826013498902695487e-01,2.371454866245656934e-01
9.185277434496025295e-01,2.357809705339343198e-01,6.541817343745844893e-01
3.905149844755351207e-01,6.601198912825163578e-01,4.874614124728866571e-01
5.400756250827981608e-01,4.203469907408992068e-01,7.345311628739256138e-01
3.877140970024776090e-01,8.068559273085015304e-01,7.741423820231203567e-01
1.074586005111334286e-01,7.950673829225063383e-01,6.135329141257623853e-01
8.388550517777559890e-01,1.196215710137640276e-01,9.752573618038982151e-01
1.349128315284333635e-01,6.112535391778475269e-01,8.011466105288167494e-02
9.121037390076331963e-01,4.528383826457188510e-01,4.483919311730304447e-01
3.172313062566348707e-01,4.492792224459812855e-01,9.632760601630928621e-01
4.392107464810317552e-01,9.245154871893938031e-01,4.595293150662569381e-01
8.656914526584179592e-01,4.705681116731753599e-01,1.113798984958995764e-01
1.526844872594667057e-01,7.161842242752455290e-01,6.590638859343300737e-02
2.087059668845231419e-01,1.726774398831985025e-01,4.614664948264255440e-01
1.587573942867621657e-01,7.403962301725096617e-01,7.857254444787835634e-01
5.147733425136608032e-01,2.194724752970760306e-01,7.260768766348658643e-01
1.533460782726719929e-01,1.428665518580434224e-01,8.486952434844117210e-01
9.359179243428651374e-01,4.991687292502390294e-01,1.456842820783303960e-01
5.827624615272110065e-01,3.022633639455779564e-01,6.622066139064552992e-02
9.609901598591849003e-01,6.606185779077210496e-01,3.562188943693882504e-01
6.506294793970300860e-01,6.253457239203709106e-01,7.697053864631372422e-01
7.918400780766465807e-02,1.205803415989620264e-01,5.136633063511268915e-01
6.882156841137815340e-01,2.087767348543199120e-01,1.072502044172412017e-01
3.748787008497505013e-01,7.467686257948862316e-01,5.515606815218193626e-01
8.929726007727116777e-01,8.835261964975419380e-01,1.635571379012001891e-01
8.842181848824282042e-02,6.495934431084517957e-01,8.207935147864614533e-01
5.847038104038293493e-02,9.190578023352572457e-01,5.678005773185731409e-01
7.212566141387091179e-01,5.186426190393107483e-01,6.050804385351160608e-01
3.615502029694436237e-01,1.035294171834899579e-01,5.843469703586928743e-01
5.003047388968329123e-02,6.919559253099305529e-02,8.724688606527496448e-01
6.688123655572020265e-02,9.222038303349242572e-01,8.049592516300488887e-01
7.650113466120518346e-01,3.411074469043225976e-01,8.944737271557828828e-01
3.130172789971062963e-01,3.630378714647236604e-01,9.226566680187784364e-01
6.185481473387777207e-01,8.156022738803890837e-01,7.445559434014979994e-01
8.041267211208644738e-01,8.616464824986730386e-01,2.385301807425269649e-01
2.579059851014923188e-01,1.134940248400324592e-01,1.486407388148993647e-01
4.250577348563620017e-01,3.056201526561523885e-01,1.881468516924239553e-01
4.926527600041871180e-01,5.966090315024781265e-01,7.893112696300638165e-01
7.620670980616446322e-01,5.159997190530980493e-01,6.061032124663952025e-01
5.506143632816302702e-01,3.785259700195650057e-01,3.393017814457484072e-01
8.814621890030739371e-01,6.930866960514066033e-01,2.407059599462698651e-01
8.802661063293648613e-02,3.190302753943915492e-01,6.284867017033985981e-01
1.390374499123584462e-01,5.364678208167036333e-01,5.598848535936412629e-01
2.753238366240413626e-01,7.997796887177593961e-01,1.521425015587326568e-01
2.630184891428530847e-01,2.585481503113082891e-01,2.798350381618197602e-01
3.523703401049316231e-01,1.660316508204341401e-01,3.833700765845562408e-01
1.747215629948021265e-01,7.300613885742679443e-02,8.385207170222375161e-01
2.572084297401926456e-01,4.680413299291942275e-01,5.764853141515260404e-01
8.903218621147582779e-01,5.649380354800002113e-01,2.186622355468786916e-01
6.626461670201873044e-01,4.296797529849272212e-01,2.777986568096921793e-01
3.219070468010879482e-01,6.098662835115384873e-01,4.569731681870847773e-02
6.837435937649903872e-01,6.279205541103110022e-01,6.086049291062883837e-01
2.486100115043482495e-01,4.215894485338016473e-01,4.608366225558122586e-01
1.494276923073060148e-01,1.136202838660387293e-01,8.200510089357280208e-01
7.341865112545516991e-01,4.705061022115718528e-01,1.820936785686965154e-01
1.395037038162618703e-01,4.205752701479340550e-01,8.340745563023532760e-02
5.537588258726595658e-01,7.661471915377027209e-02,6.805546540327463978e-01
1.336967626148289900e-01,1.348458223541438850e-01,3.904020834378423288e-01
4.728143099015522655e-01,4.956285878732046291e-01,2.819632032038164038e-01
5.909380367612125928e-01,6.903269223476715677e-01,6.815121534805167469e-01
2.710435242800623978e-02,2.174884739282902935e-01,1.447747747786833905e-01
4.176879356601633786e-01,3.003891667863717307e-01,5.833530423301298562e-01
6.144933310821136807e-01,7.153410123398910025e-01,9.465780671375967348e-02
2.198635860870857828e-01,7.389199377973365568e-01,1.635526931656128280e-01
8.284295399921322023e-01,9.402349104192707641e-01,8.174920081086495260e-01
5.888181929465350350e-01,4.029319857663091753e-01,4.646047315596590899e-01
9.025912648040090858e-02,3.653652384083362348e-01,2.106504084516577224e-01
2.614301402026826260e-01,8.901470303955216767e-01,9.915905550961915393e-01
6.377337814295656049e-01,6.508143057836949241e-01,9.109343492499064610e-01
2.977745077878698465e-01,7.036334192459426928e-01,6.752102619976745324e-01
5.604269871663923874e-01,9.453856893981493759e-02,4.428053748670838230e-01
8.727183685825308235e-01,6.427842417784574991e-01,1.075774738185645285e-01
7.320929414358945397e-01,9.816724221627205482e-01,1.956956053688696517e-01
6.250942876416172300e-01,2.111238019239513042e-01,1.402582529954503610e-01
6.822083037602930666e-01,7.121551252821651801e-01,7.433709600063661549e-01
7.617713756163917438e-01,1.152986250764681531e-01,3.924811275710364811e-01
1.208069561729898655e-01,1.640547192004722099e-01,9.613817644959883335e-01
9.278677044151684150e-02,8.015741880792329743e-01,3.349672722515490975e-01
2.192752685435790383e-01,4.686529342216974037e-01,1.726008812847712459e-01
2.973347409733277935e-01,3.169546872375408331e-01,3.980731649333614230e-01
6.069149998457163964e-01,8.995581875239644365e-01,7.429850892481717484e-01
7.567161190948952232e-01,4.766671643655799873e-01,5.863620955317860872e-01
5.665393770513753591e-01,4.881711807412524307e-01,1.237377120863744073e-01
1.154884588109956756e-01,6.446441566705102266e-01,7.846502868868162617e-01
1.459520961935515393e-01,1.983676615381790853e-02,7.605093340006873204e-01
2.753768388940598388e-01,2.680926389795391662e-01,3.691677858869226725e-01
1.943785114598926000e-01,5.910253555624211952e-02,6.784006663729074127e-01
9.438511538559012370e-01,7.404140202238741475e-01,6.506827894655242694e-01
7.968749263106141845e-01,9.036225299289672996e-01,5.243459261627048118e-01
5.542640807408247827e-01,6.142964098405185869e-01,5.083508922364275984e-01
8.784872711711815274e-01,5.414021538848339254e-01,1.073193798336480320e-01
5.237481318298338184e-01,9.485840275602360760e-01,4.184407954357527437e-01
3.535495662757403013e-01,5.301494667212689471e-01,7.043918317376466343e-01
7.489505335078022741e-01,9.580696406739896975e-01,8.630426448335516421e-01
9.902849772740351941e-01,7.571043677504840641e-02,5.197109957350581899e-01
8.849270430016943356e-01,6.450810354348653908e-01,3.574678142618494814e-01
9.396792318903146590e-02,1.691902644909228925e-01,2.452156238771553420e-01
4.374743283681260531e-01,8.634444888319455780e-01,7.040858091358803694e-01
5.279044574444700100e-01,6.784023856217283877e-01,3.047390177907137732e-01
6.279806896427657659e-01,4.846958884039412885e-01,4.575364402084322046e-01
2.226367345969640921e-01,6.621586135416228647e-01,5.687566315870526967e-01
4.806545354257133473e-01,8.207932233254549015e-01,5.590302256303246731e-01
5.990708350007989402e-02,4.041459639870591536e-01,4.830805004041944795e-01
6.268425738735534658e-01,4.881370061578030883e-01,3.618110660855631266e-01
7.089351404814936419e-01,8.570407519760125936e-04,3.955998467249320916e-01
2.500617535563687266e-02,8.857348143821316411e-01,8.881662708146490504e-01
5.149776717907929013e-01,3.024384759935397904e-01,6.342919136365510191e-01
8.997515291108121316e-01,6.394531546313246828e-01,1.195501007358797940e-01
3.857569156042389702e-01,9.816709372900644937e-01,7.047255108416864422e-01
3.164939038495258039e-01,4.731878390604483675e-01,8.448208601790362371e-01
7.729200899824090198e-01,6.001952366070383293e-01,9.083069275351695060e-01
3.266285589955839619e-01,2.950598525457749366e-01,2.576573000974936578e-01
5.452501002544141162e-01,7.960718209420337699e-01,6.186563417098296380e-01
1.557546850420754581e-01,3.301830691340857937e-01,1.525500303955276138e-01
7.522312135196473903e-02,3.470646758392409437e-01,7.775691746647928060e-02
7.966586261797550250e-01,7.162398076672691349e-01,3.518057888993425530e-01
7.859522995884541396e-01,9.715896383179893903e-01,2.902296475385868213e-01
2.258693927255913669e-01,8.438747357576547037e-01,7.389052604714043682e-01
7.973830703317502655e-01,4.223564520558105162e-01,6.103086490363318628e-01
4.814231072963317537e-01,2.599368559122225975e-01,4.411025091000987386e-01
8.219322192949022332e-01,4.974518582041306258e-01,8.932541250244452335e-02
8.324887360811601411e-01,2.657113053933642943e-01,8.525799613496658491e-01
1.097392894769569915e-01,7.317657023271035843e-01,7.911932695232504198e-01
3.933728667052941441e-01,7.235463694503436738e-01,8.131493834032395007e-01
8.220607986232628672e-01,7.592494023125678781e-01,8.239270054781071551e-01
4.739662469182407412e-01,9.380602873868949532e-01,8.178035013061151215e-01
2.076154159647550790e-01,9.388230445439692540e-01,8.668142693162630419e-01
4.056792487712124196e-01,4.366292000958807984e-01,7.542737102735568300e-01
4.148153853363228949e-01,6.367808721675215500e-01,1.496175347318787763e-01
6.563729601403687219e-01,1.381837810949737566e-01,5.862854542918641831e-01
6.357028544281487781e-01,9.828927261065090182e-01,1.884875333323708935e-01
8.425259867220568077e-01,9.156202525048865448e-01,8.531606174821905197e-01
5.953300949033503153e-01,3.071611834375158612e-01,9.248916972310864404e-01
6.141717259182497557e-01,9.815289995170617399e-02,8.613778121500215157e-02
9.817577800152611500e-01,6.557623533606508071e-01,8.904040954476460934e-01
3.332067886785573529e-01,1.520057015650956300e-01,7.332728756559301342e-01
1.887674709489941538e-01,9.378984878814273785e-01,3.096841692277452207e-02
4.266941467870808413e-01,1.581334534623093369e-01,5.040299059173869445e-01
4.819899193946126648e-01,2.302206421336129294e-01,4.449351168696091818e-02
2.339358280811864033e-01,1.537634749643294052e-01,3.801672896766481458e-01
7.228911285155283917e-01,1.075955308679236166e-01,6.203546863380231535e-01
4.335025495051714195e-02,2.791737988834368522e-01,8.315080489452824075e-01
1.041677670625513752e-01,7.323469252146154185e-01,1.171111857650919408e-02
5.087693372235823075e-01,8.492858774770880581e-01,1.487552726498279076e-01
3.583864537524747984e-01,6.323743365406522265e-01,6.023388554263305883e-01
1.615986797837145605e-01,5.816123574566980370e-01,6.183472508201358631e-01
5.558347471416100749e-01,7.445485315187619912e-01,5.851132440438387983e-01
8.366509490845885910e-02,9.769366659193725599e-01,2.945953302294769260e-01
5.147525994574686514e-01,3.788919224623600313e-01,3.588030272398839982e-01
2.941548215036045022e-01,4.263870414810871923e-01,3.653887224698959546e-02
2.996447975736246105e-01,8.464271836451382480e-01,5.756165670652804156e-01
8.243913392205391988e-01,1.487371274923879882e-01,5.300911583710740116e-01
2.291099979319806135e-01,2.267511083618345413e-02,5.276750592764691827e-01
6.659310932936354233e-01,8.469351151465632777e-01,2.603306532004068252e-02
8.013015604571692707e-01,4.848882423358723548e-01,4.586322368043694864e-01
4.895108359995083980e-01,2.457241883689609274e-01,2.526125128079005355e-01
9.142665349948769782e-01,5.802744145972159595e-01,3.882331791367408247e-01
4.509418370245737995e-01,8.608259855259058346e-01,8.073439303537330858e-01
4.174491371450437249e-01,7.938463884896150846e-01,7.464826060376050787e-01
6.720852348188274261e-01,8.110283797244554060e-01,7.629035901752962978e-01
6.009101916094851115e-01,2.433518151685492015e-01,3.594632917565370178e-01
6.337331328136688313e-01,5.847139995074475127e-01,4.734585966174442717e-02
1.064518828877725198e-01,2.650063331715480919e-01,7.706534640138656966e-01
5.802066918001331786e-01,6.041054296304317894e-01,8.557520113910483950e-01
8.862803625136407293e-01,6.831047314021212458e-01,8.839307724068323768e-01
3.522407325302738812e-01,7.761922124468079165e-01,6.184361324056054654e-01
5.025620487556390348e-01,2.086041384918686514e-01,6.239920470661286522e-01
9.174924614354531549e-01,9.961035231532895384e-01,8.436680274027731352e-01
3.615765311704155494e-01,1.118193549511464768e-01,2.918091047972756202e-01
8.927961604309903043e-01,6.372191229615410402e-01,6.731148509194817553e-01
5.456641854306505390e-01,5.295226840719264860e-01,7.556445320762580353e-01
9.507040901011654110e-01,9.764575447535376318e-01,2.958573977894385365e-02
3.803175324328204043e-01,9.487324228932506598e-01,8.911551120665411885e-01
9.839639440202363474e-01,2.230862502472320541e-01,2.854240485389105686e-01
8.224959917017280464e-01,7.841391661006535951e-02,6.571565067353823952e-02
9.921672237118145388e-01,9.468118024095651952e-01,7.933839956583441655e-01
5.097615954106385905e-01,2.801351336314835683e-01,1.919430694124162340e-01
1.474605403278838045e-01,2.129026224204203510e-01,7.875620135276545364e-01
2.094026725210220707e-01,2.531667523641482065e-01,4.542129873192191081e-02
9.209968862588511218e-01,9.631942737872905003e-01,3.175877484363389680e-01
6.147897504930328605e-01,1.745776201559263718e-01,6.054376417345337380e-01
6.449375010207544223e-01,4.233421413718707615e-01,5.579140226211866116e-01
6.825314682791275844e-01,2.594337344293534686e-01,2.028379998258112993e-01
5.747799273239946327e-01,1.743573770557937941e-01,8.720136941555400867e-01
3.244558220397469883e-01,8.785777729627824995e-01,2.898422701507119559e-01
1.929134485954200340e-01,9.261109277899006731e-01,5.155540596418993760e-01
9.560113059233891208e-01,4.109784472522497456e-01,9.522672780811242133e-01
1.569613978763967355e-01,5.506752677198991641e-01,2.913275125946546140e-01
2.518199680710699884e-01,6.672762970294612295e-01,5.112668296410035618e-01
4.773622403140450610e-01,9.580997471655497977e-01,5.980242928761252408e-01
1.129157405305147854e-02,8.089595815557661940e-01,3.593561098413267096e-02
2.647372649027661673e-01,1.976034795289615120e-01,8.433285608420493240e-02
7.697358760061923100e-01,9.712160185824528780e-01,3.820629092916844050e-01
6.141195542101393068e-01,9.821330431063173272e-01,3.599006782290016249e-01
2.528027017430387602e-01,5.900909343156808262e-01,8.685984604950164334e-01
7.839293710289063633e-01,7.925854935629063069e-01,3.632862942942516327e-01
9.448173185224734150e-01,7.549391641685780918e-01,9.869047099445965587e-01
9.712599085915540886e-02,1.017536549407042079e-01,2.872273192976196876e-01
7.039661753139691003e-01,9.499583327292624446e-01,2.080173339964835888e-01
2.006118736981149508e-01,1.688913975771612064e-01,2.016553058936850773e-01
8.903706496760404043e-01,1.538898594909061668e-01,4.969598832695384383e-01
4.528641461187888906e-01,2.033044510029384799e-01,7.574122472559822183e-01
7.900310951422586658e-01,6.505770954236925752e-01,8.986666107078575827e-01
3.665319108408715554e-01,2.762115506742087723e-01,6.855679371184897342e-02
3.317385440289688514e-01,2.498679829086705162e-01,2.779208000700869041e-01
7.048269106891060787e-01,9.853549322442972658e-01,6.942690346203551632e-01
8.721565323181399432e-01,8.481552757117231112e-01,2.315180480963727749e-01
4.580107095984744525e-01,6.607945866844674443e-01,9.303119428825457060e-01
8.761605534215248792e-01,6.276719982346889992e-01,4.777697659231580074e-01
8.214244963380544773e-01,1.564885523170242987e-01,1.398739784244318329e-03
3.644536520473296015e-01,1.195483400813528441e-01,2.356849309117059477e-02
5.740398112635755057e-01,7.257554017893319553e-01,6.014963377666765476e-01
1.867199850587503152e-01,2.868660832711656949e-01,3.005723712961146932e-01
1.009881403943050371e-01,3.054682870786187276e-01,8.939909524062528146e-01
8.182741890849872801e-01,2.052599235098307995e-01,2.254495934865179407e-01
4.804392410363611532e-02,7.121599548488277698e-01,4.084923941325458996e-01
5.241326566169606238e-01,3.503969209922920269e-01,4.030203571771294735e-01
4.319552161119625255e-01,1.712006787999840185e-01,7.075469784441467125e-01
9.943713806957370505e-01,6.151045796401461985e-01,8.613360630568183129e-01
6.422504220974637468e-01,3.417436787691395805e-01,5.048187368227061711e-01
2.573143640460585635e-01,7.377190563038856785e-01,7.581522269550661219e-01
7.103368646003789255e-01,6.044420050758357865e-01,9.989382628137112308e-01
5.557758946089990104e-01,6.606177546466583950e-01,9.033375138380828062e-01
4.929120648896374579e-01,4.216860229089919310e-01,7.014225739837798290e-02
7.174492863839002643e-01,4.163365545448194371e-01,4.572978182997522456e-02
5.040569549656821469e-01,5.063264361881580911e-01,5.632073412189501083e-01
7.009510726409751147e-02,8.884505218706530982e-01,6.350151050890533444e-01
2.390891459866336666e-01,4.539666521180230063e-01,2.474675713059241167e-01
6.079687733828662566e-01,1.425531420987002917e-01,8.627419177356500102e-01
9.035368937735952510e-01,4.930933607654743867e-01,1.568769881507392494e-02
4.148620872551188610e-01,4.910675099126070586e-01,5.031307131430416968e-01
7.535614888782953269e-01,6.363462034148986701e-01,1.044700491196082215e-01
4.225557106304728139e-01,5.544154510911428746e-01,8.225282602815828792e-01
9.137592385593154010e-01,7.576428673825189586e-01,9.958943154546191501e-01
2.694509548222625561e-01,2.405521088292478238e-01,2.027622453540989245e-01
2.386987843264409825e-01,5.603343889989176319e-01,8.489832928836760217e-01
1.202188605588502268e-01,8.687255106743082544e-01,4.008461089077529627e-01
6.338646587120077003e-01,6.058803035034882045e-01,5.562336541238993570e-01
3.252589896148749826e-02,2.845543719646090874e-01,6.949132227248420168e-01
8.589151343668111060e-03,2.424200601808804700e-01,1.939241171770764716e-01
7.470575429815314861e-01,6.852266616727833437e-01,3.388276821796077920e-01
9.466873742362712507e-01,4.022631199471613517e-01,2.712075372680863294e-01
1.421386972027894879e-01,9.751425162691618187e-01,5.925651466407834134e-01
5.058519795091668270e-01,9.975127371748201410e-01,3.013325560650661483e-01
8.919762653129839070e-01,6.405278477851172880e-01,8.506563229466932441e-01
8.592841543654474723e-01,6.599140134272425406e-01,4.110789559859440168e-03
9.463037519110941709e-01,4.269252631619182559e-01,7.540932866858117700e-01
5.174880238242803854e-01,1.409133065708112476e-01,7.268206086828942203e-01
6.335630069018181043e-01,9.991924962607312555e-01,3.274706311952508830e-01
8.083760928888078512e-01,3.614903011893408902e-01,4.937415698204034031e-01
7.723110865281688220e-01,3.982748780515139586e-01,8.743402881500788038e-01
9.355220012051819189e-01,5.921268265274496345e-01,2.035617514615768453e-01
5.095291760461444497e-01,2.686332695923010494e-01,2.580827698826060335e-02
7.745115858289397526e-02,8.517778021691044810e-01,8.828573941082868970e-01
9.189219912134116708e-02,9.573632479564875286e-02,2.048454785138350553e-01
7.634141287316698055e-01,9.124092047751165557e-01,9.145403144853883060e-01
2.520242891506124794e-01,4.279598282160969047e-01,3.617505404479326447e-01
9.755288550067767739e-01,8.252689049876504868e-02,4.325479263443698930e-01
7.918294746217877655e-01,1.111007678856179570e-01,2.868130213282547025e-01
8.538604113840077003e-01,2.367364558013191900e-01,6.357361960537811774e-01
6.288481598014254992e-01,4.923748535562623152e-01,8.581061659627686744e-02
4.857164273936686039e-01,5.936545750564804491e-01,5.172128093942067739e-01
1.851613607949748053e-01,4.264595752845778964e-02,5.326400477253058208e-01
2.709100181172126032e-01,5.249610901262630192e-01,3.982597560788487812e-01
8.021143064489250074e-01,2.373793809231680152e-01,5.311202207631992023e-01
9.544228655526023619e-01,2.827298307194708871e-01,1.307641418299979597e-01
1.513086121401837625e-01,5.389760026501467793e-01,9.279210510891156005e-02
2.080481353223539998e-01,5.791679170521837339e-01,8.593291777789641150e-01
3.413918552804940942e-01,4.540694188777905094e-01,8.149001726900872988e-01
2.868538683555377222e-02,5.863671942619774757e-02,1.841466818612689238e-01
8.532762341328674616e-01,6.194897376720845950e-01,6.595144749030740217e-01
1.800757331512209403e-01,8.145986809026787290e-01,7.009381982355291640e-01
5.440618987932944739e-01,5.082377620666357343e-01,3.446824490894374593e-01
8.485531714854277485e-01,8.156840890800620691e-02,1.129581684726312929e-01
8.226206305242965700e-01,6.415392497070432354e-01,1.822934564604544727e-01
6.133911063217141191e-01,5.026354856430916840e-01,1.878794035432177489e-01
2.055461959287845364e-01,7.612093088974680732e-02,4.237869459854024523e-01
9.327682058810573551e-01,2.092636693340604870e-01,8.232917500177299175e-01
4.241523522155465908e-02,8.300551079480900096e-01,4.105010277840325239e-01
6.261716389766786017e-01,9.896247150803201276e-01,2.911186467205234552e-01
5.628260464315497646e-01,7.917347941075913997e-01,2.576856429829437189e-01
6.886162000239982595e-01,1.770595004585404642e-01,3.484842706724271544e-01
8.468228940137179084e-02,2.731887004307564926e-01,6.077398156574377319e-01
5.921224133844981141e-01,9.189046725802859639e-01,9.812074474133147817e-02
2.359942986660645836e-03,1.186180756557830840e-01,1.185950901853239925e-01
7.751568398095365353e-02,2.649832074117739467e-01,1.175250964269027865e-01
4.510346197491049702e-01,8.393183176779414056e-01,3.900631062524830828e-01
5.524401425344376282e-01,2.192473936410689328e-01,6.232904840181147099e-01
9.816092778501046556e-01,2.857487396901877696e-01,6.392236812422545933e-01
4.402473133080163636e-01,4.461372727004552230e-01,3.100899344073015929e-02
3.586393586943809053e-01,8.419451887200309903e-01,1.695704045456326581e-01
6.593570973408657832e-02,2.435996968440308219e-01,9.466553166658819851e-01
3.011144673748171741e-01,3.405254918668594311e-01,9.954231886200037849e-05
7.903711828397289585e-01,7.756346020663313912e-01,3.554234421325056514e-01
6.014480565614641616e-01,7.071525778207511381e-01,9.921878145128496529e-01
6.868062978645211869e-01,9.929781616643147402e-01,6.347522025022133141e-01
1.391065602481121877e-01,2.556887757098865732e-01,8.550029927640135918e-01
7.002463860123440131e-01,4.812170125137077425e-01,3.269012534792062885e-01
9.014000271464992498e-01,5.109053629960563780e-01,6.512719922674325979e-01
8.299201901988028096e-01,7.380514389280401488e-02,7.109874300075157416e-01
4.551032382716663216e-01,6.221128731046746685e-01,8.275031157118510894e-01
8.296028637244234893e-01,4.798654178135539627e-01,2.197130836132946685e-01
2.862920858720786610e-01,2.687380905266767428e-03,5.771064262648110121e-01
5.646477252107018341e-01,9.720915557937770402e-01,2.968491737084077986e-02
1.713567082254956464e-01,5.302609980898759234e-01,6.941967501125374529e-01
4.984155713829236944e-01,9.611828203998098452e-01,6.757644731502516766e-01
9.675484903080625587e-01,3.110124273809787843e-01,5.756833364137493581e-01
5.712626824445480311e-01,4.360357241197696521e-01,6.037650794435418522e-01
8.395535357850965053e-01,3.362284213392339183e-01,9.238160117425953111e-02
8.525630475218264337e-01,9.773041355259542984e-01,5.795754518655015231e-01
9.315130608315114191e-02,4.612533500266750019e-01,6.183293015334018206e-01
4.704682443060748120e-02,9.024594015900275767e-01,4.954622693844246140e-01
4.194866525291746084e-01,6.402385811560109552e-01,7.638591631964904982e-01
9.514480781241971830e-01,2.087035945584145846e-01,5.899019184282708883e-01
6.891763521605884790e-01,1.985671768447834218e-01,5.825583879763550632e-01
6.265116183005281503e-02,1.886590849679008475e-01,9.225703188293224999e-01
2.919698147889355777e-01,9.232083903212364717e-01,8.581119337862332941e-01
4.793866988620399949e-01,8.932286710842560762e-01,5.452738260743945631e-01
7.463136346595679038e-01,6.840687631747144337e-02,1.124847358457248259e-01
9.758525635993260394e-01,2.023939578316164001e-01,4.996575785267117764e-01
8.266206420997378457e-01,4.714744566513773272e-03,7.811925250054950753e-01
2.449236789891020560e-01,8.431991955285602636e-01,6.645439336480297721e-01
6.946848627835745527e-01,5.379631055097485737e-01,5.352650230199633707e-01
3.465724993183711966e-01,5.482234421079905662e-01,1.316853266809414613e-02
9.689948056495871764e-01,9.185102096235321367e-01,3.250121719505442153e-01
8.496256720597096246e-01,6.445430120702209109e-01,9.060664528890980396e-01
9.512025103114177815e-01,9.363299502234706528e-01,2.668460876989491304e-01
7.000239723656990209e-01,7.086713372129854749e-01,9.113017253032029696e-01
3.851570433228052037e-01,1.395189567087539162e-01,6.947530601571355602e-01
3.422590512421098685e-01,7.715089822094920446e-01,8.308835394246283368e-02
4.177980867081049210e-01,3.349101214439699215e-01,8.786664407579209968e-01
3.073207854187687271e-02,1.155941742983265241e-01,6.466250326619895628e-01
5.687782251295090408e-01,3.995133270931726654e-01,9.693399539676950116e-01
3.122398890928124171e-02,4.058156347384848095e-01,7.281075472719341635e-01
8.299524999868800323e-01,2.218276532267873247e-01,2.109010169985208183e-01
6.612443278688258097e-01,6.130312616237786338e-01,6.447139198275877447e-01
1.726698678570115497e-02,8.286333991295051771e-01,2.086117283176369686e-02
6.944256444690287688e-01,4.245963842897247931e-01,9.043208673309356405e-01
9.024315799192744736e-01,3.444458138830712723e-01,9.317395972899233936e-02
6.798222119269237140e-01,7.326133370278584689e-01,1.892017660503418908e-01
8.972896049586350786e-01,2.613521664392085553e-01,2.655210949225875749e-01
1.074347490421886375e-01,7.388219291399964472e-01,1.432217172138993133e-01
1.617578272548257923e-01,6.295849917623164149e-02,3.597827612138090325e-01
3.330336435050296195e-02,6.908803179851126242e-01,7.380230291354298311e-01
2.184471399127881908e-01,7.226822882555018479e-01,9.949964876484329590e-02
8.759901590694384454e-01,2.792572977081588803e-01,1.508454832436789683e-01
3.517638082862928339e-01,5.556161037402814751e-01,4.258721560233956760e-01
2.476607163479902507e-01,6.525769235466658547e-01,7.008044147676104618e-01
7.979247669042677238e-01,3.873767909358795114e-01,2.607455205421731481e-01
1.998523106167071628e-01,8.435302012705282459e-01,1.593564446911651666e-01
8.700060667883953158e-01,2.284804947692797850e-02,4.127921556102466250e-01
2.390250376820909350e-01,5.959830042301829112e-01,9.175739224550443218e-01
7.938618352451807247e-01,5.000690815802187883e-01,2.756036025670475231e-01
6.720467177884936749e-01,3.199318760227807257e-01,5.181175489957843272e-01
2.356434931821219658e-01,6.425837053515581765e-01,5.491311879535900609e-01
3.227387114186098804e-01,6.123437852058111197e-01,9.224532271671692651e-01
9.334431215314948904e-01,3.402292068253349733e-01,2.686040405046077328e-01
2.801355662422618797e-01,1.565840213344568133e-01,7.337491883716498187e-01
5.046365959402012713e-01,7.258711129277251040e-01,2.180348815675812180e-01
4.171163671318645072e-03,4.538491878986531392e-01,5.190999292032262291e-01
4.054263629609295982e-01,4.399925947971328188e-01,2.240525315683978835e-01
6.856447019020411870e-01,4.679224128996739562e-01,5.213768526217165133e-01
5.074875233316539225e-01,4.066256849400023965e-01,7.890324089892984949e-01
7.521683751547276753e-01,3.389101293310936569e-02,5.989226187582058492e-01
1.971545898667776964e-01,9.439614691663877899e-02,5.522232406713044606e-01
9.398643183983033111e-01,5.037844538086326818e-01,4.920076721605626258e-01
1.436180824923496413e-01,7.746481948410595120e-01,4.406984346425535382e-01
4.469826112988889433e-01,7.151249949335684031e-01,4.031421651994682165e-02
6.975504572278534710e-02,6.137406506493723324e-01,4.550012287816171952e-01
1.526884831710761947e-02,2.190880686331678762e-01,6.313590233951921205e-01
9.275732131604309538e-01,2.491800415777938316e-01,7.765122445589750511e-01
1.606929038672877397e-03,9.176619933071625823e-01,2.667421077861674705e-01
1.314428975488051154e-01,9.042101739671204452e-02,9.955523592679942357e-01
9.324621321316467482e-01,7.687164102858986547e-01,9.299591054416467273e-03
9.791404111294995660e-01,5.536075083832003862e-02,2.534968770899511670e-01
3.458640410913778052e-01,1.505595875510928883e-01,7.643933768289628006e-01
7.165582066602060873e-01,4.835973268037816464e-01,2.827436731329118214e-01
4.698196439781936462e-01,9.746889019979747548e-01,1.006892809904695874e-01
7.189455204545159850e-01,6.211131986232077962e-01,9.147878371240140138e-01
5.901662764811000939e-01,1.303880287298009311e-02,8.622074688716996338e-02
4.866295937656570647e-01,9.571195982985151174e-01,2.119046393655085181e-01
