-5.710388504191524772e-01,5.355951793657613980e-01,1.000000000000000000e+00,1.000000000000000000e+00
1.273157426954300842e-01,2.462702533865764321e-01,1.000000000000000000e+00,1.000000000000000000e+00
-1.319613637703080933e+00,-1.273842529575886617e+00,1.000000000000000000e+00,1.000000000000000000e+00
-8.548214335250237106e-01,2.307938407251613200e-01,1.000000000000000000e+00,1.000000000000000000e+00
-1.630008829958373706e-01,4.055873487938808919e-02,1.000000000000000000e+00,1.000000000000000000e+00
8.433520346355374286e-01,3.795641528235226270e-01,1.000000000000000000e+00,1.000000000000000000e+00
1.433057791423448801e-01,-1.808433420747219689e+00,1.000000000000000000e+00,1.000000000000000000e+00
6.914617019736236658e-01,3.928755586502064023e-01,1.000000000000000000e+00,1.000000000000000000e+00
-1.602169028017169206e+00,-1.263820573676681658e+00,1.000000000000000000e+00,1.000000000000000000e+00
9.159539285575150069e-01,-8.724888656243917628e-01,1.000000000000000000e+00,1.000000000000000000e+00
9.348671123116274462e-01,-1.678574422283784784e-01,1.000000000000000000e+00,1.000000000000000000e+00
5.516733808664819189e-02,1.696283942831140035e+00,1.000000000000000000e+00,1.000000000000000000e+00
1.295174807074521151e-01,2.173661625341190007e+00,1.000000000000000000e+00,1.000000000000000000e+00
-7.344117095832874975e-01,-8.986579638327356623e-01,1.000000000000000000e+00,1.000000000000000000e+00
4.107057634598620943e-02,-3.049334214262255927e-01,1.000000000000000000e+00,1.000000000000000000e+00
2.227602661895734526e-01,-3.084917462237931618e-01,1.000000000000000000e+00,1.000000000000000000e+00
-6.229854833521292212e-01,-2.558089897814849745e-02,1.000000000000000000e+00,1.000000000000000000e+00
3.303804530362950964e-01,1.806774477244694754e+00,1.000000000000000000e+00,1.000000000000000000e+00
1.991610185425272128e-01,-6.279319222616587259e-01,1.000000000000000000e+00,1.000000000000000000e+00
4.683494860553727990e-01,-8.324339282399241258e-01,1.000000000000000000e+00,1.000000000000000000e+00
1.381326564636876864e+00,1.721001996280837332e-01,1.000000000000000000e+00,1.000000000000000000e+00
1.837803349558574828e+00,-1.365280692772656623e+00,1.000000000000000000e+00,1.000000000000000000e+00
6.728885269895106269e-01,1.739371874121800055e+00,1.000000000000000000e+00,1.000000000000000000e+00
-1.299648680305069970e+00,-6.975344235089204759e-01,1.000000000000000000e+00,1.000000000000000000e+00
6.763998108990059155e-01,-4.466917755771959708e-01,1.000000000000000000e+00,1.000000000000000000e+00
4.074802787736376830e-01,1.294020603946294257e+00,1.000000000000000000e+00,1.000000000000000000e+00
6.305982450134450801e-01,-2.879265576141253336e-01,1.000000000000000000e+00,1.000000000000000000e+00
4.850358493920802760e-01,-7.321567179930653646e-01,1.000000000000000000e+00,1.000000000000000000e+00
-1.073059716746866066e+00,7.825140079830102957e-01,1.000000000000000000e+00,1.000000000000000000e+00
6.344021500821651616e-01,1.892032205977153714e+00,1.000000000000000000e+00,1.000000000000000000e+00
-2.630161022384170377e-01,8.320822524034290346e-01,1.000000000000000000e+00,1.000000000000000000e+00
-7.744530456349173198e-02,2.272003475271553885e+00,1.000000000000000000e+00,1.000000000000000000e+00
-6.138394541751459599e-01,1.406720990627482237e+00,1.000000000000000000e+00,1.000000000000000000e+00
6.612351823506141812e-01,-8.341705942456325573e-01,1.000000000000000000e+00,1.000000000000000000e+00
-2.523675609880014492e-01,1.018591350195998224e+00,1.000000000000000000e+00,1.000000000000000000e+00
1.522811444477297993e+00,-5.824853933273285156e-01,1.000000000000000000e+00,1.000000000000000000e+00
6.568717303637754412e-01,-1.287627851998424999e+00,1.000000000000000000e+00,1.000000000000000000e+00
-1.248248970906937982e+00,-2.605729816179744862e-01,1.000000000000000000e+00,1.000000000000000000e+00
1.303694289378437010e-01,-2.075149769667878452e+00,1.000000000000000000e+00,1.000000000000000000e+00
-4.085362883916473370e-03,-2.628690300356414933e-01,1.000000000000000000e+00,1.000000000000000000e+00
-1.028850128901406480e+00,-1.062125554502052704e+00,1.000000000000000000e+00,1.000000000000000000e+00
1.412258252095831626e-02,-8.953615255133835493e-01,1.000000000000000000e+00,1.000000000000000000e+00
6.876320492209624380e-01,-1.862229926480854614e+00,1.000000000000000000e+00,1.000000000000000000e+00
2.257846512963454788e-01,4.611374587438847317e-01,1.000000000000000000e+00,1.000000000000000000e+00
1.379102009508881288e-01,3.215793167018127785e-01,1.000000000000000000e+00,1.000000000000000000e+00
1.521891787821218200e-01,-8.558680773919722373e-01,1.000000000000000000e+00,1.000000000000000000e+00
2.054946890412178706e-01,-1.309706634121117430e+00,1.000000000000000000e+00,1.000000000000000000e+00
1.427436949540285827e-01,-4.600054645498589251e-02,1.000000000000000000e+00,1.000000000000000000e+00
-2.733350692211231614e-01,1.362183775617418657e+00,1.000000000000000000e+00,1.000000000000000000e+00
-1.170441620855580955e-01,6.394957693837372004e-02,1.000000000000000000e+00,1.000000000000000000e+00
1.256117016076976123e+00,-8.569897198661309279e-01,1.000000000000000000e+00,1.000000000000000000e+00
-5.767553362809028084e-01,-1.049497475978266869e-01,1.000000000000000000e+00,1.000000000000000000e+00
7.573846779221118375e-01,5.245958695745491646e-02,1.000000000000000000e+00,1.000000000000000000e+00
7.712359994525483931e-01,-6.701510767439121663e-01,1.000000000000000000e+00,1.000000000000000000e+00
-4.849643905323199056e-02,2.465819791377348857e-01,1.000000000000000000e+00,1.000000000000000000e+00
-5.073904694955414518e-01,-1.089428286040104110e+00,1.000000000000000000e+00,1.000000000000000000e+00
-1.527300114778199491e-01,-2.086812563751903535e-02,1.000000000000000000e+00,1.000000000000000000e+00
-1.733702607349857927e-01,2.781787354059917505e-01,1.000000000000000000e+00,1.000000000000000000e+00
1.424524540787710514e+00,5.657516982738897138e-01,1.000000000000000000e+00,1.000000000000000000e+00
-9.952616082501665185e-01,-7.400662998333394915e-01,1.000000000000000000e+00,1.000000000000000000e+00
-6.581399056607035725e-01,2.062495740854077386e+00,1.000000000000000000e+00,1.000000000000000000e+00
7.251752645358715554e-01,-2.992809950809410258e-01,1.000000000000000000e+00,1.000000000000000000e+00
3.534192139066488214e-01,-9.765444024828423553e-01,1.000000000000000000e+00,1.000000000000000000e+00
-2.879241792074505590e-01,-7.889090195995365207e-01,1.000000000000000000e+00,1.000000000000000000e+00
-7.480604157438779378e-01,-2.898496965488452370e-01,1.000000000000000000e+00,1.000000000000000000e+00
-7.825199161365419265e-01,3.638674486901182781e-01,1.000000000000000000e+00,1.000000000000000000e+00
-1.025652979800723008e+00,-1.592080056061072613e+00,1.000000000000000000e+00,1.000000000000000000e+00
-6.380456919645879355e-01,4.602499333866819642e-01,1.000000000000000000e+00,1.000000000000000000e+00
2.721537017357403831e-01,-2.028418791324477499e-01,1.000000000000000000e+00,1.000000000000000000e+00
9.391295221036077834e-02,-1.540788707173895933e+00,1.000000000000000000e+00,1.000000000000000000e+00
8.014801110147884433e-01,-6.100413194354056268e-01,1.000000000000000000e+00,1.000000000000000000e+00
-1.332401340958304425e+00,7.515727728824448395e-01,1.000000000000000000e+00,1.000000000000000000e+00
-1.596875520141129101e+00,1.025367336423135683e-01,1.000000000000000000e+00,1.000000000000000000e+00
1.552997069984138667e+00,9.092031369366911919e-01,1.000000000000000000e+00,1.000000000000000000e+00
1.249213808517419672e-01,-2.097049244024091319e+00,1.000000000000000000e+00,1.000000000000000000e+00
7.842168724460314433e-01,1.324880251404555898e+00,1.000000000000000000e+00,1.000000000000000000e+00
2.049621681169740139e-03,-1.651902167468762617e+00,1.000000000000000000e+00,1.000000000000000000e+00
8.355910327233792012e-01,1.260625015467459198e+00,1.000000000000000000e+00,1.000000000000000000e+00
-1.013676695923085846e+00,1.599860074470927040e+00,1.000000000000000000e+00,1.000000000000000000e+00
4.682601942557582664e-01,-6.321312935466089078e-01,1.000000000000000000e+00,1.000000000000000000e+00
-4.588112114457566088e-02,2.096221610914627276e-01,1.000000000000000000e+00,1.000000000000000000e+00
-5.686111589116586984e-01,-9.883992534435381838e-01,1.000000000000000000e+00,1.000000000000000000e+00
2.682009439440342646e+00,-7.497039742997891887e-01,1.000000000000000000e+00,1.000000000000000000e+00
4.944034467516243425e-01,6.239557142125726763e-01,1.000000000000000000e+00,1.000000000000000000e+00
-1.128246667472504017e+00,1.543235048298787104e+00,1.000000000000000000e+00,1.000000000000000000e+00
-8.187665697593091707e-01,-1.630686612453033701e+00,1.000000000000000000e+00,1.000000000000000000e+00
-3.882284913255316661e-01,1.524312388153386655e+00,1.000000000000000000e+00,1.000000000000000000e+00
-4.269613617676939477e-01,-1.819445902262660786e+00,1.000000000000000000e+00,1.000000000000000000e+00
7.723059186223217853e-01,2.191668246976697654e-01,1.000000000000000000e+00,1.000000000000000000e+00
1.735075885005836760e+00,-2.426668269734320038e-01,1.000000000000000000e+00,1.000000000000000000e+00
-1.167347011257434813e-01,1.130742297676050168e+00,1.000000000000000000e+00,1.000000000000000000e+00
6.512846665205771490e-01,6.336718465420544399e-01,1.000000000000000000e+00,1.000000000000000000e+00
1.188883749281797853e+00,-4.333461396716460912e-01,1.000000000000000000e+00,1.000000000000000000e+00
-2.269583980702525761e+00,5.389685823293740574e-01,1.000000000000000000e+00,1.000000000000000000e+00
-1.177477217865694037e+00,-8.996634755003434236e-01,1.000000000000000000e+00,1.000000000000000000e+00
-4.248256265644318463e-01,3.317789576377691008e-01,1.000000000000000000e+00,1.000000000000000000e+00
-1.962377083074823725e+00,-2.184545773432868543e-01,1.000000000000000000e+00,1.000000000000000000e+00
-1.242731795952871199e+00,9.731665596724256018e-01,1.000000000000000000e+00,1.000000000000000000e+00
-1.532536843335838284e-01,5.790019894687985502e-01,1.000000000000000000e+00,1.000000000000000000e+00
-1.144554823840048030e+00,-4.117458874568531990e-01,1.000000000000000000e+00,1.000000000000000000e+00
-2.284007187238827341e-01,4.813526593598279391e+00,1.000000000000000000e+00,-1.000000000000000000e+00
9.464361161629286645e-02,3.771433456815187935e+00,1.000000000000000000e+00,-1.000000000000000000e+00
-1.602067525661526437e+00,4.769315396539674623e+00,1.000000000000000000e+00,-1.000000000000000000e+00
1.152744502059606324e+00,5.036191319387315346e+00,1.000000000000000000e+00,-1.000000000000000000e+00
1.119115694110511594e+00,4.075267863902743315e+00,1.000000000000000000e+00,-1.000000000000000000e+00
-1.031667201135097134e+00,6.111782168538770321e+00,1.000000000000000000e+00,-1.000000000000000000e+00
1.278382771505378046e-01,2.420303450144690949e+00,1.000000000000000000e+00,-1.000000000000000000e+00
1.411210225163612497e+00,3.914120040729895500e+00,1.000000000000000000e+00,-1.000000000000000000e+00
-7.274298736746732663e-01,4.782361223605780864e+00,1.000000000000000000e+00,-1.000000000000000000e+00
1.061902898056763300e+00,4.862784982661545463e+00,1.000000000000000000e+00,-1.000000000000000000e+00
-1.953339283719355945e+00,4.776626253857383375e+00,1.000000000000000000e+00,-1.000000000000000000e+00
6.121359138436425207e-01,5.685852957805452412e+00,1.000000000000000000e+00,-1.000000000000000000e+00
8.775365702185783726e-03,4.734457611453714243e+00,1.000000000000000000e+00,-1.000000000000000000e+00
-1.896340117520934454e+00,7.337105512394957785e+00,1.000000000000000000e+00,-1.000000000000000000e+00
3.816290612128351439e-02,5.182764174717717331e+00,1.000000000000000000e+00,-1.000000000000000000e+00
1.833676518583094106e+00,5.799356901639252548e+00,1.000000000000000000e+00,-1.000000000000000000e+00
1.247086644459684868e+00,6.206373827716666902e+00,1.000000000000000000e+00,-1.000000000000000000e+00
1.369814649972344256e+00,5.257445298623255603e+00,1.000000000000000000e+00,-1.000000000000000000e+00
1.688152500690852875e+00,5.327113123533596450e+00,1.000000000000000000e+00,-1.000000000000000000e+00
-1.689446452470987570e+00,7.403423314859340465e+00,1.000000000000000000e+00,-1.000000000000000000e+00
1.407552027678457884e+00,5.146914899407796007e+00,1.000000000000000000e+00,-1.000000000000000000e+00
3.860784960243107689e-01,6.892816313085222468e+00,1.000000000000000000e+00,-1.000000000000000000e+00
1.134227939520419393e-01,3.104601592152970824e+00,1.000000000000000000e+00,-1.000000000000000000e+00
-9.420910123576670125e-01,2.917362795009711629e+00,1.000000000000000000e+00,-1.000000000000000000e+00
6.116599300599874223e-01,6.247786128717458531e+00,1.000000000000000000e+00,-1.000000000000000000e+00
-6.457498527391954957e-01,3.703709661442164069e+00,1.000000000000000000e+00,-1.000000000000000000e+00
-4.407344822748974766e-01,5.025780744180424087e+00,1.000000000000000000e+00,-1.000000000000000000e+00
-1.108782138979876430e+00,4.514360945760616417e+00,1.000000000000000000e+00,-1.000000000000000000e+00
7.249240188975712984e-01,4.616965595356321117e+00,1.000000000000000000e+00,-1.000000000000000000e+00
-1.228140750199278874e-01,3.162107384353496364e+00,1.000000000000000000e+00,-1.000000000000000000e+00
8.290354077487783746e-01,4.822160780675251779e+00,1.000000000000000000e+00,-1.000000000000000000e+00
1.354975421629580845e+00,4.430491188002117831e+00,1.000000000000000000e+00,-1.000000000000000000e+00
-1.762821274943107974e-01,3.011259281669258492e+00,1.000000000000000000e+00,-1.000000000000000000e+00
-9.711852481515134139e-01,5.403214487650630282e+00,1.000000000000000000e+00,-1.000000000000000000e+00
-4.868444438040340355e-02,4.124944288883008348e+00,1.000000000000000000e+00,-1.000000000000000000e+00
-9.439979332530402667e-01,4.172587190703715976e+00,1.000000000000000000e+00,-1.000000000000000000e+00
2.250148571346494153e-01,5.290806819092638058e+00,1.000000000000000000e+00,-1.000000000000000000e+00
3.968625436003705986e-01,5.880490843042082361e+00,1.000000000000000000e+00,-1.000000000000000000e+00
-3.701955654171850130e-01,2.527815402737758621e+00,1.000000000000000000e+00,-1.000000000000000000e+00
-8.406021020381584941e-03,3.264831320537902037e+00,1.000000000000000000e+00,-1.000000000000000000e+00
-1.607515080329112722e+00,2.919241278715538623e+00,1.000000000000000000e+00,-1.000000000000000000e+00
1.783613664796663001e-01,3.878102142631026705e+00,1.000000000000000000e+00,-1.000000000000000000e+00
-2.105443378901448170e-01,5.030121520235145915e+00,1.000000000000000000e+00,-1.000000000000000000e+00
-1.910747168645110960e+00,6.006075125655568669e+00,1.000000000000000000e+00,-1.000000000000000000e+00
-1.080945088092984729e+00,4.883477327805279877e+00,1.000000000000000000e+00,-1.000000000000000000e+00
-1.646800149688775639e+00,5.062698519236538353e+00,1.000000000000000000e+00,-1.000000000000000000e+00
-8.495427448132179425e-04,5.330798164692005514e+00,1.000000000000000000e+00,-1.000000000000000000e+00
-9.854530634864560046e-01,7.214697300942024327e+00,1.000000000000000000e+00,-1.000000000000000000e+00
4.473610727747190929e-01,4.712529083407140718e+00,1.000000000000000000e+00,-1.000000000000000000e+00
6.676808037157896392e-01,2.610889425190619839e+00,1.000000000000000000e+00,-1.000000000000000000e+00
-3.508771965948477844e-01,3.853219199778909143e+00,1.000000000000000000e+00,-1.000000000000000000e+00
1.599231724587241388e+00,3.358763303593728100e+00,1.000000000000000000e+00,-1.000000000000000000e+00
-7.079665617374204523e-01,3.423746356086968312e+00,1.000000000000000000e+00,-1.000000000000000000e+00
3.803893410615253323e-01,5.297512841664331340e+00,1.000000000000000000e+00,-1.000000000000000000e+00
1.167522329470758458e-01,4.293903416353875180e+00,1.000000000000000000e+00,-1.000000000000000000e+00
-6.188419050392504062e-01,5.291006358863625358e+00,1.000000000000000000e+00,-1.000000000000000000e+00
-5.546008199889522761e-01,4.921640656725464247e+00,1.000000000000000000e+00,-1.000000000000000000e+00
-2.444767431718256612e-01,8.138357218484909339e+00,1.000000000000000000e+00,-1.000000000000000000e+00
4.618399949209268662e-01,5.926259350360363776e+00,1.000000000000000000e+00,-1.000000000000000000e+00
2.057763957860891502e+00,5.240853358938072581e+00,1.000000000000000000e+00,-1.000000000000000000e+00
-7.086718047775310003e-01,5.989386550770493756e+00,1.000000000000000000e+00,-1.000000000000000000e+00
-3.347308456819973466e-01,5.450193324210506063e+00,1.000000000000000000e+00,-1.000000000000000000e+00
2.444322885664501399e+00,6.523282054621781789e+00,1.000000000000000000e+00,-1.000000000000000000e+00
-1.159339458453808147e+00,4.105497502781805252e+00,1.000000000000000000e+00,-1.000000000000000000e+00
1.133122524793970909e+00,4.190084466679293129e+00,1.000000000000000000e+00,-1.000000000000000000e+00
3.672315362899792324e-01,5.162598651673513395e+00,1.000000000000000000e+00,-1.000000000000000000e+00
2.597961376738691652e-01,4.839330322364310710e+00,1.000000000000000000e+00,-1.000000000000000000e+00
-3.508607671278893281e-02,5.951373840289214456e+00,1.000000000000000000e+00,-1.000000000000000000e+00
-1.545012943897500213e+00,3.850131639905334691e+00,1.000000000000000000e+00,-1.000000000000000000e+00
-1.324744344040901245e-01,3.016773557505405101e+00,1.000000000000000000e+00,-1.000000000000000000e+00
-9.377032391271636902e-01,5.378873854194558213e+00,1.000000000000000000e+00,-1.000000000000000000e+00
-4.738533028959965310e-02,6.268642207813679867e+00,1.000000000000000000e+00,-1.000000000000000000e+00
2.863372429324950730e-01,5.143954128935838810e+00,1.000000000000000000e+00,-1.000000000000000000e+00
1.680209080663126187e-01,4.867292592094303316e+00,1.000000000000000000e+00,-1.000000000000000000e+00
-1.130999441122082061e+00,4.733056800519189977e+00,1.000000000000000000e+00,-1.000000000000000000e+00
-3.973904054892661630e+00,6.172215241664093632e+00,1.000000000000000000e+00,-1.000000000000000000e+00
8.643957242057166424e-01,5.698577745350845269e+00,1.000000000000000000e+00,-1.000000000000000000e+00
-2.167402618044489138e-01,2.787144439224352954e+00,1.000000000000000000e+00,-1.000000000000000000e+00
6.848469566627384264e-01,4.528005072801888353e+00,1.000000000000000000e+00,-1.000000000000000000e+00
-3.530682167342246713e-01,4.569903026915581812e+00,1.000000000000000000e+00,-1.000000000000000000e+00
-4.650189000958491192e-01,4.626256135394333668e+00,1.000000000000000000e+00,-1.000000000000000000e+00
-6.314484223939571539e-01,4.474748842769604273e+00,1.000000000000000000e+00,-1.000000000000000000e+00
7.255280763000895305e-01,4.774277109855110446e+00,1.000000000000000000e+00,-1.000000000000000000e+00
5.822234678352772308e-01,3.892861577661996364e+00,1.000000000000000000e+00,-1.000000000000000000e+00
-1.682262197066699549e-01,5.038106029676750808e+00,1.000000000000000000e+00,-1.000000000000000000e+00
1.297722992457287297e-02,3.701406348540896118e+00,1.000000000000000000e+00,-1.000000000000000000e+00
-8.675347538084665633e-01,3.458358223940414256e+00,1.000000000000000000e+00,-1.000000000000000000e+00
-5.086706679694682487e-01,4.748489722441968652e+00,1.000000000000000000e+00,-1.000000000000000000e+00
1.512247737154699401e+00,5.631929534350276434e+00,1.000000000000000000e+00,-1.000000000000000000e+00
-7.111851038467066344e-01,6.319266368065509454e+00,1.000000000000000000e+00,-1.000000000000000000e+00
-1.159913084951456730e+00,6.604972377771150427e+00,1.000000000000000000e+00,-1.000000000000000000e+00
1.846257621773959023e-01,6.400075181530855417e+00,1.000000000000000000e+00,-1.000000000000000000e+00
1.005845906179854976e-01,5.647482719720088085e+00,1.000000000000000000e+00,-1.000000000000000000e+00
-3.061239878910861911e-01,5.080263995391188558e+00,1.000000000000000000e+00,-1.000000000000000000e+00
9.385127716246929319e-01,5.601194176113969192e+00,1.000000000000000000e+00,-1.000000000000000000e+00
6.986240036202396864e-01,5.052650574585303644e+00,1.000000000000000000e+00,-1.000000000000000000e+00
1.038545064666505313e+00,4.111609486237556510e+00,1.000000000000000000e+00,-1.000000000000000000e+00
-6.746019593466886510e-01,3.142459385567550889e+00,1.000000000000000000e+00,-1.000000000000000000e+00
-1.256965609805746897e+00,1.517433358248930109e+00,1.000000000000000000e+00,-1.000000000000000000e+00
-6.276392754849393629e-01,5.585037145790875179e+00,1.000000000000000000e+00,-1.000000000000000000e+00
3.972205251495209311e+00,-5.154079660445397559e-01,-1.000000000000000000e+00,1.000000000000000000e+00
3.864168042383812285e+00,5.190930600209469059e-01,-1.000000000000000000e+00,1.000000000000000000e+00
5.722707985444738021e+00,2.875811302631998689e+00,-1.000000000000000000e+00,1.000000000000000000e+00
6.056825042775971113e+00,1.981004493857440707e+00,-1.000000000000000000e+00,1.000000000000000000e+00
5.027103926958641722e+00,-1.835710208422750789e+00,-1.000000000000000000e+00,1.000000000000000000e+00
5.572577850282932843e+00,-2.622991753075066157e+00,-1.000000000000000000e+00,1.000000000000000000e+00
5.554285000532798833e+00,2.630526743123862143e-01,-1.000000000000000000e+00,1.000000000000000000e+00
4.680128265619114991e+00,-7.860891556207009190e-01,-1.000000000000000000e+00,1.000000000000000000e+00
6.310204797695645240e+00,4.918600864655384153e-01,-1.000000000000000000e+00,1.000000000000000000e+00
4.378860015072915779e+00,-1.009958232479136964e+00,-1.000000000000000000e+00,1.000000000000000000e+00
3.845699344928973584e+00,-5.620553071682972135e-01,-1.000000000000000000e+00,1.000000000000000000e+00
4.971430475410375749e+00,1.238287829564691744e+00,-1.000000000000000000e+00,1.000000000000000000e+00
3.482648012894411060e+00,5.293544886038092923e-01,-1.000000000000000000e+00,1.000000000000000000e+00
5.350582169288031764e+00,-1.584500130375132987e-01,-1.000000000000000000e+00,1.000000000000000000e+00
6.256274656537615719e+00,1.247367472812417555e+00,-1.000000000000000000e+00,1.000000000000000000e+00
6.600205646608815258e+00,3.292712244216396966e-01,-1.000000000000000000e+00,1.000000000000000000e+00
4.679556488974359496e+00,1.914971410219790116e-01,-1.000000000000000000e+00,1.000000000000000000e+00
4.875677887452812165e+00,2.999683569177991616e-01,-1.000000000000000000e+00,1.000000000000000000e+00
5.475784466867378519e+00,1.591798868162283770e-04,-1.000000000000000000e+00,1.000000000000000000e+00
4.466122902204931577e+00,1.226433503220900390e+00,-1.000000000000000000e+00,1.000000000000000000e+00
5.672323076372418171e+00,1.788155467385681652e+00,-1.000000000000000000e+00,1.000000000000000000e+00
6.344900762177255515e+00,1.152486500604901903e-01,-1.000000000000000000e+00,1.000000000000000000e+00
3.281637583793971302e+00,-2.024659269282885199e-01,-1.000000000000000000e+00,1.000000000000000000e+00
3.612072777353601438e+00,-2.432194350125501670e-01,-1.000000000000000000e+00,1.000000000000000000e+00
3.923795468444744028e+00,-4.274385962831034336e-01,-1.000000000000000000e+00,1.000000000000000000e+00
4.980634286359761020e+00,5.738162534266430526e-02,-1.000000000000000000e+00,1.000000000000000000e+00
5.171026603330236782e+00,2.434643251149227083e+00,-1.000000000000000000e+00,1.000000000000000000e+00
5.550832974379673601e+00,-5.130024070997793451e-02,-1.000000000000000000e+00,1.000000000000000000e+00
5.871423313940969280e+00,-1.511753400182093587e+00,-1.000000000000000000e+00,1.000000000000000000e+00
7.585070535997196828e+00,-7.032761047692885625e-02,-1.000000000000000000e+00,1.000000000000000000e+00
5.231969850648906295e+00,-1.291155200514964685e+00,-1.000000000000000000e+00,1.000000000000000000e+00
5.059505490339004652e+00,-3.499081651103217450e-01,-1.000000000000000000e+00,1.000000000000000000e+00
4.421112695905269341e+00,3.825913118230204746e-01,-1.000000000000000000e+00,1.000000000000000000e+00
4.775313642378349321e+00,-1.516668964538076203e+00,-1.000000000000000000e+00,1.000000000000000000e+00
7.327713261139003009e+00,-1.141503391956831592e+00,-1.000000000000000000e+00,1.000000000000000000e+00
5.763622173634683321e+00,2.047165136741733310e-02,-1.000000000000000000e+00,1.000000000000000000e+00
4.356585847731614614e+00,-8.116910185408127143e-01,-1.000000000000000000e+00,1.000000000000000000e+00
4.669127428738669039e+00,-3.061413557542474462e-01,-1.000000000000000000e+00,1.000000000000000000e+00
5.116253548300088383e+00,-9.857307429940139754e-01,-1.000000000000000000e+00,1.000000000000000000e+00
5.849510333706190224e+00,-1.103473802482562327e+00,-1.000000000000000000e+00,1.000000000000000000e+00
7.200920256675214404e+00,-1.085295189363047141e+00,-1.000000000000000000e+00,1.000000000000000000e+00
4.788497209380561337e+00,-3.829544011360339062e-01,-1.000000000000000000e+00,1.000000000000000000e+00
5.262270792475815639e+00,1.422524918333709087e-01,-1.000000000000000000e+00,1.000000000000000000e+00
4.330751421757522479e+00,-1.014102674717365371e+00,-1.000000000000000000e+00,1.000000000000000000e+00
3.800231562826108522e+00,-1.046274630420307217e+00,-1.000000000000000000e+00,1.000000000000000000e+00
5.000537977824709657e+00,6.120648446815298710e-02,-1.000000000000000000e+00,1.000000000000000000e+00
5.656833104008099689e+00,-1.629952661231822919e+00,-1.000000000000000000e+00,1.000000000000000000e+00
5.522472800096676515e+00,1.947880440186426643e-01,-1.000000000000000000e+00,1.000000000000000000e+00
4.963948867244930341e+00,-1.856875181288413446e+00,-1.000000000000000000e+00,1.000000000000000000e+00
5.694877395845274748e+00,-1.261583734449086336e+00,-1.000000000000000000e+00,1.000000000000000000e+00
5.564752618427355024e+00,8.865783143254971632e-01,-1.000000000000000000e+00,1.000000000000000000e+00
4.878035265093083162e+00,1.420961302341999133e+00,-1.000000000000000000e+00,1.000000000000000000e+00
5.687546021799451346e+00,-9.533911361552362962e-01,-1.000000000000000000e+00,1.000000000000000000e+00
5.550476411681020572e+00,1.232310148428464647e+00,-1.000000000000000000e+00,1.000000000000000000e+00
3.252081159468029448e+00,-1.641159801856904910e+00,-1.000000000000000000e+00,1.000000000000000000e+00
5.692927497536751424e+00,-1.344265113146664303e+00,-1.000000000000000000e+00,1.000000000000000000e+00
4.874618711128557713e+00,1.906493912346987896e-01,-1.000000000000000000e+00,1.000000000000000000e+00
4.575713622574831163e+00,-1.835139090227289327e-01,-1.000000000000000000e+00,1.000000000000000000e+00
4.777632179804980339e+00,4.512803701006860013e-01,-1.000000000000000000e+00,1.000000000000000000e+00
5.558895702893955182e+00,1.494079565674496735e+00,-1.000000000000000000e+00,1.000000000000000000e+00
5.767678673403206169e+00,-3.135989925660956790e-03,-1.000000000000000000e+00,1.000000000000000000e+00
3.269093086682461458e+00,1.525403771517503060e+00,-1.000000000000000000e+00,1.000000000000000000e+00
4.077727512158413781e+00,-1.176429642430269207e-01,-1.000000000000000000e+00,1.000000000000000000e+00
4.376951202753360803e+00,-1.146429261819517764e+00,-1.000000000000000000e+00,1.000000000000000000e+00
5.810299591218042181e+00,-1.515005565649036656e+00,-1.000000000000000000e+00,1.000000000000000000e+00
5.123795005033593419e+00,4.184668162020769855e-01,-1.000000000000000000e+00,1.000000000000000000e+00
4.892629858245048702e+00,-6.515579246734911623e-01,-1.000000000000000000e+00,1.000000000000000000e+00
6.765648729945393569e+00,1.322724484626488062e+00,-1.000000000000000000e+00,1.000000000000000000e+00
4.695527023850368131e+00,-5.685203348980983895e-01,-1.000000000000000000e+00,1.000000000000000000e+00
5.106844384268233838e+00,-8.562191589891412491e-01,-1.000000000000000000e+00,1.000000000000000000e+00
4.919482699262956338e+00,1.708957995435654853e+00,-1.000000000000000000e+00,1.000000000000000000e+00
5.500646793786279964e+00,1.673932286820016824e-01,-1.000000000000000000e+00,1.000000000000000000e+00
4.915976248912740765e+00,-9.250833322268995351e-01,-1.000000000000000000e+00,1.000000000000000000e+00
5.918671310675096109e+00,-2.383392941989096458e-01,-1.000000000000000000e+00,1.000000000000000000e+00
6.057123464517393252e+00,-2.782518756972005569e+00,-1.000000000000000000e+00,1.000000000000000000e+00
5.889897920703342393e+00,-2.078503031457936134e-01,-1.000000000000000000e+00,1.000000000000000000e+00
5.221042943356206223e+00,4.051482151125291309e-01,-1.000000000000000000e+00,1.000000000000000000e+00
5.074399127130823750e+00,7.047465929482786828e-01,-1.000000000000000000e+00,1.000000000000000000e+00
5.273154869905114062e+00,6.054280680061218112e-01,-1.000000000000000000e+00,1.000000000000000000e+00
6.012491650772867402e+00,-7.871737588911533745e-01,-1.000000000000000000e+00,1.000000000000000000e+00
5.889604818467356395e+00,-1.444409925863199051e+00,-1.000000000000000000e+00,1.000000000000000000e+00
7.194590591262432611e+00,-7.703898220313138978e-01,-1.000000000000000000e+00,1.000000000000000000e+00
3.415294868556050467e+00,-1.155763861148531468e+00,-1.000000000000000000e+00,1.000000000000000000e+00
4.509698298445417919e+00,6.171268956744062617e-01,-1.000000000000000000e+00,1.000000000000000000e+00
5.373653264364103066e+00,7.495641201759173367e-01,-1.000000000000000000e+00,1.000000000000000000e+00
4.901520149243812519e+00,-5.076107244360050785e-01,-1.000000000000000000e+00,1.000000000000000000e+00
4.973982394834431275e+00,-4.937944112401433938e-01,-1.000000000000000000e+00,1.000000000000000000e+00
6.280238393440944478e+00,-8.043403125531993769e-01,-1.000000000000000000e+00,1.000000000000000000e+00
5.558601502723579557e+00,6.944578983220829338e-01,-1.000000000000000000e+00,1.000000000000000000e+00
4.473960214209668607e+00,-6.481471037033331717e-02,-1.000000000000000000e+00,1.000000000000000000e+00
4.352126703055637869e+00,8.105253699524326283e-01,-1.000000000000000000e+00,1.000000000000000000e+00
5.012821040444780607e+00,-5.925490579775320732e-02,-1.000000000000000000e+00,1.000000000000000000e+00
5.697781885701409976e+00,2.661808123341434240e-01,-1.000000000000000000e+00,1.000000000000000000e+00
3.825142089663359890e+00,1.754640997050992857e+00,-1.000000000000000000e+00,1.000000000000000000e+00
5.129065307911162996e+00,4.120460721054377551e-01,-1.000000000000000000e+00,1.000000000000000000e+00
6.069301760180404237e+00,9.678933148263962893e-01,-1.000000000000000000e+00,1.000000000000000000e+00
5.165941388943100065e+00,-4.642744541653473500e-01,-1.000000000000000000e+00,1.000000000000000000e+00
4.894861924797329955e+00,-1.204937942308554444e+00,-1.000000000000000000e+00,1.000000000000000000e+00
6.848194653209100480e+00,1.000400882563072136e+00,-1.000000000000000000e+00,1.000000000000000000e+00
4.887228234024938445e+00,-7.858628496140255271e-01,-1.000000000000000000e+00,1.000000000000000000e+00
4.231884724279144194e+00,5.714458252740822530e+00,-1.000000000000000000e+00,-1.000000000000000000e+00
4.688932436831518835e+00,4.930465000977366508e+00,-1.000000000000000000e+00,-1.000000000000000000e+00
5.738535080309037362e+00,6.336155220595208526e+00,-1.000000000000000000e+00,-1.000000000000000000e+00
5.402235239828592661e+00,4.999318929429153791e+00,-1.000000000000000000e+00,-1.000000000000000000e+00
4.079373643064022836e+00,4.791952178396137185e+00,-1.000000000000000000e+00,-1.000000000000000000e+00
4.988509627387993639e+00,4.043378184085061555e+00,-1.000000000000000000e+00,-1.000000000000000000e+00
3.332178440177259837e+00,4.419638199311638260e+00,-1.000000000000000000e+00,-1.000000000000000000e+00
4.371969493238828441e+00,3.964975465630690366e+00,-1.000000000000000000e+00,-1.000000000000000000e+00
5.667735557463694285e+00,4.954756625331889985e+00,-1.000000000000000000e+00,-1.000000000000000000e+00
4.104504650359482198e+00,5.959127785116873355e+00,-1.000000000000000000e+00,-1.000000000000000000e+00
4.948342727683981757e+00,4.923988836378080158e+00,-1.000000000000000000e+00,-1.000000000000000000e+00
5.525317688844702424e+00,4.311023249606084740e+00,-1.000000000000000000e+00,-1.000000000000000000e+00
4.874739925794851381e+00,4.111039743560869653e+00,-1.000000000000000000e+00,-1.000000000000000000e+00
5.574126532708192805e+00,5.641283709044394357e+00,-1.000000000000000000e+00,-1.000000000000000000e+00
6.996389723840152008e+00,6.436606147456153337e+00,-1.000000000000000000e+00,-1.000000000000000000e+00
5.646251468501616522e+00,5.238235341086322272e+00,-1.000000000000000000e+00,-1.000000000000000000e+00
5.275317090877365445e+00,6.189492893128554662e+00,-1.000000000000000000e+00,-1.000000000000000000e+00
6.839653289278992965e+00,5.434763080900251175e+00,-1.000000000000000000e+00,-1.000000000000000000e+00
3.987684138107582044e+00,4.976337015452058310e+00,-1.000000000000000000e+00,-1.000000000000000000e+00
3.587401233904939701e+00,4.110294310820669317e+00,-1.000000000000000000e+00,-1.000000000000000000e+00
4.669898198373689802e+00,4.006289242217733637e+00,-1.000000000000000000e+00,-1.000000000000000000e+00
5.089131993657833419e+00,4.716395672382249771e+00,-1.000000000000000000e+00,-1.000000000000000000e+00
4.993348967285373696e+00,6.635697371691920310e+00,-1.000000000000000000e+00,-1.000000000000000000e+00
5.580704663849720859e+00,5.283319211844670349e+00,-1.000000000000000000e+00,-1.000000000000000000e+00
4.172671649003939720e+00,5.268328397870400082e+00,-1.000000000000000000e+00,-1.000000000000000000e+00
3.007901367628245559e+00,3.256420060861985100e+00,-1.000000000000000000e+00,-1.000000000000000000e+00
4.451164836220301346e+00,4.893275768618368993e+00,-1.000000000000000000e+00,-1.000000000000000000e+00
4.609577569866346813e+00,3.882006272314383111e+00,-1.000000000000000000e+00,-1.000000000000000000e+00
6.074964782338599711e+00,4.331577986190649376e+00,-1.000000000000000000e+00,-1.000000000000000000e+00
5.597898976761655376e+00,6.515675364183262097e+00,-1.000000000000000000e+00,-1.000000000000000000e+00
4.292882425339843877e+00,3.657797888214552540e+00,-1.000000000000000000e+00,-1.000000000000000000e+00
4.009657034583666402e+00,4.997396006278743918e+00,-1.000000000000000000e+00,-1.000000000000000000e+00
6.187348570174068030e+00,4.334725012593136029e+00,-1.000000000000000000e+00,-1.000000000000000000e+00
3.467576232111971635e+00,4.829343405300532410e+00,-1.000000000000000000e+00,-1.000000000000000000e+00
5.558190114258366066e+00,3.514367984519562338e+00,-1.000000000000000000e+00,-1.000000000000000000e+00
6.289937157705630888e+00,3.660966571821631543e+00,-1.000000000000000000e+00,-1.000000000000000000e+00
5.195343973209697985e+00,5.134839056574151961e+00,-1.000000000000000000e+00,-1.000000000000000000e+00
3.018487814365966138e+00,4.461686977721130987e+00,-1.000000000000000000e+00,-1.000000000000000000e+00
3.819738882758437537e+00,4.910579394323574043e+00,-1.000000000000000000e+00,-1.000000000000000000e+00
4.142981117741053154e+00,3.954401827892071619e+00,-1.000000000000000000e+00,-1.000000000000000000e+00
4.967395701182065082e+00,3.511099819338203698e+00,-1.000000000000000000e+00,-1.000000000000000000e+00
5.253810332037074815e+00,3.960807260755843107e+00,-1.000000000000000000e+00,-1.000000000000000000e+00
5.384653700481372596e+00,4.152851814644928474e+00,-1.000000000000000000e+00,-1.000000000000000000e+00
5.335877758974331364e+00,4.268686680122065091e+00,-1.000000000000000000e+00,-1.000000000000000000e+00
4.773316661469795719e+00,3.500579534284083749e+00,-1.000000000000000000e+00,-1.000000000000000000e+00
5.316375282584582251e+00,4.062952760057580548e+00,-1.000000000000000000e+00,-1.000000000000000000e+00
5.517236920102036812e+00,5.726516132666210623e+00,-1.000000000000000000e+00,-1.000000000000000000e+00
4.814148505258430966e+00,3.747730975688587485e+00,-1.000000000000000000e+00,-1.000000000000000000e+00
5.596015735960198079e+00,2.395629415332947154e+00,-1.000000000000000000e+00,-1.000000000000000000e+00
4.607278455522775040e+00,4.313458540802900032e+00,-1.000000000000000000e+00,-1.000000000000000000e+00
5.527111983311471022e+00,4.201293433331066751e+00,-1.000000000000000000e+00,-1.000000000000000000e+00
5.499749446434595512e+00,4.327104689557311978e+00,-1.000000000000000000e+00,-1.000000000000000000e+00
3.598713460743435455e+00,4.798656876785240222e+00,-1.000000000000000000e+00,-1.000000000000000000e+00
5.962115571252187607e+00,5.654090339035413137e+00,-1.000000000000000000e+00,-1.000000000000000000e+00
3.913876245526163977e+00,5.078847335888344361e+00,-1.000000000000000000e+00,-1.000000000000000000e+00
5.506419885610780440e+00,6.631118103239641570e+00,-1.000000000000000000e+00,-1.000000000000000000e+00
4.779837174190140203e+00,4.522040762337100617e+00,-1.000000000000000000e+00,-1.000000000000000000e+00
4.709487937273343583e+00,3.986616937475149669e+00,-1.000000000000000000e+00,-1.000000000000000000e+00
5.843305104381773418e+00,4.161344954663356077e+00,-1.000000000000000000e+00,-1.000000000000000000e+00
5.106561858962096245e+00,5.316975208827347643e+00,-1.000000000000000000e+00,-1.000000000000000000e+00
4.942733633902316903e+00,4.532477587645264983e+00,-1.000000000000000000e+00,-1.000000000000000000e+00
6.416148810657435142e+00,4.675789130784147041e+00,-1.000000000000000000e+00,-1.000000000000000000e+00
5.068364264668166363e+00,6.586968691023541211e+00,-1.000000000000000000e+00,-1.000000000000000000e+00
6.586413573941140243e+00,3.624542232834240707e+00,-1.000000000000000000e+00,-1.000000000000000000e+00
4.655962928152574065e+00,3.217288262139335497e+00,-1.000000000000000000e+00,-1.000000000000000000e+00
4.962908158400529679e+00,5.070370829971912130e+00,-1.000000000000000000e+00,-1.000000000000000000e+00
6.539766970918650557e+00,5.088398304483666479e+00,-1.000000000000000000e+00,-1.000000000000000000e+00
5.822631316583566807e+00,6.657071061845300619e+00,-1.000000000000000000e+00,-1.000000000000000000e+00
5.657298746132357614e+00,4.208707822062114801e+00,-1.000000000000000000e+00,-1.000000000000000000e+00
5.718138114516008841e+00,5.650910104373429554e+00,-1.000000000000000000e+00,-1.000000000000000000e+00
5.241133268965868730e+00,4.734387793617255369e+00,-1.000000000000000000e+00,-1.000000000000000000e+00
5.449957017068514986e+00,4.501499427820913724e+00,-1.000000000000000000e+00,-1.000000000000000000e+00
4.049267249512285893e+00,5.632847783416262466e+00,-1.000000000000000000e+00,-1.000000000000000000e+00
4.327306569006176495e+00,3.622000786930348770e+00,-1.000000000000000000e+00,-1.000000000000000000e+00
6.401734106156631299e+00,5.390904328731023654e+00,-1.000000000000000000e+00,-1.000000000000000000e+00
5.013020581041919499e+00,4.902207621742731725e+00,-1.000000000000000000e+00,-1.000000000000000000e+00
3.942873562532055232e+00,4.287544240473659229e+00,-1.000000000000000000e+00,-1.000000000000000000e+00
4.781157198472391734e+00,3.564036151336185121e+00,-1.000000000000000000e+00,-1.000000000000000000e+00
4.224655140094278671e+00,4.423785337307072574e+00,-1.000000000000000000e+00,-1.000000000000000000e+00
5.845989992109156930e+00,5.555159599994263786e+00,-1.000000000000000000e+00,-1.000000000000000000e+00
4.733427989205402753e+00,4.260340574635738342e+00,-1.000000000000000000e+00,-1.000000000000000000e+00
5.297128184175398324e+00,4.025907586894339474e+00,-1.000000000000000000e+00,-1.000000000000000000e+00
4.430442563284211488e+00,5.456822607431812244e+00,-1.000000000000000000e+00,-1.000000000000000000e+00
4.238250168529289930e+00,6.866430471487466214e+00,-1.000000000000000000e+00,-1.000000000000000000e+00
6.370006436952781570e+00,3.846156777123870274e+00,-1.000000000000000000e+00,-1.000000000000000000e+00
4.277487115054478650e+00,5.977003272433946357e+00,-1.000000000000000000e+00,-1.000000000000000000e+00
5.379485790354181063e+00,5.410416489675924367e+00,-1.000000000000000000e+00,-1.000000000000000000e+00
5.012444584633932720e+00,4.087805093319837546e+00,-1.000000000000000000e+00,-1.000000000000000000e+00
5.964699737738976992e+00,4.148993602173181472e+00,-1.000000000000000000e+00,-1.000000000000000000e+00
4.998106774958429810e+00,5.753648958930969393e+00,-1.000000000000000000e+00,-1.000000000000000000e+00
4.979005534427769497e+00,6.930795619029982646e+00,-1.000000000000000000e+00,-1.000000000000000000e+00
4.582569003906897365e+00,4.247887767000571912e+00,-1.000000000000000000e+00,-1.000000000000000000e+00
4.642705657829497845e+00,4.644340696227559739e+00,-1.000000000000000000e+00,-1.000000000000000000e+00
4.284608156907193433e+00,6.250752583627249948e+00,-1.000000000000000000e+00,-1.000000000000000000e+00
5.526506185815332373e+00,4.415664144075891251e+00,-1.000000000000000000e+00,-1.000000000000000000e+00
3.713896944560559188e+00,6.117714885144444281e+00,-1.000000000000000000e+00,-1.000000000000000000e+00
4.886578636590881430e+00,2.687394889615781768e+00,-1.000000000000000000e+00,-1.000000000000000000e+00
6.577733677457456629e+00,6.368746019161969585e+00,-1.000000000000000000e+00,-1.000000000000000000e+00
4.559641814428465167e+00,4.725406592923447668e+00,-1.000000000000000000e+00,-1.000000000000000000e+00
5.575499869229548544e+00,5.922618348571079494e+00,-1.000000000000000000e+00,-1.000000000000000000e+00
